0.7561856342213148
0.7769587121868812
0.6949350121943847
0.775757489499491
0.7613264062569793
0.7140907677881675
0.7476787932291765
0.7325090546136189
0.7536840269593941
0.7070170742679551
0.7525912155846428
0.7485061417175779
0.7208279671294503
0.6619792358263975
0.7190889559842557
0.6408873408362572
0.7190896316080739
0.7197130730653468
0.7431265680411087
0.7073490162645678
0.7238837400338604
0.7364436937638847
0.7094866722599731
0.7891842826265918
0.7508200585848737
0.803883595962627
0.7265639065369794
0.7629344039270275
0.7462960009819632
0.7289540574913559
0.7084898429196594
0.7107112988453482
0.7576591449531708
0.7551512755618232
0.6872132758640285
0.8195697808057761
0.6815534788688964
0.720187425872247
0.6939712835634047
0.7092247510291723
0.716036440680903
0.7148267680181464
0.7675876362780906
0.6760215323164989
0.7309952455663159
0.7038580431041036
0.7211580309576745
0.772255733385334
0.677582252319203
0.7368930965595606
0.7089736682404645
0.6990985811936645
0.6954303382822449
0.6936109199334831
0.6783230068629805
0.7348008405127968
0.7299844337112297
0.7594150039259056
0.6694566025563705
0.7369691081689135
0.6832039156453402
0.6625889653318298
0.7302193639277924
0.6706774788486259
0.7300249352029631
0.7765555959398966
0.669223418356308
0.7547100268680784
0.6996716154398831
0.7238522862940219
0.800993617579288
0.746861829116973
0.7409613467366011
0.7552132018535346
0.7540472528613567
0.6796973353614448
0.6921380165618024
0.7159577549980901
0.7851238990106193
0.7018901425509907
0.7015642348221114
0.7516250389060182
0.6322988561520911
0.7488903585132243
0.7569648910819649
0.6883552262685256
0.7476066638527764
0.7098762996081466
0.7640370465018694
0.7627759925642893
0.7055545798466101
0.7827439226183692
0.7072599315101035
0.7810325762740877
0.740300805622823
0.6852873455089463
0.7650269605698791
0.7018468232677856
0.7420822905653686
0.7112153305078369
0.7260019337091734
0.6998344457259542
0.6790746103466824
0.6576425556376873
0.7064520632759766
0.7710172941591249
0.7273302510246534
0.7076286420272598
0.6774860759139483
0.7029936642860075
0.7647027590792028
0.7255056402010475
0.7615469532215017
0.6668783585373471
0.7185764816962787
0.7611179649016909
0.749890884350362
0.7558586667261776
0.7701414143718331
0.7796567429056099
0.6466693140191373
0.8147741911692622
0.7135084578821961
0.742186755768294
0.8157322165119345
0.6692092070227634
0.7396255663280717
0.7288458238908737
0.6989197417345223
0.7579588693868069
0.713095840092096
0.7377272592333363
0.7541689797686363
0.7121856788571448
0.7365680244777347
0.6970405940380325
0.7077394450215474
0.7047385025576013
0.7582300504586179
0.7935215218140564
0.7081508861397369
0.759020899781877
0.7669967050416476
0.7263037018621833
0.759048929372441
0.7443547226555745
0.7218177910792349
0.7443218362615918
0.7484974880248748
0.797668338302021
0.7654162347970207
0.7175455685186701
0.6557614051196702
0.7402634302184669
0.8640606991232975
0.756196463653082
0.7292266932133361
0.7596638941093917
0.7007222268195694
0.7938117563953284
0.7073473122430031
0.6831094172171553
0.6942262844273621
0.6851858918882145
0.7308780941254576
0.6906969541298037
0.7420413640227419
0.7486981802426874
0.6431754620149498
0.7273331648813374
0.7700077073794436
0.6726732670073394
0.7229915194591007
0.7158188075389949
0.782678412569789
0.6722579707143397
0.6913457779777239
0.6888884414237814
0.7200778594932007
0.7198923421176648
0.7428729775160738
0.6713139051077558
0.7131930214489212
0.7492510245281208
0.7032845583199163
0.6988614879727465
0.7273576181232986
0.7410019457002689
0.6636536532966316
0.6925797438250447
0.7095413761446588
0.744129746697589
0.7710346596240072
0.6781816758522415
0.760190739356749
0.6868191532743634
0.6487986702158114
0.7893628798091072
0.7064478559856034
0.7281153585536824
0.6864719886106997
0.7513701397158651
0.7175967436957056
0.6636553745893979
0.7033141459980911
0.7585743438860745
0.7340125080154987
0.7222940901033549
0.7155172386308167
0.6893003482923344
0.7390032237633659
0.6915775717536956
0.7320154775687685
0.6999700004014259
0.7463347131790059
0.7161090679572744
0.7090853290229423
0.7343834077365429
0.770960201749394
0.6895789601381083
0.7341565668819303
0.6472788478459167
0.742923336987969
0.7306349259345495
0.7208259336213626
0.703655813686956
0.753778503489271
0.799984562370428
0.7043539708515137
0.7287024583861321
0.7712731531824119
0.7703579749756261
0.70648206171373
0.6866342928329434
0.7016304140009304
0.757999831838028
0.7888724674596285
0.710371508688858
0.7432624392585547
0.702903835939551
0.7231682222736451
0.6620721395275074
0.7821738967698975
0.7252712934205965
0.6996838634976588
0.6786882028828157
0.7177990365533101
0.7159911434709333
0.6835609314828773
0.6927183986155249
0.7105004159612834
0.6739906980880662
0.6967390806997361
0.7008441101722922
0.6710095157631468
0.6573224852022606
0.6155182767776265
0.7476804923060084
0.7463094774609528
0.7469505050778541
0.6732988958691263
0.8164121470422827
0.7487427870561155
0.7077607540398604
0.6955981170553941
0.7258040492714858
0.7496715717667364
0.7301037149116159
0.7692030933107503
0.819150761055565
0.7231705914833985
0.6652671584199475
0.7378803494198791
0.7143331848489982
0.6957635635368922
0.7698789064254534
0.7711708056303861
0.6457282332482945
0.7206028281514449
0.7865704754432447
0.7221772789584023
0.6384081228147634
0.7325029555235545
0.7003620587912831
0.7638901231469769
0.6877723547728241
0.7988923253398965
0.686562304470872
0.7148792720306417
0.7368118022392149
0.6527608961922801
0.718423339251616
0.7138726973360431
0.6661308268818374
0.6804901269763372
0.7201377075689943
0.7175365264232741
0.7280609821247043
0.7249983099885509
0.7352722200400855
0.7555125438139829
0.6854386112504752
0.6625252529783627
0.7303338853992704
0.7588133338968387
0.6920111055464445
0.7043146074078919
0.7603124558138601
0.706869242663557
0.6771084644318991
0.6930336422220559
0.705758669698573
0.7717339710766015
0.6925170133141824
0.7524308308514793
0.6645728399217926
0.7179893540334431
0.7908620106730119
0.7085691035077023
0.6962297931320084
0.7404477376380062
0.7041718537843038
0.7384754757764059
0.7343953664560181
0.756906205034176
0.76456339420392
0.6553417949454136
0.7088206219367198
0.7509406308330502
0.7438972248765551
0.7374097389755666
0.6996765491435053
0.768978949062436
0.7443520193258855
0.7058611314218094
0.6561609391678112
0.6647361682583242
0.7559800705310601
0.7576556202372675
0.7414386887759066
0.7772111062199899
0.7299601369185829
0.6809586669446714
0.7557676306570364
0.7840869180960804
0.7319570392749009
0.7389299197130477
0.8096541972759055
0.7717185059091318
0.6396536509540478
0.7677280595580946
0.6448248263965604
0.7242818677659448
0.6515124789292884
0.7341998589798315
0.7663121675695111
0.7235617144324292
0.7025904747577916
0.76126205903883
0.7543561708852906
0.7275940594341079
0.6748444595520969
0.7465289577058
0.7794602240390813
0.747050065911188
0.6619581330725973
0.7655922993005873
0.7548071376297022
0.7366716469408581
0.7343166901620526
0.7728586050742756
0.74620718273901
0.7303843356215338
0.7423276210829244
0.7187196713777806
0.7519643347347039
0.7290786773345139
0.7295169975709758
0.7074565055764243
0.6404720553956892
0.6770167287216602
0.7105982092709444
0.7586595734940046
0.7347897458418842
0.7070852683738107
0.7132276161049502
0.7211826488704799
0.7754103157180683
0.753353113473229
0.6910179691949306
0.6992189133872724
0.7095363023366307
0.6553874427066724
0.6971837083258737
0.7905083488518055
0.6935426657672016
0.688974971919213
0.7285509850095024
0.6552147094831108
0.7265424200276482
0.6788139427517678
0.7348388560602438
0.7707616452725949
0.6880856381823124
0.7143302506797582
0.7329206212942194
0.7167254065666386
0.7676887366480031
0.6725720288078698
0.7278221142792259
0.6946267550284628
0.7682206304253205
0.7229693882849316
0.771112300230465
0.74695838362119
0.6578273857072386
0.7341173495611525
0.7138483238983178
0.7387415087289203
0.7548962870733962
0.7528888129657411
0.6804132891232789
0.7276640365189636
0.7775571429552436
0.6524478735550258
0.7360082641587603
0.7586732620831086
0.719416636809314
0.8158253599270493
0.7360412344655807
0.7287892056993535
0.7607872179230359
0.7999369801189816
0.7200397713671719
0.737662010981332
0.7057951819870126
0.7402158428253685
0.6664119109385946
0.7365919872762844
0.6798037858150906
0.636257242202791
0.7349651154270855
0.7057751427129307
0.7147887906252512
0.7252585889871578
0.7608172960576546
0.7133884886625806
0.6529071297278726
0.6469123621614962
0.6645348218506905
0.6876202290995295
0.6850299474850927
0.7114447830119397
0.6680068586175684
0.6963387663233368
0.7668284897016516
0.6851369346124468
0.7498789648237695
0.6889472785810269
0.7287701428183594
0.768708550245264
0.7456199667902503
0.6421590318805795
0.677469172737888
0.7697013390137052
0.7742723610236127
0.691091183127513
0.7582027702390463
0.6595452752028291
0.722296355430841
0.7054049430013885
0.7148215973333747
0.7310888833554078
0.6866190246273579
0.7532507111109199
0.6955735290775765
0.7888089903134403
0.6984996992387803
0.7561112142795168
0.7581271470804152
0.7348015682372633
0.678821027704779
0.7754183035098632
0.7195144343817216
0.7656308372738275
0.7096031175576517
0.7262480838299163
0.7381334616125577
0.7485070682691055
0.7281535725407634
0.6793975725622329
0.741497742433127
0.7168995327467382
0.7018786294211106
0.7038657586793519
0.7699429153338171
0.7422528326905163
0.7175657283060654
0.742154642569344
0.6869586802057487
0.8025073273712029
0.7563911455186504
0.7396089735915984
0.785168114068124
0.7243195866950642
0.6950500818785017
0.7175989369028912
0.7189822618476
0.7625900961734916
0.7145907245206055
0.7031001377745291
0.6301129415004018
0.7215753915970431
0.8209400987388022
0.6893436259852489
0.6355263990160694
0.6771683330031656
0.59430238435889
0.766094491717483
0.7272285685066796
0.7442037528901668
0.7382694423236644
0.7447823610442541
0.7312902619879561
0.7170017430119537
0.7558760039533471
0.7083456346791387
0.7748672275631722
0.7649244259669157
0.7394257906185783
0.6663086779698933
0.7355936081997705
0.7236515167754027
0.7037416910274523
0.7127083572444143
0.6976687894615303
0.7381445574978321
0.7247095968128319
0.7432342951471104
0.7025075689533089
0.7377688811395756
0.7024808375994158
0.7367650470593712
0.8178434635277589
0.7198594468247168
0.6626378840129779
0.6993938503172334
0.7065480662982434
0.7421724815190147
0.7033534181709507
0.7022560365768962
0.6884698417321414
0.6814415782640868
0.7642501458766044
0.6663273699958704
0.6882567594356982
0.7484218928687632
0.742832134238908
0.7526280031767019
0.654306884260253
0.7156949438596114
0.7177657989650651
0.679508277680413
0.7730538735770811
0.7695248697777651
0.7225625657384329
0.7241835866522922
0.7708342752439357
0.7337689133762791
0.7386578155461325
0.7591317667972957
0.7193094971468948
0.7250439441323681
0.7053244894020625
0.6619303041116867
0.8000999690808104
0.6919919708315218
0.736879812510301
0.712499016133337
0.6993931470042635
0.7609238251878522
0.7399370167421945
0.7122789342804392
0.7331978489166696
0.6661268402178583
0.6960386845563467
0.7357801246606333
0.7596960505246741
0.7268963891390305
0.6920880932413113
0.6993420213724012
0.6563149931927895
0.7471511135407768
0.754241144721215
0.7259162471072358
0.7147348218986375
0.7260345020571389
0.6902830021699522
0.6684054186690518
0.6967838485543727
0.7488404621348183
0.7291416554052514
0.7188024134055813
0.6966627314595423
0.7582519598271182
0.7193942413135339
0.760896558891484
0.6833297710740659
0.6862200485655261
0.7618530052304942
0.722163999075002
0.9635014303125882
0.7386694994234516
0.8093929571661828
0.6955276857956273
0.736499167281907
0.7720621674826639
0.7252541606142351
0.7071465127119753
0.7323824766405067
0.7204005247328805
0.7266558953738312
0.6893376570774054
0.7682816412186801
0.6821010591434141
0.7187621783293556
0.746709855279372
0.7586305363933914
0.7393985024717682
0.6859235777633503
0.7085083082285581
0.7947182235039615
0.6928033478878955
0.7651258798280672
0.7596156314658642
0.744918866590977
0.6802000401393937
0.7083126463908954
0.7518282467117261
0.7763751122860367
0.7227720621456158
0.7308521829821292
0.7637685870912119
0.7068715925321892
0.7542833767600757
0.6952636199634702
0.7469507262187327
0.7461482815296719
0.7082570193971433
0.756207313567449
0.7020137612249719
0.768235606251623
0.7349510081150268
0.6987242356369283
0.6895631876674541
0.6913665437185493
0.7679647391873853
0.6792222857329687
0.7571921397845396
0.6839523458837391
0.720013155390312
0.7095999557995087
0.7171356405489704
0.7264264156056373
0.7358683241971975
0.7671701389024903
0.7433146141485928
0.7111428614691008
0.7856900193357168
0.698528981919523
0.6967523830964858
0.7381860640391272
0.7535241313196255
0.7720519255809584
0.7196023970253277
0.7212206365404354
0.7189714111082565
0.6761720890206547
0.8092432474093237
0.7427290643283824
0.7013618296166979
0.7232477191976606
0.6279393197907888
0.7015123242375899
0.7033028412752935
0.7508110817597211
0.726466523726193
0.7553567145931823
0.7320452428755942
0.7780753422605758
0.7377924733313052
0.7548223064509094
0.726743780319743
0.7210760624117242
0.6823605901751344
0.7541517411317437
0.7770059932720894
0.6849979000779878
0.5703574119024993
0.7640662422000256
0.6836401202225286
0.693840308734783
0.7356160552221815
0.7155381638081829
0.7412879983868134
0.6804320303360065
0.709737447133766
0.6673046913416002
0.616885347951714
0.6992354958001084
0.7917998827687543
0.7415751286370252
0.6786425353253881
0.6921534234686515
0.7063110642888976
0.7608318874683401
0.7666252948293224
0.7867482857518211
0.7333990886261947
0.815050589855009
0.6930483762550926
0.7245596475982969
0.7738244119959028
0.6615083542368403
0.6709337103057699
0.6647900213572459
0.7318901735660329
0.6976261036817317
0.7897934171759736
0.7271212557529946
0.7120186451101204
0.7197446521877968
0.7543930243362746
0.788251529098401
0.7383314941994605
0.7276926954262436
0.7409992807043737
0.7481154073154843
0.7231668142867776
0.7817897357239765
0.7039108896456693
0.705364795846707
0.7068583137032588
0.7640717217728967
0.7035008305166286
0.7047098571721836
0.7655428798234177
0.730909346120324
0.7623277260017823
0.7295706419338639
0.7300755252568909
0.8350157375037762
0.6902028016806462
0.7269452431695096
0.7520314485395695
0.7386199198185015
0.7329229937074294
0.7559414829085362
0.7276382509130144
0.7187571459191284
0.7132830120642267
0.7267967237411447
0.7246179141456619
0.769829518985386
0.7670453958543668
0.7234386034951032
0.7295204543845832
0.7484452911225143
0.7926169393789758
0.7522834793255683
0.7642851042628872
0.7150485515735395
0.7419122758802551
0.7034741994390888
0.6967861420858293
0.6861373346934719
0.714718659977342
0.678249029856704
0.6672152742648326
0.647564336178608
0.6941648001796398
0.6762011963246648
0.7920926618504882
0.7834362328814677
0.7210216417406321
0.7472776246489384
0.7845438329133572
0.6515372670082138
0.690699528860354
0.6957389048446875
0.7287484895352805
0.6445474310811243
0.6699297204570669
0.7217530787322817
0.6743550192437183
0.7756245009737287
0.7411134627330381
0.7151002606400146
0.6422799629617972
0.7043230250656849
0.7128383514515441
0.7338897439264762
0.7204570787938379
0.6981634557235825
0.703896244909906
0.7223459891483355
0.7379574750929329
0.7218579698857159
0.7196839581949627
0.7321922650153795
0.7535225549903032
0.7001249329908328
0.6132940916548194
0.6926343571373291
0.727520275507915
0.7544909872844338
0.7573748405613248
0.7807468747408742
0.7121984997333726
0.7442402098519062
0.6681913335642292
0.7218733939362642
0.7700315772467219
0.6556525757230248
0.7586019863195537
0.6606941172359845
0.7353244463555312
0.7037755231593096
0.7095160145848767
0.6944885088735945
0.7367430815008292
0.704193364342292
0.7136552856279684
0.7541583018490676
0.7361651734918923
0.7167498588448101
0.7254589883241964
0.719416099041057
0.7216919728058709
0.750738038754107
0.7844080914106673
0.7313256566324781
0.6478080049064904
0.658797676321862
0.7922233719711527
0.7675313365586952
0.7060643949521485
0.732231488526281
0.7149111513758666
0.722142982588552
0.7108792660272367
0.7432236615353756
0.7190756939959545
0.7103722856308525
0.6926078772798806
0.7472849020842769
0.7818386558545017
0.7424185551012673
0.7410179886742362
0.721000654872182
0.7564866418945536
0.7077032544070353
0.6508446974322258
0.7660005290739044
0.7133776247817287
0.7248939245308131
0.7323007781143087
0.7194445576292959
0.7290719647622855
0.7047050315112025
0.7397034391508958
0.7752543660136754
0.7653488557149083
0.6853093534175119
0.6736567970802575
0.7630028071146759
0.7257279661161615
0.710836786139007
0.7638678437089743
0.7068750368784945
0.694047648566096
0.6874915483664275
0.7254598262171331
0.7307994488007632
0.7683291983410254
0.7075347558781332
0.7098311744623391
0.6950923782068237
0.7351838304228502
0.7387069613533447
0.7523379502451288
0.7267299490151636
0.729422764029098
0.772417742133061
0.6868518630361458
0.6828445950907456
0.7483157453136888
0.7311037598100766
0.7562189862784436
0.680785260311153
0.7767006328968826
0.7534449614295318
0.705889935912194
0.695183256667458
0.7254780003908046
0.7689284241409576
0.7318169979526645
0.7677256523479332
0.7159997784272597
0.776055143498537
0.6849035214951129
0.7802321203095395
0.6872306356778337
0.712937337370925
0.725601655930118
0.7058625092204658
0.6874724861712066
0.7436384772313134
0.7201890852025308
0.7759849425484583
0.7739832368489423
0.7266947872204897
0.8532160004874586
0.7046425615899427
0.7593541904107667
0.7947079293712366
0.7458833512098408
0.7350808295333691
0.7473688925973777
0.7778930859783316
0.7408667785617042
0.7608007302588679
0.7295801768050165
0.7356506537864617
0.7190411316137635
0.7708103706929169
0.7536726435864302
0.7365049084837824
0.736837301055342
0.7210247948375612
0.680325924637671
0.7617520868408643
0.7549477146699675
0.7408014063727548
0.7431158780833879
0.7440599827335763
0.6767222855002977
0.6600577148695563
0.7292293512464938
0.7175263107812846
0.7156727083120588
0.7560382477003664
0.6708564358759744
0.6998729750306076
0.7217868329019116
0.6818427432701744
0.7421783067429107
0.7558491981229245
0.6759211558334376
0.7147804719584395
0.7024961253479692
0.7247400983309014
0.7320887180539876
0.7811661913190953
0.7260957196732484
0.6913213160119751
0.7062267040454021
0.7068512118016872
0.7386326619441295
0.7552861113490802
0.7519379801432401
0.7164095550095453
0.7839906932580625
0.749241683661859
0.707180761194148
0.74356695897063
0.7442875261704224
0.7989624465994458
0.7414756993016374
0.6780831756900693
0.6595100318422079
0.7364523503045882
0.7660830403332918
0.7590312697117009
0.6982574651101751
0.7248407049727632
0.759941030026412
0.6834948605284812
0.753040953549197
0.7395181114263794
0.7215490722843161
0.7520093310685693
0.759295353497509
0.7322591554710987
0.7173276066951139
0.7285429263169964
0.7323357647644971
0.7320090942902331
0.7601576729211049
0.7318785939247431
0.8241316534893467
0.7241214335166928
0.789237037567232
0.6501317164235976
0.6651864643318169
0.6520327426201322
0.6491772198085543
0.7165425172269568
0.7652960684030985
0.6951923920660676
0.7477210037613666
0.7614631067499392
0.7383296613560276
0.77986266087051
0.6969627528073224
0.7531257198610873
0.7165227461843564
0.7069456200424254
0.8512554025002277
0.738121028181102
0.697018052147972
0.7415126049277049
0.6550579188263741
0.7435325872045369
0.6723021883842412
0.6740372461399637
0.7630340782081071
0.6454301078536115
0.7447316094101174
0.7543645197932879
0.6621269095864687
0.734070300777125
0.712278717427055
0.7234359758998395
0.7569363483737387
0.6667050029989596
0.7202905173894572
0.6912037509590839
0.6835020472918648
0.7081673193381962
0.7672790431018248
0.7168017232672673
0.7470011249212998
0.7875657094611003
0.7268795119322958
0.6873498098015425
0.6733034130686875
0.8038672562286628
0.7450290703677519
0.6991904402544143
0.7674834669247114
0.7245398136683875
0.7798733445679757
0.7605297732924203
0.6854885194370223
0.7604282332482318
0.7278547459660986
0.7093524106812604
0.6887973848327482
0.6861031824796913
0.7058202445378303
0.698317276821917
0.7832314311725995
0.6538644487866794
0.7409733777964771
0.7042102692012527
0.7872410568749476
0.7369375618093368
0.7046917427730534
0.7515011722575989
0.7207375542195434
0.7291027020557386
0.7787206516876239
0.7485941288806582
0.7343299389168875
0.7350235978980304
0.791567770034526
0.7561371700772449
0.7393144876786273
0.6892745224196343
0.6865634655022731
0.7449734706062704
0.6660960771156206
0.7122531986791742
0.7684262725829207
0.7370571702602997
0.7390668403778159
0.7336552406157788
0.7349184644731573
0.7248384562283278
0.7149742923189801
0.7326480245243873
0.7726963252077242
0.7649313093221729
0.7102123925116413
0.7239114244626952
0.7146778319606318
0.6868200541034205
0.709850842684989
0.7071223317386697
0.6774409742972072
0.7766890140124022
0.7013428624220474
0.7239286091896885
0.7131349962560111
0.7264254544492545
0.7827689511951432
0.7519613637932551
0.7369801468608698
0.6705505645306573
0.7403561632182294
0.713877014917827
0.742027238690774
0.7813063002426017
0.7342072877551539
0.7729596022346357
0.7089427704353835
0.7368137887926567
0.8058462544181046
0.7445971721507787
0.6812735385676295
0.7196634492526519
0.6251925825602381
0.7491906315463113
0.7409300486944341
0.7195454745058871
0.6836579918937421
0.75938777656526
0.70783680000383
0.8012642962905333
0.7379900132714822
0.7778595212419482
0.7737272412325122
0.7198091787853408
0.6766430590614348
0.6785675587924833
0.7115239332549763
0.7569650815602895
0.7763245696395493
0.7468046279314579
0.7254645856730224
0.7438563492869432
0.7221121056265327
0.6796343911681636
0.7868485351614236
0.6627498602410894
0.7534582873653854
0.7221136079696052
0.7084252982689009
0.7125810218616034
0.7172259088127212
0.6891675419036251
0.7331211251240248
0.7175578170064938
0.7641664136513643
0.7621732917637793
0.7734978483477025
0.7493028989694311
0.7229033546594121
0.7515151469424267
0.7216455088394715
0.7133909275406571
0.7235144684172043
0.715797234878701
0.7149439025322305
0.7060236399949554
0.7141949690388291
0.697883025367188
0.653825269230859
0.7288950817586985
0.6867447629104595
0.7778502446530169
0.7299615198527968
0.7524449681497666
0.7068931895261243
0.7358594576191294
0.8083286162919798
0.7134125990386919
0.7688012393339523
0.7294232172316276
0.6804195699875953
0.7425938838595602
0.7512122379245934
0.6792347214100878
0.7504650834374399
0.7159893718948468
0.6980177515165042
0.7352849713555644
0.7807337693580918
0.7442593530616963
0.70664252434778
0.6925525181969622
0.7086909966607737
0.7232386385658574
0.7063035008695914
0.7049682029196922
0.6959830860943397
0.7390485315215614
0.7470130153202074
0.723783073643283
0.7574983983336504
0.7984718453467805
0.7577493998081022
0.7031372471349595
0.6815495204993215
0.7147061614163711
0.6979731713739125
0.7028846623474071
0.6829000646092805
0.719749803244743
0.75015212093745
0.7030043808455075
0.6972080935642009
0.7547521339800278
0.7415373207805259
0.7033147502795163
0.6970870539266713
0.6777014168529699
0.7059650414871304
0.694956038452409
0.718871243543522
0.7052892226885678
0.6703991729520304
0.7442955594071493
0.7385936161130853
0.7115036547347071
0.7381567355821944
0.7156557672741635
0.7458215443637767
0.7458316743254845
0.7018000738803821
0.7052526420592778
0.7010413693733405
0.7492252665528523
0.7203250052844964
0.7552460553910875
0.7538422079069558
0.7072270131146238
0.7260302122836367
0.739138818143681
0.7412485751953748
0.6916248782703865
0.6926274902311933
0.7403853916281605
0.7199559749076486
0.6645170662868154
0.7993401696130934
0.731307803890305
0.7502329379781525
0.7246771059094052
0.7328355910577296
0.6319725518597966
0.7046944603653837
0.790468887718454
0.7488093507082841
0.7356489113733413
0.7494451593335786
0.8111911659010048
0.7244576703580571
0.6655084904012232
0.7720327323498146
0.719853793974346
0.7409530776908738
0.7775349661200291
0.6995196505112106
0.7820147174536636
0.7634464281458988
0.7037390048404143
0.6593083614377026
0.692099115119505
0.7400155400392033
0.7966271731742918
0.7945826502217697
0.7035187991479298
0.6667745703028486
0.7942433421568448
0.8104854721002457
0.7218885439480989
0.7029224098718657
0.7719784761881683
0.7345330837413204
0.6567085898361631
0.6567967236891269
0.7367801728125685
0.754254375700178
0.7161226194813374
0.739290740122158
0.6890797980607553
0.6929477399520559
0.7246300118055317
0.7284002054070303
0.6551821009391415
0.7442354147622467
0.6135161343976778
0.6613675892034717
0.6852318495753601
0.7515229839206394
0.6678451271591864
0.7395056867012388
0.7287414794328946
0.7582776501751636
0.6989614586832402
0.7601102882862537
0.6677320828898511
0.7769048646171908
0.6661925184170586
0.6871038967298848
0.7547688978629763
0.7711220191141538
0.7235631940843359
0.7190551609592842
0.7027791254855053
0.7584931121092856
0.7065760137378564
0.7069278159525834
0.7135355740051573
0.795997116681784
0.6884300302476696
0.6989037898611697
0.7472144902682143
0.785574390344685
0.7426713460037484
0.6710023551424434
0.7202551678109517
0.7002642970975773
0.7338618287140675
0.6721866615957562
0.7100459384744896
0.7961604371061427
0.6908212827226112
0.700278370821061
0.6722981449602696
0.7392203869978778
0.7754893581846837
0.8022259284671841
0.7759524142701342
0.7438637375464928
0.7292956941261842
0.7799253241107064
0.733940308806678
0.7064281634096264
0.744409343573896
0.7375998271752513
0.7575265154514769
0.7519954945360947
0.7057772001903846
0.732029721751358
0.7017888323592592
0.744897902652712
0.726645206604249
0.6894865777426231
0.8128070873092789
0.7443021455999848
0.6451033110924933
0.7127555356961088
0.6883001614658067
0.7188616270207184
0.7655530175144308
0.7235246534657662
0.7945238848318736
0.7055731424949165
0.7107393936090898
0.7293678588747777
0.6946801750949488
0.7267606492255483
0.7252427313741479
0.7159168587253468
0.7625255819097817
0.778361414201344
0.7850816979266159
0.7538992318466192
0.8268762927213519
0.7435950123123644
0.68434742560238
0.7182825034992237
0.643680193329207
0.7412757621490429
0.7326369446996612
0.7946424743488627
0.7137148254271086
0.7280035120027629
0.703290979632435
0.7395737522727178
0.6564511230980836
0.7471899599095068
0.6480882946141695
0.7432107983765057
0.7601156411218436
0.7358066909534621
0.7450758614556012
0.7507087269708531
0.6831584968180883
0.7613119625030437
0.7162609591319263
0.7856426663695315
0.7533005233092898
0.7301425741163832
0.7520988700817849
0.7678959769260414
0.7561423799396725
0.6794294937696018
0.7802874341937209
0.7590492500438345
0.7357906263441663
0.7157661777755047
0.7347602687336784
0.6847591604249986
0.7118838672486335
0.648463449856698
0.68629579596665
0.7313683614428514
0.7492191970881794
0.7448615508251532
0.7142243577432255
0.6999929420377569
0.7579815150075951
0.7038979272981365
0.8145703010752072
0.7585151276435754
0.7778333845793559
0.7105831255740075
0.7489628656387145
0.8026073453010635
0.748233998741184
0.7754755372161268
0.6954617786546063
0.7736008274308156
0.7795772984532074
0.7001737677936062
0.7098902934795326
0.6788538685466786
0.6794466947435368
0.7720448476440429
0.6741566493126234
0.7647947878369505
0.7133292386612884
0.7127458827768325
0.7340979432859978
0.7127888492920462
0.7209226320786248
0.7242197168895895
0.7359432582986962
0.6555783632798966
0.7357793913394894
0.7302103887503127
0.678739099253167
0.7698174260835293
0.7848109224675104
0.7220328211395097
0.6707963917013757
0.7594535541021036
0.6908961460336019
0.7309011918533627
0.7427539161109781
0.7751025739802557
0.6894471058373063
0.7022073085256981
0.10701294219073045
0.7240145930762434
0.760143178998236
0.7239486400052674
0.7648701075503452
0.7926705603281118
0.685754605157016
0.7218203326589359
0.7766671405605942
0.7361993196363216
0.7232054094595456
0.6830986909924782
0.7706480245980495
0.6543313260376749
0.6615094645841666
0.7524979872938676
0.7784797536524402
0.7966500697385199
0.7911061069166094
0.7116546210380825
0.7980689041698275
0.7836563655727449
0.6819171645942816
0.7414190756142043
0.6741423079222308
0.7558134269182651
0.749085682659317
0.7218052545768903
0.7607000445025984
0.6499065224439308
0.715289798897474
0.7497078286864952
0.6953760481203551
0.6671352310389379
0.7522176915339583
0.6458710119933108
0.7016475831817163
0.8152672638263553
0.8122545860463537
0.6962652196992746
0.746918400296633
0.7017312529469352
0.7207951789130707
0.6457455360539822
0.7184965225794341
0.6503790793909443
0.7756349169162291
0.7781196241274237
0.7563448905372928
0.714512605634818
0.6577579551535399
0.7901650665700222
0.7328087921479667
0.7539559885366894
0.6084683015194945
0.7813247297307001
0.7506572508487139
0.733226467308555
0.7375216838594609
0.6905767727003265
0.7228107267306768
0.8073922917312351
0.7448459942926335
0.685409348400399
0.7364285253158519
0.7560792949490255
0.7714585263754076
0.709139023150448
0.7284244720476741
0.7698332943118678
0.7136010906694249
0.7715192687972259
0.7446937153940026
0.7468897951269258
0.7021381069115994
0.7667835947564539
0.6929671610229423
0.7238723824680505
0.7357113783880825
0.6984080511144611
0.6783554889014753
0.7381444895259448
0.7430585910545062
0.7505484589054171
0.7295644087695018
0.7211410751855336
0.7011897761788191
0.7089017598630497
0.7225279119963411
0.7776639056188053
0.6272349015462969
0.7192167722819272
0.7243954553327001
0.7021103208306906
0.739723524760789
0.7166515977478756
0.7563459330700276
0.7409809097590935
0.7728292094718335
0.7511514834387583
0.683156120545281
0.7712138913095881
0.7528596404553127
0.671538685077796
0.7264562247732489
0.7408504635335091
0.6922284902646826
0.7376940894845856
0.7512776085043797
0.6993176885807565
0.7330703815135239
0.7309454136764715
0.7298083854022656
0.6889739190113986
0.7587199748608487
0.7479207834154511
0.7090322549143803
0.7097896102395211
0.7219729922577915
0.7591017963195367
0.7174365009595329
0.7661701093343332
0.7288136431081715
0.6762286600313125
0.7507928374692464
0.752008606430067
0.6946311857170251
0.704193348962678
0.6843365399919876
0.7301430836381682
0.7250424457868491
0.705627352117484
0.686661413848408
0.7015171310500337
0.7144233520733779
0.7072754432465129
0.7261265374719842
0.7099373493752554
0.6755257542610972
0.7065592560524255
0.7377855407376522
0.6740705170392726
0.7901612439583174
0.6990166563618306
0.7153075770718822
0.7348042504850554
0.743400994058187
0.75683429709124
0.6884090159497074
0.7167895637347839
0.7724113910343698
0.7232086512307403
0.7215343333995882
0.7333476216318426
0.6988953783543255
0.6582212438536823
0.7050065243348896
0.7131976555612308
0.7049299924367077
0.6889883832334884
0.7367556528672061
0.6815280289589127
0.7190059249461992
0.6772878855706574
0.7291656627796097
0.7002771379803937
0.7011371205070791
0.6953886161726872
0.721172181688496
0.6974446206754293
0.7447188195349504
0.7216441882552591
0.7783505650500273
0.7348761837489973
0.7136530124107274
0.6829809985107719
0.7559354083807903
0.6622672052554451
0.7352125782985733
0.7054089656284602
0.6981639980009224
0.7944809684145228
0.7302223109196839
0.734251084331093
0.7607404473592096
0.7591825953316825
0.7063004017036658
0.7784057001892613
0.6958478389358544
0.7091689795493497
0.7727064363600763
0.7811237016882826
0.6802780471453372
0.7197042566872113
0.7304408964536708
0.711473972294604
0.7813611311191733
0.7270984727304483
0.7423429291018192
0.704954312409651
0.7423572369207783
0.7355716637899307
0.7579405309576167
0.7663459650226847
0.6965501169357904
0.7475089104476759
0.7679677008892366
0.7680982543386848
0.7683727428946242
0.6923172093062084
0.7481716657370968
0.7049240054593834
0.7534584571002174
0.6634661742442998
0.6995450672438002
0.7495568642172414
0.6877197096985881
0.7431215934406811
0.752657915381015
0.7193602564267616
0.6832810804488669
0.7211701891309775
0.7380045760171828
0.7368592571060354
0.7713806491103422
0.6951543580319834
0.7413293840127921
0.7355022929042967
0.7070755055297177
0.7628610169615107
0.7348998402381844
0.7461065522229309
0.8005919688710771
0.687161367677532
0.7634743980528056
0.7126864476901233
0.7404053289342111
0.7153346720193022
0.7530538128843247
0.7459116567211447
0.7557269610667735
0.66529846542914
0.7432962500697538
0.7138113508974797
0.7280410391666805
0.7419347491215695
0.7022869904996679
0.7649272428457922
0.7552415756115306
0.8150341025296769
0.6890842146792983
0.65786651372603
0.7131779807082135
0.7688214478424573
0.7370302766745226
0.7028963531065895
0.7452476392240105
0.8292965486772427
0.7224726866903215
0.6824656717333014
0.7442410914474495
0.7262316386866183
0.7509657164025761
0.694511408593557
0.7765790408899477
0.7387293777167706
0.7569023154272906
0.7768515231646296
0.7554092485842866
0.8024472066894217
0.7156647946952528
0.7946868680810663
0.7664079523334464
0.7656774027337528
0.6712409232550604
0.6943896068118512
0.6921124819612136
0.7201560618924017
0.7196450762532612
0.7620539555245058
0.741597455800084
0.7422537601260345
0.7610245823475402
0.7104226264242982
0.7120788716413039
0.7477237804758892
0.7670327262398648
0.7020970612990323
0.7370066848284222
0.7661567763817966
0.6863134070602781
0.6598354897392256
0.7061232423131035
0.7728352465774083
0.7776098108130564
0.7528948475773402
0.6960315692528959
0.7155697969886446
0.7245324881953887
0.7421255280789449
0.6979483304212867
0.716140043419107
0.6665758621346023
0.7422782559622736
0.752519114773172
0.7798797938698669
0.6974463601417542
0.7076848818381661
0.7320688137303872
0.7103838637350108
0.7419114230333304
0.6763018526427304
0.626710658296005
0.7504077638626554
0.7514919868230331
0.7127776865316096
0.6704547641928965
0.7874781613289028
0.709515723838033
0.7751427326768637
0.761291057868268
0.7513084221192987
0.8095804237557455
0.7291428874948253
0.7502042044535653
0.7717243642802566
0.6880012971498111
0.6808451986840434
0.7264041016881804
0.7375989283867223
0.7092618759589933
0.7468010942844426
0.7700905937775757
0.6719596824101653
0.7863064780463952
0.7669467954264618
0.6551203538052633
0.7430551401117348
0.7815047426345101
0.7337977744969844
0.677236654901677
0.6563011634265403
0.7195358101466947
0.7169660371538112
0.7413849197976211
0.7299639831358213
0.6726339614744953
0.7019304951250438
0.7471354059915398
0.7098838218946398
0.6787882976962265
0.7445078258905803
0.7226085612348406
0.767351116448167
0.7957364466207532
0.719627102733092
0.6686799843381751
0.7579384141986231
0.7694701948416949
0.7429182915109968
0.7033263668115635
0.7183648644915099
0.6698555444455474
0.6896069857131027
0.7665566364947246
0.7186106369613029
0.7115624788847885
0.6750615598869397
0.7333583239298047
0.7186694033002163
0.7886663592966972
0.7021179747005696
0.7156271811664595
0.7296852390110047
0.7234980895653591
0.724470468247809
0.6892407350382959
0.7701346441864135
0.718477154777145
0.70411170607216
0.7191485432302401
0.7260478911525662
0.7479166885751947
0.7529336530329364
0.73580944932778
0.7546842961513298
0.7400250947562638
0.6795704527124559
0.7105772386080484
0.7582819380925602
0.7381804129904569
0.7737733985897047
0.6995282957125144
0.7317954449081299
0.7349796187714868
0.7349508500860941
0.77341876273828
0.7354970687109741
0.7942060480360237
0.7030780706704077
0.7915639054508837
0.6184925207074989
0.7267294635482439
0.7873436060843018
0.6951595626293116
0.7264269033973669
0.7434397001624486
0.7052375742815907
0.7650402204621133
0.780355685223459
0.7075755001016123
0.7430169745882381
0.7264303737207722
0.8154819870295389
0.7262650224783829
0.7618641511054631
0.7478303022769255
0.7357446779622662
0.7260618712914018
0.730673628190937
0.7080557374910307
0.7509471462272768
0.7913085408069621
0.7526306895039973
0.7687958468991186
0.6245164315864468
0.7210360612014685
0.69762535219499
0.7666797748603678
0.7129189645703243
0.7234642321597444
0.7100004017201847
0.7691359736752724
0.7638728518337171
0.7131586002162271
0.7877603650070384
0.7888177442778826
0.7412021703457476
0.7953924031057857
0.6951682777352398
0.760423319113382
0.7205369118244892
0.7648441610567766
0.7179372798547808
0.6895587879876939
0.740289872091385
0.7130029484786956
0.7075159203718556
0.7047817446375533
0.7435231450152312
0.778207106410073
0.6793449234913025
0.7479943774075795
0.7498613206993527
0.7561459638042405
0.7163081882580888
0.7367414838577565
0.7091215121367802
0.7408165615815573
0.7482010162602996
0.729371743046592
0.7554209293988442
0.6786260672520772
0.7143780220419805
0.7915771765009875
0.7179117444864587
0.707464521871544
0.68869290107686
0.7015860956419395
0.7243868050451971
0.744497144349145
0.7773809449422058
0.7279352616085131
0.6732388563881044
0.7153512806228275
0.7418622347834337
0.7455837521030736
0.7564376996828629
0.7750624460610861
0.7434555025969575
0.7553049816876762
0.6882591258083657
0.7114928654913776
0.7369378404948889
0.7118035943388697
0.7165073588262624
0.7295461529744427
0.7545754003103791
0.7053800093540868
0.7011109317274538
0.7755694353473952
0.7186646896856225
0.7413413723788389
0.6823895388892309
0.686470162665959
0.7019053651699737
0.7088239690646816
0.7725348888849538
0.7449380023166366
0.7081035682058497
0.7546687935254702
0.7569029520109417
0.7893846427695786
0.6839673021622513
0.695894197332844
0.7983937333323518
0.8136751056239185
0.7163101004008295
0.7408087774674923
0.8002445150138875
0.6565886760143302
0.606674429458397
0.7414151718011122
0.7457861760726169
0.6908296341837772
0.7718502939075207
0.7890533972402191
0.7290713802657842
0.6518430077514672
0.7057637512274404
0.7276749420978195
0.6878434879332705
0.7256899685539608
0.6998984251078897
0.7024663755670666
0.7332236543537731
0.7421903965350146
0.6888312196900713
0.782877094058068
0.6709038454234432
0.6719119602336903
0.7330697487965129
0.7545776950764063
0.7038473576413626
0.7659045019748387
0.706468918826263
0.6651748703878112
0.7029799616646616
0.76926257364525
0.7246114846373818
0.7743155192198135
0.7305583127373445
0.7206404736261599
0.7441352479262804
0.6587723447889917
0.6877507178692652
0.7434499343332033
0.8136063149488905
0.6821398750022238
0.6699128485688116
0.7164655695649117
0.678377139685101
0.7644316995608459
0.712826701457315
0.727782053750549
0.7308828568924888
0.7329103958492915
0.7507956702629702
0.7357346236777872
0.7045844429641459
0.7604807099596584
0.6547914537868369
0.7612891395951524
0.7703909195584782
0.7873918968779773
0.7276326429242621
0.7128100251567697
0.723596387474092
0.623332376877271
0.7451960723516127
0.6836504913413746
0.7219304545656634
0.7232717769898919
0.6966941302736874
0.7031240103045878
0.7150948604979022
0.6761134082408532
0.7921040178785699
0.7538926382064314
0.7679651496283639
0.7332111186919276
0.7143088455202132
0.749656052668193
0.6796342891084295
0.7335026847797902
0.754154178691681
0.6943425930968523
0.6951128716099853
0.7507627300378796
0.7059830236676431
0.7970573669056369
0.6677129695446367
0.6961438788292419
0.747094290672164
0.6795555983266819
0.651289799369217
0.7352261346722713
0.7929848304455758
0.697552538319669
0.7364824954738398
0.6874611461571541
0.7560698455387365
0.7150706061171979
0.7033895014585861
0.7425623847146617
0.7366508862183598
0.7669635769778184
0.6866600065904734
0.7830689835644237
0.7941641616581905
0.7376270578349733
0.6947875154961294
0.7557532295117493
0.7453610238670774
0.7188237049632921
0.7358114883722529
0.72790455305338
0.7027189030102309
0.753679682810953
0.6931012370925165
0.6401196874791278
0.7741262705752034
0.6652689648021819
0.7610444333450338
0.7628944744338029
0.7596354699534202
0.7110823217476689
0.739127716294202
0.73438443946369
0.7608209197600715
0.6826448150684472
0.7631800735743035
0.7231729895031003
0.7457645357218762
0.7527708003639793
0.7307911331281616
0.7733545766484344
0.6773912467732731
0.7406695160583364
0.7537046211610614
0.7042144260005468
0.7708420731101662
0.7272712974051838
0.8189466891624569
0.7581644249785084
0.7255877107170663
0.7459720634943999
0.691309181622212
0.7469652192835039
0.7675333797824484
0.7316441941674633
0.7299911428590055
0.7171619983692761
0.7061509860270817
0.7231241095679869
0.6847637235154814
0.735403067094996
0.7629191016681064
0.7205061496197829
0.7036062657105865
0.6839101969367734
0.6521978556566569
0.790050297485042
0.750152409328332
0.7709163838603394
0.7325883143499268
0.7582325825388047
0.6866550472634808
0.7698987901660198
0.6769938597529731
0.7192172528450166
0.7087927785757735
0.6583378961163653
0.7205620498499308
0.7851869530470598
0.759427131902034
0.6557472925974709
0.7837876831711355
0.7319451259589264
0.750840804593755
0.7504472224366908
0.7307733065871028
0.7120581237258199
0.6835217037648291
0.6826990439007496
0.6928844530934318
0.7563230941346384
0.7167305484412476
0.7790898667039418
0.7379697435705307
0.6988810245027683
0.7287345529401069
0.710975117634002
0.7442445965310259
0.7456033317722675
0.7068180480734728
0.7911356083990391
0.6392395289025429
0.7273354200681055
0.7644446330462371
0.7052703860434132
0.6864051665917582
0.7215396973685395
0.7631665403045732
0.7297576495290059
0.807873527113044
0.7347117521001905
0.693112847374586
0.708688856626133
0.7333091069036218
0.7331576336687506
0.7398459690843266
0.6404155230031158
0.7026812423833271
0.7297109027998828
0.7667131685167903
0.7559605165955816
0.6722105802664063
0.726865852885761
0.7509877430220826
0.7112410873498998
0.7572733114832165
0.694810536285163
0.7694086625909595
0.7700904311432982
0.7187504357967596
0.7301529513046444
0.7446066988434357
0.7306480217260295
0.7495665723370946
0.6869817835759485
0.7403089649619957
0.6482528188853668
0.8137645278220134
0.6879584397508259
0.7145335862572129
0.689154531307967
0.7153042709627233
0.7224607442899574
0.7674141255105112
0.7116201943211294
0.7320925786441598
0.7353330335808627
0.6848305316388924
0.7808066741264678
0.6722123482555925
0.709047337778286
0.7230056122933162
0.7478285089330164
0.7593931072140246
0.690239342079758
0.7448584089443995
0.7793359137007647
0.7800203090269939
0.6982654298752198
0.6782303832341668
0.7172293102696017
0.7395727272953019
0.7234899586458513
0.7043370343818453
0.748983491383603
0.7500168821856487
0.7504102166640516
0.6824654260405667
0.7549066739538091
0.7844209033964169
0.7183052670082134
0.7179173274236368
0.7355394915412276
0.7124576698968997
0.7835974546108783
0.7116758535602037
0.7418680136040787
0.7386923629086829
0.6536955546948303
0.6986112493838162
0.6788380465545965
0.7569557999720832
0.7351640262459641
0.660468762705369
0.6539361834878362
0.6612801550741321
0.7015525426734772
0.739594946999813
0.7238262821086937
0.7188195837912644
0.6825797423939031
0.7469397543635132
0.7399459328130862
0.702138357497477
0.7287025635077715
0.7027894312470089
0.7622052798874193
0.7284144856850673
0.7520612797420944
0.7665363477057024
0.7171245775130964
0.7393267421624009
0.7303443443378531
0.6927266525706947
0.7259323882829699
0.7113473391717985
0.7650747883414611
0.7111677660435182
0.7282872525903429
0.768925523001367
0.7835419087094762
0.7018917784289009
0.7280059737987534
0.6317394839331361
0.769335388974017
0.719641236545381
0.7592379960168136
0.7719570593548701
0.746288118445204
0.7565482028263715
0.8058908097067637
0.7135385073700675
0.7961712309487039
0.6843653887290501
0.7922831636020128
0.7521060965890286
0.7469040461112109
0.7102017715492523
0.7127843614080842
0.7558399136114774
0.6167879845869249
0.7417921103627905
0.7024433850412641
0.7399168225821893
0.7297946747840929
0.7236939741433137
0.7576749460530106
0.780483257833187
0.7743156567002004
0.6455937437587216
0.7332396870397446
0.6972100960629263
0.6624437722417081
0.6648116190305807
0.7324528309961428
0.7529931711935377
0.7720641340674206
0.7604034355953886
0.6334205955980093
0.7190767102298817
0.761458210402978
0.6487954249476057
0.6646253474111091
0.7399298328144404
0.7514253021986843
0.6945819044558968
0.7289976908860556
0.7396112334291959
0.7147879615241384
0.7302013474549939
0.7555227038642025
0.7761660264191255
0.7169016536339117
0.7013717643801216
0.7839992534922177
0.6794113087103416
0.6898812200695889
0.7901399669636208
0.7067963528308958
0.7690263599826709
0.7044661316141138
0.7504051596088317
0.7531882542428167
0.7319205798313838
0.6541008392517512
0.7212522382371543
0.7286326444344462
0.7678890332395347
0.7462708472122959
0.7067947446343122
0.6816165664215262
0.7218493583137817
0.8155735010329287
0.7415085745864904
0.7309959648228589
0.6953217133832711
0.7758658450821311
0.7327351968845678
0.6880378416134139
0.7511221379192442
0.7298327003240593
0.7273613622464036
0.7507838720141381
0.7521223375639965
0.7091097229779109
0.6856870496259557
0.7197932465395656
0.6806818453962439
0.7253332649429979
0.7245179798933817
0.6703168847537294
0.7093930857487155
0.7194990241905513
0.7260960605466286
0.7450987728113058
0.7362456619888125
0.7122081693156943
0.6741599199220543
0.69003935092644
0.7152662568794633
0.7521464187432759
0.7710484760674163
0.7632754070367632
0.7861972786518919
0.7180113138878932
0.6827895444504124
0.6949466420269672
0.7137952067027132
0.701834400602625
0.726609522342357
0.6997500616780294
0.7267762723525649
0.6953045370508844
0.7174864398742193
0.6699244132511553
0.7008079921635745
0.7276526729931252
0.7231104372681638
0.7120829479821751
0.6699209819197732
0.7412175730709337
0.6958782662700257
0.7699788466911422
0.6980104932116029
0.7761487289044018
0.745793094093885
0.7042927031001354
0.6586484393608053
0.7024354732612104
0.7367420247589574
0.7432456053791731
0.6882894630480206
0.7710239039427741
0.7477530255968492
0.7692939581794327
0.6834704425074439
0.726172343681393
0.7951031172109495
0.7363560496474554
0.735166729680398
0.8123247034604092
0.6940786695736721
0.7583377122907393
0.7011911200015685
0.719488665718367
0.6942174565055165
0.7303401235397856
0.7455925838018413
0.7857044312211173
0.761000832030003
0.7324333777595003
0.7604545305429858
0.766001194977818
0.7549803608692914
0.6921233950432846
0.7407279176365892
0.751563926991621
0.7439838619007308
0.6908863946360836
0.7435477242815469
0.7409952381887734
0.6781108292992086
0.7605724867255195
0.7364727979363759
0.718646555932447
0.7456407061933091
0.7293967629686402
0.7324856695645358
0.6819196195394193
0.6741141836638092
0.7091264587092793
0.7300607346248491
0.7313853801264603
0.6470358875948939
0.7084776977830097
0.7197484031161452
0.6864889830380917
0.7517314197112313
0.667736654002368
0.7528272369329343
0.7440855288501289
0.7142823996337113
0.7336390128695395
0.7002231960826166
0.7915539361811555
0.6872469350364535
0.7119339249499286
0.7474206184568853
0.6815791278046898
0.7400898170438265
0.7056792513635778
0.7169967174416878
0.7846339150754897
0.6904706819754249
0.7766208565154276
0.7124165807019995
0.7821608614392097
0.757398792094358
0.7388539701754236
0.730985291270466
0.7764839938631606
0.7388603667157859
0.6967251596940635
0.7768119283651999
0.740156474157935
0.6991356352302315
0.7173330020203458
0.7284643710969779
0.6984965812350005
0.7692118600904643
0.7183776154905399
0.7166533608405817
0.7488003060421822
0.7588192473269807
0.7598745342614707
0.7484790901885681
0.7525967665259965
0.7379776435164049
0.722962216691991
0.6877348551883886
0.6701797748970499
0.76721477375822
0.722167604007927
0.7420079427861452
0.796312097463404
0.6620514026797754
0.7139453951516389
0.7278576139027175
0.7354948814746504
0.7272372388148057
0.7011841036401552
0.7561798439908279
0.7364040295904302
0.7464287810743803
0.5961153941593252
0.7421752920487427
0.7532809691334175
0.705709817791594
0.7160829160838607
0.7603143145147537
0.7173210628901074
0.6737694595157947
0.7748829253094724
0.7631283378206042
0.7140832142674327
0.7532188397348447
0.7598308506047751
0.7596094119545456
0.7335643604071812
0.7054157654476144
0.6480122868071202
0.7135771690857162
0.7284342122965931
0.7069214477090444
0.744246076930295
0.6973467660855078
0.7300864537100046
0.7146657076893156
0.7404806938598533
0.7212628950450177
0.6835750152433818
0.7757396627923022
0.7646312976597914
0.690664782066047
0.7415211545920086
0.7170089407892745
0.685328446277012
0.7390017543366252
0.6960871914142901
0.7608810766065608
0.7254081336728913
0.6739440320550343
0.7304882224470621
0.7259400384360236
0.7303738187408748
0.7328100349848636
0.7705694738789117
0.6749242134090906
0.7533921878979044
0.6636324736904239
0.745411775480988
0.6714854807718662
0.695969681772452
0.70289367005867
0.7354009846629136
0.7291906277520389
0.6679602886619077
0.6994842182393033
0.7651520825940918
0.7409330705361257
0.7151779001098427
0.7293295903295846
0.6783209807514105
0.7499236858440078
0.751863698223009
0.7471814981428426
0.7682835672658165
0.7507786727513173
0.7545342877974383
0.7419031649255898
0.7183844889994123
0.6868719394722742
0.7140659334798304
0.7122614329858504
0.6937126336982307
0.687690311364982
0.7727685183656435
0.7630637975848023
0.663260582336943
0.6913327078278261
0.7379773375172327
0.701745672345309
0.7884237359116937
0.6999098049867138
0.7743180257868494
0.7079846178520857
0.7221246995342643
0.6867918103972965
0.6724064126378496
0.7114478826784922
0.7481937622610846
0.6865434841864009
0.6451673360786918
0.7330597805950285
0.7092924973706028
0.7206735434945141
0.7185418097379926
0.7355675339955402
0.7333071992950829
0.7222962084940625
0.6923265641734961
0.7602480333619606
0.6435722437385242
0.6948838091074709
0.7552624784350812
0.7769142043054635
0.7659859634923549
0.6679714570481754
0.7253670588703848
0.7506221342312743
0.8232752181069026
0.711812899749634
0.7269482579716744
0.7190341929278675
0.7598283304459958
0.7831211726052054
0.6842084061400397
0.7569838747621127
0.8040324890837575
0.6991735486734418
0.6869079547826982
0.714102234346513
0.749849242793543
0.7293796193721959
0.7632933121067665
0.7518653423390915
0.6698350828167468
0.8082277837237766
0.7476217001901595
0.682304816842769
0.6973567803736608
0.6457093038438106
0.645861188339684
0.7432024305395231
0.7257236944722265
0.706708351161794
0.7968433615266862
0.7541300793937474
0.7054832017665174
0.7297966076993431
0.7559034322883985
0.7295750988088606
0.753578357153454
0.6622048966024062
0.6887422890213429
0.7577031882115612
0.69425370669842
0.6608484312959699
0.7768481636555598
0.7298008920296406
0.7317203023817475
0.8001885657088044
0.7321485173295921
0.7112053236765421
0.7266691647863953
0.7650689554372684
0.7008036996144388
0.7413082526744271
0.6745097689709088
0.6843716491221425
0.7226082818461699
0.7215981720992097
0.722233436110755
0.7269002968663965
0.7594218640436445
0.6123830924523493
0.6840180536171391
0.7827155895388703
0.7443146638952584
0.7629207812152866
0.7156881181505134
0.735098966886049
0.7159756922076239
0.6925185107955072
0.7426825732716253
0.7465766311001254
0.7341938535701775
0.8367441128362785
0.7636131215285153
0.7375449272641316
0.6877233790513938
0.7292016820253181
0.7372741424409104
0.6978203787097788
0.7174190937925621
0.7377663950760543
0.7564131614183234
0.7493365693713023
0.7410240738669291
0.6828780088673974
0.6814071671269325
0.684995518295195
0.7269674206981499
0.6964029959116023
0.6821443835404238
0.722073808445305
0.7304098382420908
0.7104091181495034
0.7054892178788671
0.7101634348496062
0.7160042096635859
0.7275610195127865
0.7796355545977189
0.7022173246215782
0.704507243741868
0.7570338475133763
0.7425838721117995
0.7297252133043718
0.7441079820720216
0.6905485134500807
0.710255567191843
0.7104197252294253
0.7417319327892956
0.7165909187856357
0.7162387866013711
0.7255397528826615
0.8050424166725978
0.6473358115781447
0.7915437173809075
0.7036220462050707
0.6787863171840972
0.6507429915866442
0.7206407648596937
0.734065518032872
0.7212370108278563
0.653474563767931
0.700673425736003
0.7697532208237633
0.7551705489128752
0.7070694295327637
0.7135189268607774
0.7615607583162421
0.6857624398071407
0.7203642725037533
0.7087630557165221
0.7362337631987078
0.7129570849085022
0.7517275041107837
0.730185941745668
0.7985266205726878
0.7725593540436452
0.7015568225365034
0.7628783293307484
0.7089045905388351
0.6600097811257616
0.7546402310816311
0.6961366048760705
0.643539059556167
0.741997595041224
0.7453915774542167
0.7383514596183012
0.7507370421356007
0.6893337859959612
0.7337779201499004
0.7562708405254728
0.7490578580730691
0.74352649600878
0.7104296191287658
0.7408359862512272
0.7475010690468566
0.7017394052310365
0.6633886395088903
0.6551583751745653
0.7611330505724144
0.7974708653617678
0.7376120728361002
0.6767788114249808
0.7019168041409325
0.7186073228331875
0.6836065929467878
0.7547432955060166
0.7383614772663877
0.6856423025436786
0.6917589800997601
0.6967999078653143
0.7368891279359184
0.7499714322343375
0.7377586041990297
0.7336563937011717
0.7646344718268516
0.7152710394953048
0.7344387334989477
0.7330752615129907
0.7394826303657346
0.7058320110210019
0.7471675461400638
0.7063566512188194
0.6830941779381341
0.7916207420962305
0.5890474120005416
0.7195390867640324
0.7006310555333993
0.6736035859684449
0.6465604682831304
0.7448081976117812
0.6973234020260538
0.700551048135214
0.7387852377253059
0.7475088110296745
0.7735746426842061
0.7788366513260098
0.6580176735075889
0.72929261471672
0.6546868674161799
0.7112653220806866
0.7223801276668169
0.6904894093565517
0.7468268753028202
0.7227955122768566
0.7081556822841187
0.6711553701282766
0.7313826977259914
0.6938013402106972
0.7425511038470582
0.7313254839745922
0.7128936934448362
0.7767799203116934
0.6656582333728803
0.6993770538293707
0.7214913674799518
0.776588410614449
0.6941742451229238
0.7607678797933267
0.7403320117570159
0.7723857080081251
0.7283036124052825
0.7720564246432067
0.7858102304847671
0.7135714082457657
0.6862248979582369
0.7742535798694455
0.731109395507205
0.739688202280366
0.7321857190185291
0.7353142397728075
0.7534990683169631
0.8040077257001074
0.7340200425095698
0.7728094927526005
0.7267017632545043
0.6910968199466588
0.7343223622763241
0.7720672325705028
0.7531548088802743
0.7091902915939481
0.6829269740327647
0.7190539668267439
0.683030567887776
0.7205807385136319
0.7605523182638516
0.7384616966573778
0.73917513350213
0.7132476542237136
0.7425397198661116
0.7038632171733921
0.7841390433786694
0.7174076024153784
0.6621843437489815
0.7214527583308668
0.7440754798517578
0.7390844430348478
0.7125089850181435
0.7781923471119476
0.7052808914311107
0.7287339314897178
0.7254936304913301
0.7656258104583898
0.7603638193598663
0.7555259700434268
0.7113971469918633
0.6818777948731127
0.7743566990118673
0.731001303931253
0.7115469705859273
0.7346435936428375
0.6924250647828315
0.782443467893502
0.7735722661301103
0.7224608368955217
0.7097479034956123
0.7582826286183567
0.7028894068943583
0.7472705710184985
0.7658373168835951
0.6997681230190995
0.6778511668947117
0.8036971681608618
0.7503024358343339
0.6923932331184426
0.6830386961079272
0.6925850311983748
0.7676097435612894
0.7509800035737891
0.695324636636745
0.7444151977367689
0.6993195786349649
0.6782131004100638
0.6976915869399406
0.7683927924122489
0.7061974098790899
0.6739310852715569
0.7512806057793243
0.7320666506784193
0.6631283615085909
0.7488998242828606
0.7247445819347134
0.761355022724277
0.699575175662461
0.7796418675866743
0.7517741094627852
0.6988723113863127
0.7685296374385855
0.7261718911052252
0.7342748549308926
0.7392593131846862
0.7708212572988588
0.6901301972996051
0.7277288670369605
0.774275920103419
0.6904880900306571
0.7063968711167279
0.7079611799103178
0.7478109832331455
0.6886522074595609
0.7077739098106214
0.6770993079950252
0.6709611622334141
0.7609581989449924
0.7016195278012429
0.6772245857897872
0.6637517051192798
0.7176239424812483
0.7646193792542944
0.7966064991837137
0.7464293099020497
0.7501279416102347
0.7629042317068679
0.6627363383475442
0.6829648751333437
0.7632311614068011
0.7671220764384081
0.7394412618948774
0.8074855502677671
0.7182295058219397
0.7381196114646741
0.7335746235278925
0.7175187610735663
0.672793350186568
0.7111328749161512
0.6747173462812971
0.67888119171524
0.814804983400118
0.7344256622196872
0.7725713456145282
0.7256975828188388
0.7339528141902999
0.6911196078254058
0.6677400443256322
0.7471217646300169
0.6575810830711841
0.7389629398178882
0.7507267589828351
0.7122629283163854
0.69025097298891
0.7347353617588414
0.6788430554361735
0.7317571936679373
0.6984317350517578
0.7784223906137888
0.7322305747698542
0.6961252163994929
0.7650883550198887
0.7930739351777067
0.72943486092204
0.7271955814013901
0.7300546511999023
0.7294576754764439
0.6955566199958622
0.773283057307569
0.678031374880503
0.7184306127309649
0.713527067994833
0.724572203846052
0.7272625739687396
0.7174336200311459
0.7079708515301876
0.7529310045722137
0.7056591115004853
0.7325704254336486
0.7671720485642882
0.7173602718469991
0.7870147402537139
0.8114763010120815
0.7050294242626288
0.7421000323719836
0.7316022254788338
0.7187576054551805
0.7112757623610463
0.7201650683326069
0.70784061566234
0.6675819196890322
0.7529473678869558
0.7541967108085031
0.6417820595274254
0.8281818594559887
0.7267472968497247
0.7452447710415895
0.7920357936472623
0.7222160272000328
0.7285808287433538
0.7122092260760223
0.8280255759260149
0.7217847595356108
0.7629927458632823
0.7222863502565023
0.7543263017505366
0.7193981919420426
0.7695277776599648
0.7223175372513954
0.6625431249295932
0.7349563347159775
0.7662114988058569
0.7924893177817438
0.7137186372861384
0.8129673136572839
0.7273163073825779
0.754872687520424
0.7831488753785258
0.7613802728638278
0.7131368028583295
0.7038586554486329
0.7282350153554762
0.6454771561502296
0.7032822927515657
0.6906823813330856
0.7632900190815776
0.7694107762088934
0.7317320266733219
0.7318522734896945
0.719002768965883
0.7368373868951895
0.7020670040823119
0.7626903064564268
0.7490724394242678
0.7514977414119268
0.7672514926227905
0.7330664019115268
0.7315511425112804
0.7748813281336513
0.6966845984380378
0.6911364903467166
0.6882639907295857
0.7370172000707541
0.7250151873893719
0.6915452414901412
0.7098254096146057
0.7109606018966463
0.7620024231822011
0.719019349688523
0.7155210798040211
0.7422246970493989
0.6820911742658474
0.7656873944106709
0.7652998116448203
0.7176387722459694
0.8037623161433831
0.7729787951447208
0.7190470570023991
0.7191397889271275
0.7569117929288431
0.777095415466876
0.709520625973649
0.6997035852972083
0.683304435038669
0.7892923368962625
0.703965240047561
0.7307797977402419
0.7362036092866695
0.7721736489787044
0.761074267180146
0.7816162643997329
0.6895060073094661
0.6988002505310814
0.7030010999603491
0.7871305966184874
0.7215137387390472
0.7693591034381836
0.6678317440090378
0.7185264900390631
0.6990518081404902
0.7483167015976041
0.623000711088557
0.7193096845031868
0.7196022571661196
0.781446527773626
0.707682120690099
0.7510832497904203
0.7034866583924586
0.6942256931571026
0.7710262891129726
0.6997403283126179
0.7406276720802853
0.7884341083433715
0.6692356771567946
0.7410814363957552
0.6984312194613277
0.8039066993929929
0.7450316189404593
0.755146406932399
0.7773840751067841
0.7583306675304727
0.7039637635691263
0.6933388021891566
0.7661009555656676
0.6825946835065231
0.6835856474853728
0.7280681878640248
0.7148078225878425
0.6914909301809781
0.7559674307562556
0.7596910636419264
0.7373279047960614
0.8078650259971042
0.7374874775726208
0.7511100876510897
0.7810056193850279
0.7548637602315794
0.6959366890643434
0.7399061584662848
0.7574711121111719
0.7310642864936396
0.7408439096763888
0.6537793647471887
0.7099103579364711
0.7228298347967982
0.7144678599132692
0.7465137828288043
0.6970250705195437
0.7338316546480781
0.7135703167164764
0.7399280176771651
0.7946156555086827
0.7612924584654778
0.7709155465616384
0.8054403818963145
0.6523279155697904
0.7012444982972721
0.7560392423093234
0.6635002166141141
0.6889723484815128
0.781936709841089
0.6652852217214918
0.741422796781934
0.6845681251223855
0.7618460654862801
0.7411735227678403
0.7168225074594652
0.6824429179875833
0.6779676828877012
0.7369196889623387
0.6936438273562299
0.7013957482960752
0.653060344571237
0.6685171498238617
0.712230468760929
0.7721989865643015
0.77438988706638
0.7323241641619674
0.8051641543354442
0.6500654036841166
0.689323413514281
0.6557779342337685
0.7353024178436823
0.7504689833993714
0.7038785666438077
0.7385542105999187
0.793532154826859
0.7316607267818401
0.7508475864481619
0.7411115457047771
0.7770135038842249
0.7439560750344142
0.7124921553540247
0.769583502754582
0.7034548077699797
0.7581843077313071
0.7809339810366339
0.7331248016030876
0.7138189280877597
0.7445054328094945
0.7207460121335698
0.7357659455562707
0.7395477444993275
0.7106497838414506
0.657610551609165
0.7083001270490357
0.7413627387320112
0.7171298566525445
0.6900112578917066
0.7007313769240507
0.6985202926825952
0.7525083158227389
0.7062590899446027
0.75618950020534
0.738783009858535
0.6902753906835214
0.676663296065258
0.7084367496559284
0.745802817283353
0.7465091843980822
0.6958534263286857
0.7155723640056969
0.7931655887690929
0.7671745628761736
0.7047133787640235
0.7216994514957523
0.7380274731727214
0.7805696733867888
0.6879248372982328
0.745220181134518
0.716722959792105
0.6653143103536562
0.7183657407342885
0.6711904145133438
0.6836515319329394
0.667342746305873
0.7729012687896102
0.7114556613039392
0.7470136777614137
0.7387351903067999
0.7812423791304386
0.7217639916024623
0.7702089103948467
0.7414821344889784
0.7142328024525043
0.7940733481280311
0.7153613483759915
0.7046003277393065
0.7747270099796887
0.7433942406522828
0.7225595356495234
0.7530479743752587
0.7759546072144531
0.6604446327645669
0.7102476879807301
0.6407215548278942
0.6711681639217949
0.7136726846221749
0.6427319726342402
0.6745969956400714
0.7637688254707544
0.736194633634938
0.7286350011854704
0.7868571193552129
0.6938881095624893
0.776954506450993
0.6730862296543274
0.6732591396157724
0.651694910394451
0.7329565699982661
0.742204979852312
0.6512762379529113
0.7102232462203507
0.7044249501008627
0.780435347647391
0.761361922645418
0.7908863644771305
0.7134566979135692
0.8005063730930069
0.7391886426250145
0.7474946026262284
0.7116861908401888
0.7494470515608614
0.7196712200866185
0.708909546292535
0.7600876990416005
0.7608349047943035
0.7418244496487446
0.676561499726673
0.7341459943444683
0.6903959226381131
0.7200658884948479
0.752063652827465
0.7546406320951629
0.7293534459124088
0.6506536593870603
0.7332903266648441
0.7166678370456507
0.6908930080904863
0.722517171934431
0.7395675847890342
0.6910083386120416
0.7416990805593343
0.722528089973871
0.7335718694612128
0.7003574804523591
0.7215502019329889
0.7418953919508876
0.7726688202896979
0.6974271965286811
0.7223855051332303
0.7332667608189607
0.765127288308248
0.7583145382538542
0.7536795089854981
0.6880614855558081
0.7486905638622899
0.7286400777066169
0.7123089988605961
0.7301238328343761
0.710295639192541
0.7192755622321183
0.781827641133269
0.7024916928950475
0.7264007735945129
0.7351331278383182
0.7843133006835338
0.6718093242502194
0.5884349307193653
0.713841802513815
0.7522191649310741
0.7768848818494398
0.7256107451892972
0.6929317320900867
0.7450827267803075
0.748573342105652
0.7344210191851555
0.7257028427575491
0.7859058977840429
0.7332819029479125
0.7394544436499383
0.7643887759449475
0.732709463634696
0.7715375715217965
0.8011538226566883
0.7375176670518833
0.7428455458432439
0.7889255080940111
0.7717183962589849
0.7052570568740825
0.7092027316173062
0.7447265305620328
0.6793745236021398
0.7072571427803027
0.7221502064561022
0.7591752155802781
0.664710994338843
0.7427612024307534
0.7692620146190751
0.7116854262945267
0.7440569647656052
0.677979751773879
0.6994734481528277
0.6768471257439913
0.7084160975991454
0.7324338769350298
0.7157808560844474
0.6931076375803257
0.7365252889923966
0.7299026770805993
0.7421706131275876
0.7247501373074755
0.7416018532095312
0.762476952406353
0.771841000149267
0.7205108971470761
0.7439956528269253
0.7450555226734604
0.698812337686304
0.763603880264423
0.7630212959244649
0.7280773531089444
0.7251409071272604
0.7262963549647355
0.6873748387757561
0.6997203274669123
0.6991567892509544
0.7047955606597293
0.7572408861042629
0.720531416842776
0.6643326163383122
0.7078310122366623
0.6821872444209398
0.7311643763114174
0.7268338381914058
0.6597154831550682
0.7267191614486046
0.7284121532548913
0.7224177139637484
0.7432676868079444
0.8227018715163337
0.6998541872516096
0.7794730277802564
0.6559043378236018
0.7487398163217563
0.6923382240229525
0.764136915623586
0.7393530744050387
0.747792955219478
0.7524067260757672
0.6954583100987227
0.741585484037148
0.6521852894878573
0.7161045278665975
0.726660532525428
0.7419328835500273
0.6959033800356418
0.7269233380017951
0.7508291988525108
0.656945120709407
0.7466931493767631
0.7017687481406885
0.7207758705333243
0.7127102117948455
0.6869747328456243
0.6595438202355779
0.7590117509410184
0.7272934537801989
0.7310527731398678
0.7114411819889851
0.7766807353240925
0.7938792016514609
0.7072255046931994
0.6885374060472443
0.7173374529458353
0.6306977146851044
0.8463169862383971
0.7350308865724834
0.6716897458229675
0.6732044444321407
0.7031345346608708
0.6936228490702001
0.7547479449497052
0.6929658668405514
0.6763116791603772
0.7276205082813689
0.7099655781234286
0.7114406232033108
0.7679204062757986
0.6808869856062785
0.6873099808303564
0.6925628385540371
0.7715536648940992
0.7535983376232689
0.766912424362203
0.6789949285566393
0.7798782211656469
0.6866108682801423
0.7436016672977953
0.7396184504426351
0.7266008935920107
0.736163744546026
0.6985616753354595
0.7100606718628955
0.7375226261522857
0.796087295509246
0.7130239785196005
0.7571155637767
0.6825991037952531
0.7223997915672199
0.7931937086491989
0.7585021171179005
0.7704241485265311
0.7105969467874061
0.7241465971599993
0.6902074747751339
0.6573520268325106
0.7373356068244924
0.7019459780853371
0.6742570356618445
0.7051080881402861
0.7351624365094398
0.7240157179229135
0.6687387220942819
0.7519667474901642
0.7553884543044337
0.7856158883742648
0.6758228844452634
0.7249942619795869
0.7771274760832281
0.7000822898026596
0.7284379675524952
0.7645316462703359
0.7315877385865028
0.772549081772107
0.7693738565721131
0.7833012360399152
0.7060345944240218
0.684224797854478
0.6550254556110815
0.6900485690929958
0.7850763704882248
0.7281690867186086
0.7122445978618801
0.7386197919123503
0.7091997711724002
0.7238141583078513
0.7272058904963954
0.7025427180813822
0.7655523900985602
0.7125121504854892
0.7240246448425829
0.7592472859309146
0.7334769185008605
0.7170639321166817
0.6490914157732589
0.7088965313419557
0.7877924623240147
0.7437542252392285
0.706608722230712
0.7120354374558399
0.7332491249237774
0.7644876452083643
0.743363893072804
0.7796569033944553
0.6908440288864521
0.7299701959323551
0.7431827760818912
0.7703446651579037
0.6901663880116582
0.7214730994117489
0.7123832613222376
0.725018846341651
0.7053030472293003
0.7283233792201177
0.728577038428993
0.7524520104152633
0.6822738856956772
0.7958243408533441
0.7715813740792565
0.6905147587119917
0.712604297863414
0.7330894347586534
0.7497486344439486
0.7000309982497237
0.6989830760395933
0.6874108950293367
0.7129940279817611
0.7832220424267963
0.8209637554261423
0.7769488802254972
0.7208874429653883
0.7563866623196981
0.7241608623450713
0.7246713992760542
0.7044062195664775
0.6961624379976357
0.7200417747222295
0.6913277666282422
0.7689672263191575
0.6695461255511134
0.7427179441597918
0.7701053382092695
0.751029758318853
0.7098210755551193
0.7093982659398289
0.7362039265605397
0.7324808726590116
0.6667983515257382
0.7773866483840988
0.6666188519532653
0.7433747429504346
0.7124704709192429
0.6988773416162799
0.7039579262384468
0.7336035035929068
0.7565520657460183
0.7291516019247817
0.7689224420436942
0.7212573739521362
0.7419297850356095
0.6898927809729712
0.7348613474537946
0.7244133771380473
0.688274577940734
0.7553455782096365
0.7225178700321768
0.6830957723665059
0.6922700500528794
0.6851997836705432
0.7283476640444727
0.7060990764318686
0.7069984889015308
0.7322392483650363
0.7611819800055855
0.6376701079553271
0.6914460809447004
0.7085345921392985
0.6618077611855558
0.7614001944586994
0.6696908872109496
0.7165394997718683
0.6206484187187091
0.7562523539021182
0.7496239625974074
0.7236183857115189
0.7619696691255695
0.7456393311121753
0.7306032816572633
0.7652374038382197
0.7080809591526263
0.7495433573993747
0.7765167780128088
0.6731030340124446
0.7541633471252599
0.7629878591108703
0.7504942432372911
0.7698562925389989
0.727742315045583
0.6950076219420182
0.6973543914536752
0.6876218365812268
0.7244778543098069
0.6999399454516978
0.718206640788333
0.6480286095476054
0.7677864970095026
0.7272145338117276
0.6256447598789142
0.74262594939623
0.7932039868619977
0.6894417249579233
0.7167438587310266
0.7765128298149162
0.7023315468148705
0.6578728307335734
0.7243787807136827
0.7361121708135266
0.7567951460238855
0.7578867624376964
0.736193924858634
0.6989879951872909
0.6475726362156619
0.7037352085557643
0.7234821556260702
0.6574501059858615
0.7219535068573283
0.7110283402544149
0.7774575548880751
0.6915603084267066
0.6804972343231317
0.6603713301691241
0.6886730820796018
0.7130783689639666
0.7064583480449823
0.7212906041960169
0.6811475847285866
0.7291040733033899
0.7393576549863302
0.7597037853292706
0.722862984764345
0.7124491156937375
0.7584358206098252
0.771313116560264
0.7384305783611
0.7538791417267968
0.6848370410507107
0.701708630255937
0.6909467507596478
0.7544630299759035
0.7295758337334479
0.724016385234858
0.7735415895077068
0.7365972867040277
0.6574230510178993
0.7055024018840329
0.8068683276438332
0.7103184159880517
0.727514893914741
0.7036088753720554
0.7762926464628876
0.7490291393660474
0.653991394792764
0.7323022687165025
0.7993301127055349
0.7610175829395794
0.7145352411555175
0.7281578819068109
0.7470826441068222
0.7966366988235812
0.7267402522475824
0.7591483676448767
0.7858560332738983
0.7790358285140927
0.7303675527853998
0.740250291540937
0.7675770017998316
0.7702020003716439
0.6936314409330951
0.7354894291214255
0.7818883936111154
0.6690056105556592
0.6868766274660589
0.7826290762901988
0.6830810847457564
0.8396170718814508
0.7599104740183088
0.8254001075999547
0.6998779384447051
0.7206799878726526
0.7385602518186076
0.7577833049233582
0.7091196758861545
0.676284962585142
0.6911213062195689
0.7497360460756046
0.6918045681043042
0.6873082991784795
0.725482811265097
0.801575731085314
0.7068021811708655
0.7424995288649824
0.7349745545583186
0.6518037140122855
0.7219959093659344
0.7388267727782762
0.7774286195048248
0.6571050619170364
0.6430152091208633
0.6979797950502069
0.6530661151686947
0.7423420768885761
0.6948657156947428
0.6899935689201627
0.6258740505582172
0.651524627012353
0.7496435360492439
0.6665106985798527
0.7461621597435553
0.6986642765718017
0.6579805602847694
0.7021714593290405
0.7625214551048504
0.7525790215868767
0.6557405250470202
0.7472041083614961
0.7154154183185149
0.7033982124124368
0.7512134796023997
0.6918818895822638
0.6687840575211843
0.7719885923740317
0.7709083191988306
0.7397165719669834
0.7547855690789882
0.73198296099328
0.6757403128048199
0.7081573245273115
0.735894942419355
0.7402988503255981
0.7219290440462783
0.7678532204294282
0.7289151710761818
0.7240568532066455
0.7467870333799875
0.6860760062304582
0.6837646883204789
0.6793672769793709
0.661808011552655
0.7528261412934458
0.7160874754523673
0.7204682197724365
0.683295537486492
0.7402643200914962
0.7349526955431926
0.6941288351145504
0.76066961863427
0.7725460814029418
0.68696258916589
0.709979837332241
0.6683657430687346
0.7272428975837961
0.7913826412608514
0.7692443969665972
0.6685230478940405
0.6639854200964308
0.6207857183456524
0.7228806590399374
0.7589215455292804
0.6688222788619737
0.7747370104881348
0.767701387769758
0.7130401383841466
0.7715277345978453
0.7367268158905347
0.7408317509454889
0.7285046458883546
0.7469703335780202
0.6993351714336603
0.7385966793638552
0.6706871829835144
0.7714494729043225
0.7042525898364658
0.6959704407749986
0.7022144973015285
0.7014639748278871
0.641214170015966
0.751656887358016
0.7286724332312631
0.7642373120372643
0.7891321302824367
0.7062628102795236
0.6538410714079077
0.7757216343277892
0.7261818631776269
0.7724228739221012
0.7205185351406296
0.7466120682455728
0.657277377828584
0.6710245467071768
0.6742015914593794
0.7517375384851116
0.7741316508653601
0.7279546011208029
0.6934755553590238
0.7548903886637165
0.7377066647194483
0.7284427609027891
0.746849353417527
0.7625302384639383
0.6949051351071117
0.7697578046709848
0.705901119842955
0.7172170029734279
0.7083475476184188
0.7609938143489415
0.6756170177025521
0.753492027919198
0.7729724546757379
0.7574765979997862
0.7102303654487676
0.7283583867933112
0.7570083108903827
0.7184379195995504
0.7738252837241417
0.7618413695903955
0.6511466159513928
0.7553495551174493
0.7128017429133383
0.7238094770007759
0.7054156293899227
0.7416922935336331
0.7109972109340685
0.714410121236391
0.6993790457664256
0.6713454196082819
0.759696577031161
0.7143157288574754
0.7374230275701605
0.7651970490549246
0.6943157656084922
0.7522558408359997
0.7234620161515551
0.7483180799856278
0.7467864053314877
0.7801738429901437
0.7669550101367274
0.6819670780180254
0.7317169085222852
0.662937928723204
0.7316470897294401
0.7585979130960339
0.7194565348977058
0.7004170738893462
0.7211294584977956
0.7087337992571111
0.7301649464050967
0.7312126159853694
0.7675973209515305
0.7406902812277997
0.6917340541993351
0.8021741304874608
0.6702328313462502
0.7460452605968219
0.7200068490169882
0.7232554009829553
0.7284498297490477
0.700603136372064
0.7674166838406709
0.7033358920513703
0.718292124731902
0.7556571713260837
0.6960210561239838
0.6979582087909998
0.7343423398142273
0.7469481619198836
0.7471233665187689
0.7624063286851983
0.7247548192071377
0.747076312344715
0.6581655948739783
0.7111544571544804
0.7859743349674341
0.7467474947757206
0.7690908869633379
0.7457252258956831
0.694344608106875
0.726378783492887
0.7206882958718867
0.6607043522614559
0.6536101181689193
0.8143789126211569
0.7003140091411976
0.7193682960092536
0.7069081411464051
0.7849044521902462
0.719490163967788
0.7116616840885022
0.7293132268269643
0.746194342739838
0.7144907271030356
0.7219490657513727
0.7172769091412445
