0.7526400084103334
0.6028603304242907
0.664276193138631
0.6789281909191527
0.7584388021187168
0.7303543437415254
0.6340681122055746
0.7249569647737213
0.6667576075150264
0.6317694008350385
0.7838425740674162
0.6456088356631517
0.6573413090537786
0.7357448143239372
0.6466769469310235
0.8214067862833533
0.7539623762944944
0.6453465271140716
0.72100087346441
0.7183778828375968
0.5873595133149557
0.5394170239408077
0.588338976171094
0.5814925721028145
0.856387361688669
0.6805037116330994
0.7857538677705047
0.6173519738752482
0.741447826221295
0.6801396600056068
0.6131248998119642
0.7253318629396132
0.7638758612966416
0.6098662757310952
0.6052939636444997
0.7620105623475568
0.6277073540119246
0.592612047652083
0.7335344454735543
0.6910267166030283
0.8094495203989215
0.8751723432737039
0.6412856814285006
0.8281771222565057
0.7156683219544714
0.7333266635120395
0.7453983520525436
0.6332719007606946
0.6777017447293082
0.7507684517175427
0.5383762324484886
0.6584340186071905
0.7527544080576631
0.5936098420386298
0.7147927468233339
0.7528088655449802
0.6188179584437594
0.7505986424238389
0.603939959993189
0.6037415522248663
0.6101816768864032
0.683123220660398
0.7394257241489052
0.5942111270361583
0.5336690056194905
0.6212972755708281
0.7509155893451339
0.6810172456036823
0.6808800823103929
0.6062629710459317
0.7405913947801303
0.6050006821183568
0.7557749588376828
0.7036132916376762
0.6697266303316998
0.6076128508653292
0.686299803222915
0.5825679023423392
0.6126941326586874
0.5657084293303728
0.6715600052965862
0.6003654479665628
0.6346661863335712
0.5887194449180484
0.6616413016656638
0.6394884342228976
0.5716864039439303
0.6044297937497441
0.4371885014254674
0.7707113549846532
0.7416544377456671
0.6355244165428489
0.6633524474998144
0.6541310015422831
0.6809105298502715
0.7798777630574586
0.5671105844191665
0.5944252204477517
0.6401927169442722
0.6733365727657518
0.7112246936901662
0.7458113973899232
0.610455036000566
0.6502077552892473
0.7902983009683394
0.6339399006642683
0.6403719532297537
0.7905468496787492
0.8383934898509272
0.6816263645370064
0.691521634119809
0.6858086561066417
0.7846802690113396
0.6815216440842118
0.7264975428937412
0.6470456260945039
0.6156208133384088
0.6774802847864619
0.7187051381136175
0.7739915718369804
0.7796173193226584
0.6271937458921981
0.5744414151083124
0.7510242357027163
0.5585580048026906
0.7154938750333771
0.6696748931750625
0.716157972788553
0.7812958748388801
0.6399542003708872
0.663295688706095
0.7365407832760884
0.6325210057757344
0.619188794181169
0.5803416779858355
0.7266313213040362
0.6975964677271187
0.7642379091688299
0.6662727678985585
0.7968691463127662
0.5869545275632732
0.5762301113963503
0.7231733940237742
0.6118833922453553
0.8315001884288953
0.6961604161017667
0.6563911936201975
0.701680840832178
0.735115361549818
0.6552273889271242
0.5924029303130939
0.7190360267499409
0.7447805440729707
0.5085843206354015
0.5867487842265143
0.8202870386424751
0.7220832344303865
0.7575651310104938
0.716484309832254
0.7804727333774231
0.5741787114230805
0.7204095827578216
0.6155779879840921
0.5606811577665206
0.650700607024682
0.7114397788013456
0.6024336369284837
0.6780459433311133
0.6170281104721157
0.6511558256597563
0.6977147347274028
0.6760569168330275
0.7527912343405769
0.7260548288244176
0.514769183796332
0.7493749454749578
0.546263471738848
0.7305571032758317
0.7125642622615559
0.5631768909767789
0.5761338686345483
0.6530956234103515
0.596199039978965
0.8782147792819953
0.6392750707556368
0.6753131786736124
0.6313843795051677
0.6337959119198432
0.6190303189335767
0.5861913869286766
0.6433487286548126
0.5498552441290939
0.6339642675326642
0.7520137805827934
0.7570547628761375
0.6961232291024252
0.6636554250432211
0.7547199093001982
0.6115344768885838
0.6725677781302634
0.6557535894467216
0.608619927813432
0.6444174583889489
0.7830009670532436
0.7199178972369459
0.7958423328799032
0.6865043191268865
0.6640846190642234
0.631323961459973
0.6559344239217623
0.6823721898484706
0.6430917254564542
0.7118988432896659
0.6913045780272316
0.6427201721505995
0.6539483455639208
0.7299210952025484
0.679328436269739
0.6425125010279551
0.6765110782464251
0.6730405379488363
0.6460796957101052
0.6395160015382725
0.6493207255586221
0.579628934657422
0.5962737245649222
0.6169314426856984
0.5920870676772871
0.6788181758233636
0.7134021226269199
0.6729734208969459
0.5837677162982972
0.6344268579606643
0.7787098294332537
0.6443986466919215
0.664826335331336
0.6647756707308737
0.6614419141883752
0.6717048129301635
0.6618470224143777
0.5347559189357479
0.682915735853745
0.5822063176269952
0.6782089385630815
0.7507604887161895
0.7769662710634732
0.6061596965426393
0.7410418052580036
0.7582479681670802
0.7647832701925684
0.620028123390676
0.5382853426368159
0.717313174766038
0.7899966669662188
0.709076719338598
0.8580726014613065
0.6003249126147113
0.6942425586265308
0.6521351806415056
0.5799620065620975
0.724809795803427
0.5871932973283164
0.751717816327001
0.549315129802109
0.6217246225816742
0.6826570644392178
0.579446133377563
0.6141551623915984
0.6290727750194612
0.7041818192951613
0.6567222860938567
0.7886981650887014
0.6823756648875222
0.7426796330609686
0.6340808859453999
0.7058079484454965
0.7122196077888576
0.738546706595844
0.5887364877193568
0.8738320436758314
0.637664687504227
0.7673838807416918
0.7248007804424217
0.7093650439129368
0.663298501431122
0.5752794581194746
0.5755808102584465
0.7455089281776361
0.6720616271541475
0.7234740222140196
0.7018266425593298
0.7295482079566035
0.5419804634617376
0.6360777764333783
0.634906451203839
0.6705482770480778
0.5241330782781473
0.6271834131482944
0.7872028284775314
0.6907954786576574
0.700187985553362
0.6695287980871767
0.5920382546984667
0.77357369973219
0.6480775362770204
0.6725036006751683
0.6689932406686316
0.7614807345704951
0.6567700892419799
0.5957368444621081
0.726675724975421
0.6503022779379096
0.6451161541610738
0.766669562389905
0.5850873138772354
0.6576500273073133
0.6309605121955548
0.6865728157026842
0.6553413740142697
0.6717230985343198
0.8157486595215797
0.6402524967241993
0.7928365656990111
0.8158397146307118
0.6466497810872064
0.5817326261371965
0.6367033566592762
0.6877124011099707
0.6901634176906205
0.6426707590911027
0.6960870640080769
0.7299911635905941
0.7519564420967615
0.6823962613658624
0.7689122503870448
0.7288593152857873
0.6797520033255774
0.6768537945994204
0.8561522263641093
0.6998993709298063
0.7362251930376476
0.6199809041120715
0.6965094770497038
0.6584095972905941
0.6693347245862891
0.6430214194755948
0.6985052174715708
0.7144372083397611
0.710192847151057
0.7118637142341382
0.7075191376429315
0.6782936221491297
0.7006652477847072
0.6211151711939709
0.6635001817922721
0.7781702840637109
0.8121302957317479
0.6427376405930939
0.6366249487204039
0.6484761509840582
0.6897183713777079
0.757967033455216
0.6762210575077368
0.5080028190890807
0.5858213546279214
0.6716235070729131
0.6843586121836557
0.6416767476633075
0.6338268387733077
0.7762075345586643
0.6895512843406408
0.5940198024207833
0.6389826555713735
0.5657266584395845
0.6266836537992199
0.6259353535691683
0.7198811699004024
0.6246585581030842
0.7070265986425488
0.701439923136427
0.7068186148426538
0.6631246764487928
0.6357080251690922
0.734019914721336
0.61811230666554
0.7237792956013746
0.6401160606031014
0.6532213940477115
0.6174154847116631
0.7634295653696543
0.6129719198089474
0.6234890876221916
0.7314371311145528
0.7123061054575626
0.5968599670712934
0.5975946424771729
0.6864006583965285
0.6880332001743966
0.8048429166938978
0.6451590649786091
0.6718239930918773
0.6377992278436017
0.7374005989273202
0.7244036248214816
0.6800660220560993
0.8156160711372153
0.6257478787218315
0.7255996947626216
0.7296323142951069
0.5322034660178769
0.6291418286266311
0.7201018376167285
0.6334874899466004
0.5687345784422779
0.6073709541179249
0.5388006059532024
0.7299644096865572
0.7000964567868334
0.5375539851539985
0.7125971489382797
0.711450277054667
0.5983754456532379
0.5864593091682165
0.7366654698519214
0.5195307619299805
0.6382225065650561
0.593171406376344
0.7198751733133125
0.5550099193761511
0.5756872849028944
0.6720427575789728
0.6339482797574046
0.7480096858048428
0.6893920317827853
0.6817176108356738
0.8085963159215162
0.6452553821612903
0.7164048681107293
0.7062757431041405
0.6700918768113296
0.779695632659914
0.6485161528891524
0.6827265406567053
0.6542677763476528
0.7077287092600687
0.8278589471009692
0.7313702777427991
0.6573327587425013
0.769302623762327
0.6972179311413088
0.6113169488417055
0.6868184419138986
0.5711776853090956
0.5918535791856958
0.8170886475662122
0.7486655253835656
0.8038840570238271
0.5320256246496753
0.709562387192982
0.6656406478041658
0.6788835719224937
0.6854309323182339
0.5552352785753425
0.6532354364353142
0.650872363879871
0.7159946285999125
0.6483078804162536
0.7038971455823654
0.637053454291184
0.7122629381968013
0.7844977520565479
0.7242729115434308
0.6394030290320295
0.7044756653254517
0.6608254023824517
0.6750962877880055
0.7510319717935288
0.7810154827748572
0.6193980626617925
0.6733415769454402
0.7412885885593161
0.771513377733609
0.6526766252839457
0.8124431568938396
0.6467563846991725
0.8017644519711062
0.5511497096479298
0.7209308368826258
0.6515566020828997
0.710732716187478
0.6469119405038537
0.7836390004517233
0.6942240821112625
0.6147393406971177
0.7417931241181451
0.6272495394029278
0.6335992324100597
0.8062807065949681
0.6318752048444538
0.7061256715205855
0.5987302347915074
0.7065082928682633
0.6631422182966614
0.7776911275885406
0.7162140593900089
0.7102865196177346
0.741011778364202
0.5851914828609437
0.6285727356157872
0.6860425302082215
0.5684585898469666
0.7323101995899319
0.6771699173998249
0.728697199748639
0.8065782332280069
0.6589628529891615
0.69532052704712
0.774169311826848
0.8160430232043691
0.7282204590115262
0.6945072435010256
0.7463267317574356
0.6573705178947553
0.6915302587688648
0.6403440755233113
0.6271325966319283
0.5706901607059046
0.6851765438164432
0.7523840771933225
0.5749565226042617
0.678377714027453
0.5493909118405744
0.7268468963039353
0.75706919921466
0.7866380886200254
0.6491819524111453
0.536178443622129
0.7412906261117731
0.6648525386484306
0.5265567539015356
0.7251686340171613
0.6550749226240683
0.5762647861887104
0.713560342180521
0.6865775586130671
0.5482170008912755
0.5317243384718325
0.6672623172880695
0.5625090319204732
0.5854359219339954
0.6821301988182121
0.5747191207053215
0.6144177038159369
0.7689318454648958
0.6129546250760552
0.6370708171277322
0.6594679821172281
0.6500772276883684
0.8223538467126873
0.7289998717374424
0.7035603242586514
0.7559729840273076
0.6446208135831245
0.585826181283266
0.7196114130831376
0.7520568272948248
0.7679892690703266
0.6500477089768829
0.589348757598731
0.6370564129005365
0.593089692226059
0.6150839045392452
0.6862521454800183
0.5941567506255047
0.5748169350303916
0.7276823999635548
0.6376540388267212
0.600493291841219
0.720389123149554
0.6905857943276482
0.6977678010266326
0.6551583179196351
0.7459130212004046
0.6677144482169695
0.752512924408896
0.6525287368606733
0.6852944287780383
0.7459865304628632
0.5944059146896352
0.8423353145269363
0.6323763998720804
0.7854111742488292
0.5944763176995234
0.6768545478784171
0.6646005771351522
0.7638575927996782
0.7383735562332815
0.6055309390571045
0.7221224387822015
0.7650130568015936
0.6602633586328913
0.7817130962704103
0.6370391969085089
0.7266762071595065
0.7343423048973236
0.7021679115539502
0.6560745858952224
0.6202470719126059
0.7178884454244079
0.5458505287254427
0.7640108662280742
0.6265607195575865
0.6427102635229613
0.7188611416697082
0.632540290403478
0.6272295023912495
0.7178595527406495
0.700247018796734
0.6449082463073366
0.7407859320639636
0.8807058344688774
0.7708563504472131
0.6460149507643403
0.7409294066033216
0.6297712098879695
0.6044582782419536
0.6752406600538899
0.5961648001722653
0.7065686535733727
0.642013138581053
0.62768222545278
0.6901568854484733
0.6779469872303806
0.5684158214493693
0.8371009229403521
0.7031983627177318
0.6175767585370716
0.7116312652118887
0.6658417974822783
0.7290237240996189
0.7093324507807268
0.6233075644822961
0.7719125421905316
0.7019546699682178
0.7881578486163018
0.6713687281831876
0.714647919205556
0.6971500866062844
0.6011414649156427
0.6691082273043606
0.7098567789343178
0.7273744091115079
0.7364151521753323
0.69264349186457
0.5658698545658842
0.7064148500329398
0.6959238816303178
0.6045090630925665
0.5732427749522186
0.6182921680866763
0.7406330998318259
0.5358823763656634
0.6516598370405563
0.7706125368466643
0.7368076148271848
0.6820967333400785
0.743635739765365
0.7063386478834359
0.8211954214251189
0.6437865601821909
0.7171304450792264
0.6277953178123099
0.751633196920403
0.5882278159027724
0.6791213638920353
0.748542007586414
0.7846979049146678
0.6789643782556349
0.6767702929412883
0.7889970840700098
0.6960219608405375
0.6678318609520847
0.7514491701916016
0.512424402598434
0.7008966113784967
0.8865209927416197
0.7882454926412858
0.7328517415085489
0.8043134065498722
0.698261829836016
0.7147416665434411
0.6224079160641084
0.7212768687909425
0.8135623021239948
0.6983843110017071
0.6829641841862832
0.6759249510897196
0.6458211194556772
0.7464860732175334
0.5933204268639503
0.6571535239102424
0.5800389393362853
0.6677631474267103
0.8213997496213731
0.7314263461823675
0.6396100850626711
0.7180328295744847
0.734318841571373
0.5864655363981526
0.6903686858260117
0.6664768807338807
0.7132965270332232
0.6932191068059942
0.7322698913436078
0.8191207207923218
0.7443896343535412
0.6706592243377215
0.5540878682153564
0.8141521153359702
0.7185790800047502
0.793881316051374
0.7050112322590848
0.6175783658698484
0.6267565097852291
0.5846280124303801
0.7453923069685597
0.7217207474213622
0.6956414800187727
0.7879437656205857
0.7052466694288485
0.713333386711831
0.7197698867412933
0.5441839789389035
0.6165136025646488
0.5736240484439038
0.6745073883184303
0.6310821406268259
0.6861520841729286
0.7589159809148848
0.720881378777472
0.6129077948542504
0.67196068110019
0.6278303565237464
0.47915490620863543
0.6426399341752369
0.6805474627225055
0.7233620468546093
0.7911889887708857
0.7146800290902166
0.5822706421907018
0.7851581243698605
0.5072004312999726
0.6350812542446295
0.6822665103995345
0.5400985040941311
0.6778705128877429
0.6730317520629362
0.7897039630838136
0.6406803429731504
0.7609855043601621
0.651094335320955
0.6598311472601285
0.6181624107370455
0.6612016983525911
0.6418507809507461
0.617222274970136
0.7148792298118336
0.7330760948740587
0.6958797565951428
0.5333432728967517
0.749487883560221
0.6677329952566462
0.6856789283628332
0.6830585173294024
0.8290261631571055
0.6495128019584261
0.7620078030299543
0.6022312255515561
0.7658573545560992
0.6158875925271435
0.7366225150809746
0.7542978930683221
0.6741301914644442
0.6520368652365784
0.637530551580951
0.6518900554503122
0.831275488954673
0.6527314463151811
0.7247890259671209
0.6998718744605565
0.7039635994299962
0.5550932610795688
0.6344315422565838
0.6556625145033609
0.6745854420697468
0.65241882339608
0.5790780697346026
0.6471393126544612
0.7029231708206884
0.6597106654675265
0.5723961223430589
0.6258711723486513
0.6627392609457144
0.6499898360748992
0.71770255417847
0.663100404070529
0.6406349996159344
0.6843727095180315
0.7404108790318819
0.6732371303280874
0.8123557898419255
0.7470074178748592
0.718680652652433
0.6244113922425555
0.5918929694729215
0.6362467391200753
0.6392018023745939
0.7484899936828238
0.7516471141084922
0.5776344429895287
0.7360969861659672
0.7533411802799801
0.6901906420466617
0.7657548497799819
0.6794641039538276
0.697790975275362
0.7164324644442124
0.6502434400685956
0.7058027220501647
0.7207820415231353
0.6333585454132679
0.7792431327817473
0.757232059077269
0.6670247597171057
0.7464935289133102
0.6760617636226051
0.6938205023552261
0.6480867352380266
0.721962278827947
0.5734305751903873
0.690030394315598
0.6387829147644811
0.7243923473198386
0.783465232623086
0.8557466329013997
0.7842190920437694
0.6497417191332566
0.657052391646605
0.6068721736672801
0.5950909822573278
0.6665968279286659
0.7552120433274321
0.7632181835003147
0.550029226668091
0.6586248354918673
0.7350879896308893
0.629154880418754
0.7114993626559026
0.6495835238342279
0.7885046033659544
0.5958072871790061
0.7340071169234553
0.6869544286134354
0.6900047449160284
0.6618873382105434
0.6727764459037376
0.6329588365906709
0.7030648808612366
0.6745657919808705
0.6560309038847866
0.6708103342682457
0.7715903834782278
0.678435815995055
0.6451696332090703
0.6451628916634119
0.7032367296051588
0.7602703702886802
0.5342274191921278
0.7137250825473583
0.733119661923278
0.7039611119680877
0.7091959755391787
0.6220655839402174
0.7598934588083284
0.5703964726352604
0.5882095057009654
0.8534564555224433
0.7286571879294591
0.7043173517119822
0.6316855975420776
0.7806996836428689
0.7531862609547482
0.6371275541298481
0.5961555925396663
0.683353071423632
0.5857033189989584
0.6470943916059079
0.6053487410605398
0.7100531309213198
0.6484729961998079
0.6840644004451422
0.628080059353796
0.5476562502395602
0.7661357753180048
0.7041645639443587
0.5945922695981424
0.6443630394132467
0.599877140129752
0.655426430205015
0.694993092005634
0.6693628170011001
0.8351260928449171
0.5891258266807733
0.7220361578807925
0.8540691404072219
0.6831869405370762
0.7218608880094056
0.6122265548696232
0.7001900914939109
0.7358637919520022
0.7536392166996009
0.7034353241032456
0.70898733845297
0.6001334535156834
0.6877743862280267
0.5617136699300036
0.7577570325752839
0.7149249423546707
0.6156612425851806
0.48774520246819325
0.660024355501032
0.5272002353719397
0.6160981838455959
0.6407236399805613
0.5702402871794658
0.7919506693642415
0.6765855427617683
0.6409997503122269
0.6382974223764665
0.5924705626086504
0.7154851623642263
0.6182279683117987
0.6245542249611908
0.6778809582965702
0.8253520493883322
0.6359181012258006
0.8074623703398551
0.5253276452075282
0.6545621664943964
0.7006322809556311
0.6492944966442314
0.7648357940243602
0.5108156835018036
0.4975376961972514
0.7415472962352501
0.7001835514250525
0.7845309411913582
0.5776568787336365
0.7107918860868785
0.6618791344048721
0.77626071081658
0.6746173848738398
0.6878244595822515
0.6195416018001928
0.6923677623456895
0.6956117798266428
0.7092436967362755
0.6142830527762823
0.6715267086708182
0.6271255964360342
0.685444402943152
0.7154964796469928
0.850235433549845
0.6793299735563244
0.6324418889144815
0.7180136349193026
0.6611868030570173
0.6512081819719051
0.8047292802647018
0.6721781161620223
0.6943439006549408
0.7952636841977938
0.6532778119592478
0.6675514080747865
0.769936716584531
0.7320475720729267
0.5904553666143886
0.6632350843905794
0.6870252901842565
0.6548241547128031
0.7039744397306089
0.736650223425747
0.6465913302226648
0.7363532487744068
0.7705940302955874
0.5909987692270297
0.6263961009358541
0.6187902297341922
0.6736517216272939
0.5619270437462703
0.7335836410893287
0.74925426833437
0.8049144289765909
0.5312193555088204
0.7396228522259297
0.706046488620243
0.7244939343947129
0.7093969535639797
0.5372110654547037
0.6923501288209183
0.780586641775149
0.6090697833203385
0.6160954959971878
0.6954904631838029
0.5238444451128369
0.6812754460596718
0.6262455619979154
0.6636669179175726
0.5531505282332895
0.6283452950769987
0.6141075275386438
0.5974843667050103
0.6359240446305883
0.6661275599300709
0.747359055944091
0.6882558000827123
0.7395167113640779
0.7797200632341409
0.6493053748728471
0.7709488372783304
0.6635662455759249
0.7021404382691722
0.5773247304622756
0.713007180174956
0.6508014555304265
0.6921738561638321
0.6984535757777085
0.7020308291873191
0.6857026750267023
0.5902185617977751
0.7978273463086383
0.7554260716318743
0.5385959350329924
0.7550473861177236
0.7117236951612613
0.6670657963816595
0.6208107693186399
0.6711242180277408
0.6612265923478245
0.5404062186485221
0.7316019388411991
0.665587579359426
0.7656991833396245
0.7177584621815333
0.5740203566610056
0.6541255734545334
0.577384522823763
0.6597827313560601
0.6066324292947639
0.7140877897803348
0.5993862324587165
0.6452246898498978
0.7397857719333577
0.5946395662910979
0.6593691154843255
0.6481899202634962
0.65852168477982
0.5635816795747088
0.8069102896948102
0.650340301269598
0.7206114438768028
0.6130314809949979
0.622928572926677
0.838757552350693
0.6291411813353621
0.6915646819606114
0.6135714830606301
0.7153603727646588
0.6457075338923643
0.7154431337529594
0.6599047996468856
0.6138145611201793
0.5966470810880864
0.7230388706594504
0.8431996804020331
0.6636765722541654
0.6609014230435344
0.72703424370872
0.5807177498140405
0.5189465239524125
0.6946568489016444
0.71199407687938
0.6154204327646173
0.6681772942956729
0.6073023834308643
0.7768760010378273
0.697203580765761
0.5721355437177424
0.64607347516319
0.6592390765645738
0.803241473677467
0.6874326668973639
0.760028596672174
0.5888208841265486
0.7834699239835838
0.625282191543816
0.7092795065029194
0.6816498278909587
0.8073908601814896
0.7379417125288524
0.6651295334661249
0.701408072620634
0.7984235577502936
0.7267422082633012
0.7422983456246101
0.481456588547691
0.7188262695266121
0.7401585143855705
0.6418969546749473
0.6499557038225374
0.6865487451217762
0.6306718829845326
0.7568685770198561
0.5904337175642808
0.6360404747476798
0.8035067562464601
0.8629001053311592
0.6966195546492069
0.6909825864993178
0.7251497942070642
0.6841295021231705
0.6759439688356289
0.7893402863967247
0.7133484484179768
0.567188804780903
0.700272035892739
0.6395083272896764
0.6694112118582064
0.6591438426007931
0.7081315143218684
0.7495654408984131
0.7177576746371059
0.6003608786182745
0.7849490570754701
0.6032918542217427
0.695219573418307
0.6604042208330868
0.5189521894911139
0.7529760284764281
0.6625033377644699
0.5668104262312147
0.7586060137540046
0.7111733189103019
0.7699848476517109
0.7426707828216246
0.6807932242239367
0.6856319543894275
0.7201705165928514
0.5923426134611671
0.5673801825069503
0.5375048964747116
0.5297768719341343
0.6255670626719736
0.6827571940976385
0.6872673377647811
0.6049883359869349
0.6783060384490921
0.6278125216642654
0.650636362285714
0.7345097359397433
0.6290394643521555
0.6578417254419947
0.709688070418701
0.587304353691658
0.6345397471180567
0.6962068839340713
0.7212850640598856
0.6899156736554073
0.5808512622556056
0.6524825308560209
0.8034336250455728
0.6281529704068792
0.6108479525987305
0.749335656888707
0.6611628999676207
0.6281983177663236
0.6996264058918897
0.6704038393009072
0.5991375101429469
0.6719349411349042
0.596863285670759
0.5559375606353002
0.8194024098864467
0.6668847279885389
0.7396359714700494
0.6993259811807468
0.7036875745710338
0.6899657446927415
0.7046659266144218
0.7834334447090847
0.6645670872938007
0.6341940198941648
0.618403339743379
0.7425242934448775
0.5921458649667525
0.7518114568669004
0.7887445455338142
0.6199264444667725
0.7641190518466174
0.6305795885862281
0.6307792432099671
0.6028284351411142
0.7968672053606537
0.6422904727950027
0.6145233451301971
0.6649998376423473
0.7576688878456035
0.6926700395181277
0.6534875654640123
0.5802978129332909
0.714497964963055
0.6076976424823274
0.6892369500878982
0.674791236207745
0.5061360259739504
0.7387621692658217
0.6091899893973444
0.7911704309949599
0.7614745350645348
0.7204138516837277
0.6791512416729933
0.5937383268575069
0.6859633513071528
0.6406140662747756
0.600965053766717
0.7606820400515332
0.6424633125314637
0.7243077833420546
0.6496336862664988
0.693134737284236
0.7555270650567145
0.6481625889826905
0.7437796174105689
0.8026179888366622
0.7329081447877419
0.5353713406530682
0.6208450628448932
0.6386791544311113
0.6287154200067793
0.6635733855091929
0.5798857686769453
0.6393417979895005
0.7453171756169279
0.6913243095311116
0.6662649323528183
0.6689221432624879
0.718753380588682
0.6768517554845541
0.6903013001123454
0.6316854166923787
0.609405568763405
0.67961077323337
0.6929681243502964
0.6485431573552517
0.7581483346330637
0.6673939839965431
0.774204198356704
0.8143239939844008
0.672113123160225
0.6487954161786215
0.6333882647982622
0.7552177058377165
0.6372844887597495
0.7180518953058828
0.48380714904219546
0.6964164365748698
0.6985801183027527
0.7306902067726018
0.5622397754232766
0.7959727196145193
0.6381696704687881
0.6368426965724479
0.7238692071694282
0.7618646368942152
0.7351512889569001
0.732592667345964
0.6985913814375917
0.6908528059017078
0.6378667040536984
0.5893450878174121
0.6790519458853226
0.796363888927821
0.6916584057471952
0.6165879992262341
0.7293056689302438
0.5382170249785531
0.7049627278664261
0.6746527969918379
0.6124865245791967
0.7321775058716715
0.6459927460181452
0.5304851344877178
0.46689901359607544
0.6118926602897526
0.670031442384272
0.5452123311751195
0.6559937149144182
0.7722771228597883
0.7722851608227668
0.7394600751019913
0.7227542777926562
0.7040523459959863
0.6837705625044008
0.7247878676923031
0.672919377038702
0.7029893311596611
0.7575752548046597
0.6938822522826623
0.45071387846742417
0.6985667067015395
0.6404974368335845
0.74831179496682
0.5936600536741218
0.6689787822234005
0.61037540873486
0.5603229968905569
0.6363877175073355
0.6084877264694158
0.5836054459975712
0.7043977310566992
0.7257827377793461
0.7921818438312861
0.7515516167608141
0.7807582011596228
0.6701366627671269
0.7831700683602254
0.5904595639832613
0.741439781156366
0.5978047057754318
0.6715191233302602
0.7163018542101283
0.571684475898416
0.6318036407441261
0.6817629800402757
0.6782011950569429
0.7191692212446407
0.5859581022658269
0.6231549258535257
0.6259760310539612
0.7558848989663122
0.7278526146244122
0.7344097701430214
0.7509869386534653
0.7544999358669768
0.640967913228629
0.6354737855782888
0.6649123900925233
0.7852157713038017
0.6075803585749807
0.6966274783495022
0.772532596782509
0.65768380040492
0.6878362003534418
0.7434544788160233
0.667478280623864
0.677084864673538
0.4942514792968303
0.7319170051255857
0.6742187071541336
0.762845250758587
0.7796753553228586
0.7051753649499041
0.7611405039709112
0.6984214040404239
0.745297991518439
0.6347410532079504
0.6397043978096086
0.6174945343461486
0.7828983724703871
0.6811447453910424
0.734275729931985
0.5053103923675305
0.6807590734122456
0.6015416079808963
0.7716733707701418
0.7416814173969142
0.6563855378494154
0.7215967812410342
0.6532542081648902
0.5884706968306158
0.8212256793785823
0.7759932749325908
0.7092323032050003
0.6310259746377288
0.6857734638721564
0.7709033143376927
0.6362225379100632
0.621329009303853
0.6185636138713343
0.5105368373907446
0.582595808248697
0.6880516569409967
0.6070387900729877
0.753299476588168
0.644120313830156
0.6213821134944048
0.6400374749976614
0.6162972264691519
0.7147809507771892
0.6483468960692031
0.6745492055268677
0.8015559023131391
0.6926408080224734
0.5474935555034719
0.7643977162558004
0.6537065482746334
0.5860197941709159
0.6250280582029163
0.614843237289663
0.6873795063270219
0.7001707400563033
0.6115083473552415
0.5774920254649561
0.7862526687781034
0.6810329137512112
0.7534235487128316
0.7087881317164859
0.640849349113853
0.5076563397832988
0.6488991369379659
0.7137595003043272
0.7009042196440476
0.6840067057763766
0.5171422549555588
0.6872267688743394
0.776091483075721
0.8586333542846677
0.6578365774811048
0.7304817760209914
0.517790240300481
0.6468775164660588
0.7241390903793934
0.6657093292403925
0.6865249245063851
0.708093276021449
0.7259193725571699
0.7622845774236886
0.7599679541219492
0.5798628719789082
0.6187081538907195
0.6121368756728541
0.6982198684303597
0.6331982607404602
0.8365772062494894
0.5900922956913727
0.6991556317694444
0.636053422283232
0.7458077414231201
0.6864149430970801
0.625147661117913
0.7048968316136794
0.7311064516700196
0.7356596029987693
0.7114032227268573
0.6774316180287481
0.6362200056417803
0.8181886097164512
0.8359592888693184
0.7941785544486526
0.6772148727117066
0.634232771526866
0.6562598559634311
0.6977220402173878
0.7262382674119842
0.7213339652649859
0.6426205084395245
0.6589586693738492
0.748721470630334
0.6552193088544913
0.7095726227218688
0.6283442492318826
0.6771495888167227
0.5558878106087057
0.7158695215434234
0.5865022311242538
0.6627795729459108
0.753883320752359
0.7346695634580491
0.674305318711832
0.6534537959491402
0.5998868332901726
0.5941674522858414
0.6118759068911486
0.7332729055498041
0.6385144940154446
0.7233681484081994
0.596631873397507
0.5943899448841192
0.7986126332778316
0.7283349251501307
0.7508199676303071
0.6958889355732931
0.6966698859940285
0.5921153482234308
0.5964816349330909
0.6720641074698541
0.6886126956609661
0.5684439154519432
0.7868181886734709
0.6062895531041811
0.6909907410427086
0.6191078363484209
0.6499873490751114
0.6814076393413937
0.6136787239008487
0.6720640251643893
0.6998754115982907
0.7023607725707876
0.6710039620187146
0.7583970193600699
0.5901219014730659
0.6398247872360443
0.6899818358669504
0.5936408153550231
0.7141439656538641
0.7018262362526052
0.6088496814237296
0.6735409729886587
0.7304865825417105
0.6073364701002709
0.6644769545609982
0.6737619267728957
0.6245952245566003
0.6207811167569679
0.7019257317177957
0.5855803265848879
0.8262394110878621
0.6695791803629915
0.6557013703159806
0.7057799188881065
0.6702875214804349
0.6336636111431952
0.7073146181077762
0.7206482135597164
0.7158594493923448
0.5686965521404667
0.7055657746482645
0.5165844794241975
0.5786210484657993
0.6096422725563727
0.6061056351674939
0.7334712877226337
0.7693021398175389
0.6044522575596724
0.6456090198125708
0.631777775404329
0.6558209697780619
0.6088831123334321
0.7071094760124094
0.6526929043542575
0.5838141936742121
0.7016761324901494
0.8137119741766308
0.6387397787523482
0.6715565115682803
0.7127200689346647
0.6497906157152422
0.6598523286309489
0.706635836635915
0.7251126244650316
0.6490765927640357
0.49410743885043995
0.6393378605205999
0.6342879987109642
0.6723222121041039
0.5971918154698054
0.7081800138779766
0.6254866514990409
0.6158377004908734
0.7767803757436327
0.5707916906113004
0.7539180882701227
0.6139979821717354
0.7221583290012299
0.7056852927179627
0.6736075168452992
0.7345769642687546
0.6520096472983242
0.6612289922625939
0.7267503089764954
0.6751571883058826
0.7333549806303378
0.7200690847324427
0.7497579156763563
0.6029952777461781
0.6989214966361347
0.6274762596608997
0.6079183149500713
0.7187936568412072
0.7179294275401383
0.5560117762950797
0.5900468750900826
0.7991115405171773
0.6278570955151201
0.7637258985543436
0.7156275652343729
0.6403116788217244
0.6048154649736941
0.7418913271048617
0.6516408575768929
0.7052702131284836
0.7089457729173655
0.7331571833164312
0.7422909284707412
0.663659305409122
0.74592986512604
0.6550295566258533
0.5199375230946223
0.552145240837384
0.6684629583826571
0.7563614061962459
0.7798433740750355
0.7507764912408146
0.6500670814760039
0.5723867529533998
0.6403062342833001
0.6173643646112495
0.651757860278646
0.6158685963154412
0.7103914198135924
0.5433112166802881
0.6398556678740822
0.6179833655392077
0.7383683778935662
0.7142568933844435
0.5971716014992546
0.8287266134281125
0.6093728205684595
0.8253705381923082
0.7578031990134781
0.5877040455071433
0.6130148509052822
0.8093007078919136
0.7034654239136281
0.7134337717807009
0.61081978670542
0.743985816186995
0.7063220133725361
0.7503654574029259
0.5649607404842073
0.682023469212414
0.6553078923047811
0.6202684031373561
0.7611474372627711
0.68756237943976
0.8335136027254588
0.870891510048636
0.6314277652066526
0.648648327420653
0.7556398847355776
0.7157923024331341
0.5437138430561611
0.6879486787781413
0.6676844586011186
0.8300613525513645
0.7547476441886388
0.5770559376297092
0.7564250214478646
0.6802224316064152
0.7493130945990245
0.6929252658352447
0.4794351987687847
0.5970331773245449
0.5801964964779933
0.7365783343877979
0.7347163910650956
0.7250772080237347
0.5952956720287361
0.7437566144247718
0.6307758018757571
0.6917996667270548
0.7019361760029984
0.6030908641230015
0.824171549124349
0.7166160955908782
0.6405694598201266
0.6933087086037839
0.8156872891917866
0.7314304811772553
0.6967282512923774
0.763589419197545
0.579433806667024
0.7624673842461595
0.7232188662041162
0.7160226960237835
0.6817158283052731
0.9224467100497589
0.6087337479630551
0.5142606627063663
0.7315666413925529
0.7231931712579588
0.639387409845479
0.5647923496437307
0.6887586889694801
0.7417376607223658
0.5853483443629417
0.6327424106733689
0.741187721176392
0.7836695455637379
0.661998719058274
0.7966563455178234
0.5719886883308934
0.7580802466151042
0.5192440838468932
0.633370600739198
0.6737618968828246
0.6986580354731821
0.6892956715318547
0.5227798570740423
0.7055917700807165
0.768389671424273
0.6490910491111127
0.7155004112460355
0.6503209887293115
0.757358395399332
0.6802735824649695
0.6842098171715824
0.6739929789393689
0.5519802320925286
0.7858375265773297
0.7635423627294322
0.6598663697340154
0.6384337158874916
0.7394351018272789
0.6641239941123219
0.685373947713502
0.7000348054504952
0.8446877709978945
0.6384620401836618
0.5099332337871569
0.6377068907048571
0.6505354149131749
0.6580990542466685
0.6775949869228629
0.7801850668602412
0.6148438601486345
0.7659645402518401
0.7092630098873013
0.6769398178113377
0.7826796313106223
0.7975237304700137
0.7143614267491389
0.586797903191057
0.6668116216711878
0.6310680719954304
0.5868688838741508
0.5974126502820525
0.6411542434490933
0.6818411024886887
0.5770086011097426
0.64094992681598
0.7420624801496224
0.7107186591362062
0.6635836122911217
0.6691698813295207
0.7208023497262117
0.6883394960780631
0.7186090390073981
0.7178692841666827
0.6567474149420924
0.6001660440456699
0.5730269607689175
0.5370035680787896
0.7274705967929016
0.7331032742897244
0.6691250876013124
0.6151909902907174
0.6396249234293631
0.623927627623199
0.638554624883051
0.6915566343912171
0.5903890697680928
0.7696007285526006
0.6395281182968092
0.669287683927494
0.7043741276249628
0.7071747075847923
0.5108411455946418
0.5750940403467223
0.6130472205125762
0.5886161749462168
0.6229755089478412
0.7370415664236863
0.8211919141171907
0.6987591695574009
0.712630594607985
0.5823108600371283
0.6492708359305689
0.7478968691571783
0.6379296380748651
0.7361242075932815
0.5596991333228365
0.6343813255501832
0.6414095557976108
0.6578322472162362
0.6741745288234858
0.65882485744002
0.7510659476857713
0.7613977361013907
0.7119175924862463
0.7204097069545772
0.6796117962295442
0.7649087433508575
0.6890252569214916
0.6845359868505159
0.7355263683286039
0.7226798070729594
0.624631831502073
0.5688284513334146
0.6018157203387047
0.6620312712912494
0.6400028966250219
0.7062466777626919
0.5991402498573724
0.632473118394883
0.717174518476367
0.7135307880852911
0.7627309906649579
0.796781453137274
0.7160633358063642
0.5951719786890295
0.763910873110254
0.7388427105860046
0.7684645768055892
0.6047966468714568
0.5951550338940648
0.6636814112130215
0.6049779809661628
0.6836438562280259
0.7068800829523918
0.6103799237065491
0.7892532472791285
0.7462007659822422
0.8483196182763849
0.7269631618351807
0.7052962201978019
0.7110043469513424
0.8170103972809335
0.7697991081838507
0.657677861578036
0.653115258065377
0.6755194933903721
0.6152419828476847
0.7235218924126133
0.6509220305994328
0.640306997525719
0.7964272973059825
0.7223794129917942
0.7649496416175576
0.6022984821590893
0.578817743811788
0.8185923689653221
0.6547184217037828
0.5719079475110878
0.7366575153559569
0.6887604069265097
0.6873068486364178
0.7203455388091025
0.6825909174202981
0.7751506541380284
0.6904875740278608
0.7239469942593187
0.5732374362686908
0.6280142695452204
0.6393532046560328
0.7428717820751233
0.6608588502521376
0.6753492271162611
0.6432259690842996
0.7285754351460515
0.7437106592629841
0.5701099975552248
0.7373617327093068
0.7040145826054252
0.65505808569683
0.6469226163064139
0.6895638917605939
0.8006560310088655
0.6261594477127677
0.6655448573131226
0.6382670694208921
0.781316879957816
0.7088916466932192
0.5541539658498004
0.7645552269056493
0.7214264075635747
0.7107956118057018
0.5799314071708778
0.7023336016215334
0.7308942385961388
0.7242904299112943
0.7387081444989961
0.7343558745340489
0.6940603658606151
0.6171398622909818
0.6176531625567647
0.7104629500640405
0.6743712906177669
0.5700392113193624
0.676712471448622
0.6516732910859502
0.6714161556119226
0.7335832425807167
0.7593601233217424
0.7237217207038428
0.6780014154497271
0.6828581372959471
0.6762558135720457
0.5540131544722954
0.7534052325178358
0.5853194897837766
0.6170034171493534
0.843546227574256
0.6101516305505614
0.8810682289177599
0.7047555970484071
0.7012354032863188
0.6705604556113225
0.7563890081970269
0.7007014724455453
0.736727204134668
0.6899026424599023
0.6220815988093961
0.6524393434216105
0.8002960864644774
0.7046739442731412
0.647416324822456
0.5377538843606221
0.6184652899645982
0.6684342157076222
0.8148851379068137
0.7171004056060735
0.6090189751702548
0.8550001658432029
0.6350066601140153
0.6565401945139007
0.7556128108385012
0.7361001986829511
0.6418378309108927
0.5589299133211273
0.7414550905183127
0.650872747366339
0.61625531237806
0.6526520374452762
0.6272869333207706
0.7683690818126007
0.659999892252784
0.6847244180284456
0.792095651269935
0.6781268238809274
0.6179954857435829
0.6501714371178733
0.7283620832809292
0.7969922604888067
0.7617669158737029
0.6781303200182286
0.816171769500732
0.7317665420070223
0.5355026721051619
0.6860853645475885
0.7357538249755251
0.6525215729800422
0.7739183182071463
0.7412171588409021
0.7399939014478863
0.7513225752402926
0.7013382574034542
0.6224249119690015
0.6631322548420304
0.6524185473139528
0.5969981030223002
0.6886762271664605
0.6643321397648946
0.7055509725482543
0.6945552795022758
0.6902067062212448
0.764308013548354
0.6453770926515913
0.6368188036632043
0.7259212791073737
0.5970476599617637
0.6640204933432111
0.5275574256783113
0.5989499686884429
0.7591534334928403
0.5586714572889603
0.7184790727020522
0.6946508514035161
0.7874737996146927
0.7433801525684295
0.6533680054590518
0.6674091176505265
0.5692557897688668
0.7468859583751152
0.7383537673620603
0.7180361578652367
0.698930227673587
0.6374440104910621
0.5966672360697358
0.5366617386332334
0.6075764635374687
0.7116860443203769
0.7676098655598864
0.8244145007907708
0.7046044975686508
0.7028765537824818
0.6328566441466341
0.6019980322020887
0.6406196454154961
0.7324789252812596
0.6965124694422089
0.6073719864828308
0.6957176594830072
0.7242385778515789
0.7458775789570746
0.5943468119802747
0.6563649547675166
0.6882999427284041
0.6988931662091815
0.6910401332745096
0.7237422277731898
0.8150184187699453
0.715696716734569
0.7188600527438994
0.6545948899380923
0.5678133695291288
0.6655212092472313
0.7157569722566058
0.6339377718344609
0.5058691981519866
0.581203333366805
0.6588298769980857
0.6877790057585478
0.6208827362637749
0.7139411497796885
0.6757522128430786
0.7775806679922243
0.7291647208542423
0.7253670556239952
0.6493918744194563
0.6179035572494093
0.557056755214848
0.6162997036042913
0.61333828664015
0.6284999595858154
0.7657973731810475
0.6595069672908483
0.7134264273251208
0.7634731404501776
0.6584103777279854
0.5755303455622621
0.7201374191852417
0.6254256333223402
0.7014899715492294
0.7274057360666365
0.6978165457548259
0.486173754839555
0.7020859019428132
0.666271206363657
0.7447180158222805
0.5937288227729819
0.7301663332790882
0.6892366479627121
0.7226910016379324
0.7953871211363329
0.6602665637924968
0.6288956043635499
0.6912788002248239
0.7736514255755698
0.6752165724819116
0.719373967390187
0.611333183920284
0.7025289132045087
0.7079319908596582
0.7401473037924017
0.7000045472766949
0.7069199046568582
0.6550413738367055
0.7601694116759468
0.6648214334921082
0.6332737091945996
0.7274241311332679
0.7515667963695248
0.6320800262205014
0.7302406653531871
0.7485622640680494
0.5992079133583348
0.587074649317787
0.6894653548044457
0.7032191083334235
0.6607981844867912
0.7139908056349408
0.5923691212885246
0.5966569285469513
0.7454673834021758
0.7446210628664619
0.720176303438806
0.7653845175786143
0.6749917671434799
0.7216442797252597
0.6874777873150174
0.7632470313731032
0.49202517696433984
0.6590561503829796
0.6985780767195968
0.7943647931038865
0.5906768059570846
0.5528985139335602
0.7111250929037926
0.592840337428092
0.6688640005096974
0.7345258097103219
0.5840572864143462
0.6655695610075677
0.6931403281508575
0.5455741895274308
0.5745696779394891
0.7700224777092554
0.7296476092331274
0.7783951718695962
0.5814645051030353
0.5208999554067428
0.6461247027850185
0.8519806407091318
0.5924291320066839
0.6793274135802351
0.6328907516392005
0.5404256198584633
0.7240474479671649
0.5921684701449319
0.7035281849797885
0.7522853258845443
0.7285276907330946
0.607852431614957
0.6054429844953058
0.6941021264458798
0.6950059695899635
0.6059222631636793
0.6146250282680621
0.6643298194014687
0.7007362029106469
0.5847554336709389
0.6464530318499856
0.6530170661687378
0.7585304726027351
0.7171463115519523
0.6602914953482214
0.7609527860679449
0.6557758530021145
0.7167972044365789
0.598128808830977
0.6660139234766366
0.5774837540556924
0.7731974768340727
0.5813817480316401
0.7429804887916664
0.7052238325375524
0.7260989548277551
0.6863984936382055
0.5430034596912267
0.687782760547049
0.7694162348381788
0.6303856977901454
0.5532720613863716
0.714887072523671
0.6605208794167267
0.5631890594170416
0.7988954386582694
0.7646335018025511
0.6816592200536441
0.6582318299003795
0.5665105617033297
0.7701414419296432
0.8357952161468232
0.7467627352578705
0.8017630910422741
0.7014856600833266
0.6505376205279115
0.6913065275733489
0.6739100509454359
0.5980039382882906
0.7247714181724559
0.6227581790906832
0.6058530319001518
0.6201230915473185
0.6411947090837499
0.6382494347781048
0.6746606561020112
0.6949404640706078
0.7333843832605449
0.7942106076132407
0.7387548273929289
0.7038848045663729
0.6604387440479658
0.6807354003963645
0.6392606105846287
0.7181671545456438
0.6417634259934344
0.6604480643091972
0.6878610442466825
0.8033736721090554
0.7907002750395873
0.690079348739796
0.6935584065693485
0.6450346141216121
0.6051832271231316
0.7082752035423504
0.6052164124074754
0.7534677166558118
0.6241103964318895
0.623065425613298
0.712961833203262
0.5946480271700615
0.6958236340884434
0.6184635935037943
0.5364793303400072
0.7278611534471008
0.6296397986055927
0.6840286822976742
0.6064670361913089
0.7778776665932418
0.6879951640616543
0.614631149445738
0.6914336571665507
0.6553999314330975
0.8003807999090377
0.6211001055039571
0.6114870502225904
0.7847344048530805
0.6212858837262724
0.5781049092912487
0.687422049284588
0.737481097788501
0.7373059363867226
0.6331587654779679
0.582062658625553
0.6058357774431872
0.7389707095398835
0.8290138149317592
0.6844759070056136
0.7511336305905926
0.6078814414638845
0.6672988492022149
0.7609760200861329
0.6644428138431132
0.5244339459651498
0.635436642850257
0.6961134951017334
0.680965816246809
0.7852952981538099
0.5842523281826697
0.6934692114404215
0.691182077379658
0.5653719082851654
0.6265047611748946
0.6226914455104328
0.8959859143402016
0.7671002709084607
0.6652007836735052
0.5929983998642075
0.7800731161516387
0.7288556599097682
0.698523289495601
0.7739030820080952
0.685612306947037
0.649763611020884
0.7293982039490682
0.842440374975318
0.8650045962501776
0.7207406352763698
0.5814928732635147
0.6952019240095156
0.6179862125297694
0.7298453819036984
0.597332116500121
0.5481119908399528
0.5614467890420429
0.663958838023592
0.7185865185869097
0.6553335941613977
0.6509940689317766
0.755735535246898
0.5402045672823204
0.673712761468411
0.5764917692414984
0.7135383498998734
0.7614940383726165
0.6981355258012071
0.7004340374011694
0.8115873839442833
0.7676547746751735
0.712054633065915
0.6636501816838507
0.7084257588338414
0.7676950265784357
0.7447852142046668
0.6667339895941216
0.7354126995895767
0.7395210186676732
0.6118190598059912
0.7096989132172585
0.6945092686822278
0.7037812694698911
0.6644284214777811
0.693300713481156
0.7965688033617432
0.7709327788889514
0.6127971385427392
0.6157537310786072
0.7022427399600942
0.7220728191169555
0.7202036738513675
0.5995097406034458
0.8197791641674261
0.6461007778794416
0.7048808375527567
0.7469515383082279
0.6967406141522642
0.5141368372801588
0.6055560939914247
0.7251090507240155
0.6903676231402022
0.6376785243840557
0.8280547510491608
0.7301405509967601
0.6892203286052144
0.8048611824264171
0.6860302702813827
0.6990987289847158
0.6684709587352897
0.6851937165369189
0.67193230755033
0.6313764463500914
0.6062089822736241
0.6877128876667822
0.6311194854422387
0.561887611910948
0.7625589575150691
0.6832696444440336
0.6319516814220878
0.7152128155576272
0.7356077607305493
0.6124142517820842
0.6589648526278703
0.761191787515173
0.7485504825292671
0.6731444302141922
0.6277435327119234
0.693622295719393
0.6283263978063117
0.7196414033906549
0.7576390555772313
0.5214470273959019
0.6328053623197069
0.6127895074887709
0.6251419178476892
0.799219249979146
0.6862061687640822
0.6862781678159033
0.6964137908506978
0.7042019447697059
0.6469224224329587
0.6914476424623678
0.5758388737325326
0.5634726108836975
0.5643031820362828
0.5460216119067685
0.6317907843971059
0.7943319996505547
0.6667861778289034
0.5902868870567555
0.646221183351961
0.7581244376347342
0.6725373893982565
0.5875376997941492
0.7503161264220974
0.7015180380841186
0.6271951527226042
0.5870498374670623
0.5114531690336536
0.723868478379894
0.6109719055569465
0.7799206615755832
0.6433856474890546
0.7083002454847148
0.7163465232371378
0.7745436039258854
0.8135603636359319
0.6773071776342329
0.5199116478442941
0.6474655655530299
0.7031675588794869
0.792236443873172
0.6616521275444643
0.6963695323834216
0.768027849139629
0.7749393472016348
0.678329281950533
0.6488603153206928
0.7015961163901834
0.7123040998583259
0.7016764089977503
0.6788383265230916
0.6242384051184185
0.683324352609256
0.5399832284082369
0.6304712673860368
0.7488656480720981
0.764395953519498
0.8077334212895999
0.7335721852922465
0.6606721719861988
0.7078082259768845
0.734810225533385
0.7441359144041811
0.6955045772054246
0.5306955217118577
0.6638443947403974
0.6103537096315437
0.6466289276542753
0.7095340811156428
0.7120382724042926
0.7251326219704883
0.5142264077630248
0.6716147005951163
0.7191738963825098
0.709177343033341
0.7440198093513559
0.7167690158434755
0.6512091598867615
0.6987158131872233
0.722298524233814
0.7374228542309996
0.6242072613231772
0.6006543334576042
0.6536870007821244
0.7307993150668187
0.7383777589520579
0.6926927654581085
0.5792449198989797
0.6756505412899282
0.8484276829702753
0.8032100106736644
0.6712092859744921
0.7033630310608262
0.7079148652971775
0.6362842633240414
0.7570839916437988
0.5947440746662205
0.5421965765389815
0.5774726881759383
0.750116368996487
0.6278306191642434
0.5837447940168939
0.6998341788495425
0.6462513435998655
0.7515920794821276
0.7417824895820543
0.6288440699720125
0.6784900979428559
0.6654550160152701
0.6809362176926598
0.5594914475686279
0.6650587685017904
0.7581775606829011
0.6224456462907021
0.45631191546873007
0.6651269902633
0.6634975912386393
0.7106879584794701
0.7070164324275344
0.7300156227785001
0.6669567329078966
0.6432336242622942
0.69262571194181
0.8887685958233031
0.5890720367818266
0.699262599958313
0.6446324320304128
0.6696582023199343
0.6395819653795428
0.6114151511157774
0.6783819612387412
0.6579430935130003
0.6202724901275394
0.6024801851682345
0.7254961871650837
0.6698905152513925
0.7436211119851728
0.6852283678036649
0.6676631636116501
0.7357327848745877
0.6768845396531357
0.6607239959799599
0.5903649097477885
0.6309344094143027
0.7570214406002311
0.7498429085806995
0.7615508749619421
0.6818716953593982
0.6707843487528857
0.7425057900627587
0.6117019359882783
0.6855375244780118
0.8048742090552481
0.6233827278137751
0.6998820457547129
0.689358126290287
0.6957453937225856
0.6522151137422745
0.5672340704428943
0.7697965993015506
0.5323281325271281
0.7598694494447571
0.6717396543339041
0.6573342440915041
0.7120794213600989
0.732525015147017
0.6535716344944644
0.6121912933531475
0.7323406825342825
0.7025218162995612
0.6539028832677801
0.6369567310791767
0.5825193971157773
0.7015910009426654
0.6887252741950161
0.518760087402626
0.7296690251645406
0.7686628929560347
0.6501724462229018
0.6583279691320532
0.6848513425105361
0.6560240840104158
0.7434743488132396
0.6006941000033985
0.7392030408874544
0.6863315482074104
0.8005188094316165
0.6586428109855705
0.6802905771334908
0.48032725547284605
0.9191341953421291
0.7114063347020393
0.728040820148087
0.6313257281835422
0.7090548251075826
0.5092531404450921
0.681854925439505
0.6007147267929486
0.6066852870526626
0.7182826494893251
0.7311087530525311
0.6382187973336152
0.6203564534930847
0.7337158377668724
0.7723131640265111
0.6709491005463315
0.7433416462373429
0.7750509040332867
0.5813432495221741
0.843407938006414
0.7155785516711055
0.6668757216228018
0.5379642432643988
0.6758662681757976
0.6092482179452016
0.6071668871606045
0.6317705888924846
0.6282008850833547
0.777294393960045
0.5520358138366871
0.8081356625250444
0.6249828511929144
0.6730736156679451
0.6271996592143977
0.5859223228679172
0.7484003094513283
0.7843180944714085
0.6550085368543491
0.7440225834984819
0.6680847373441924
0.6164590276870011
0.7063618331557712
0.6332818263172223
0.5601598524601791
0.7356965333880282
0.6202642449711565
0.7086130425015549
0.5625935883058067
0.7004514110049522
0.5720962641587491
0.7216185701375813
0.5492445457288405
0.814624897579364
0.7142270271228951
0.7662691621025002
0.5898809869576399
0.8057727340933768
0.6874126173486
0.6590418096443021
0.6532181504763578
0.606613426607869
0.5819343451192979
0.7151649717883571
0.7387551604158126
0.6345928836173051
0.5617159347894852
0.7623216375078862
0.659667170204138
0.7365622527236027
0.728030681705016
0.9094490738853878
0.6245986728915117
0.6881105797379822
0.6744441708921125
0.7398251727151193
0.8421465374325705
0.6747491620407664
0.6621158877973717
0.7785299363678032
0.8268290093650454
0.6829165061177641
0.8098197899993813
0.6170986854039092
0.5668804104424613
0.7287881340477362
0.5899163168859026
0.5705834147872592
0.6918739366821693
0.7148138123593496
0.7256766267943627
0.6254917069297833
0.6832969995003702
0.5761628162966502
0.6456267539422372
0.7066152336616442
0.6352803793884892
0.7042728630328027
0.6100483585478348
0.5751467055123766
0.7607911121847555
0.7470251638772558
0.5744069905032654
0.6946546093474704
0.642069723935565
0.587598691268764
0.6232890106520784
0.7199102654532172
0.6304267449911071
0.6412667011649653
0.7062396900379713
0.6692897355671429
0.5652885115815561
0.7771837402200159
0.7225800158469282
0.6317158959008246
0.6927428182381851
0.6234749484875243
0.6129347233199066
0.6143166805784137
0.5191081870030824
0.7206567376850449
0.6098860453625744
0.9063404226157004
0.7302804589151475
0.7035061428804762
0.7258052888830075
0.7104146066266405
0.7030343169795029
0.6680704073700723
0.5660874672434848
0.6227875940395112
0.7050653053785318
0.6857724639619874
0.7066776124430936
0.6723209365186685
0.593687616932452
0.5775737314835706
0.7491516622217427
0.717468211842162
0.6736048960863807
0.6433624812140154
0.6224378935383668
0.48862293966347464
0.7330491646352278
0.7157998425226971
0.7467841632972518
0.821626098755131
0.6705407110376769
0.5439500132498732
0.7074000375476662
0.6744338395579162
0.6759073273574384
0.7716901837886546
0.5729486497129656
0.6197245437484045
0.8563402705557471
0.7011791137572801
0.5131707361492682
0.7336034025829925
0.5743642524947846
0.6265972092215644
0.6683556627562901
0.7318659152647766
0.5751616696683294
0.5790560814254956
0.7194083258445243
0.7456672786395494
0.6231997496420173
0.6949941944736122
0.7440814890564471
0.7020589224674016
0.7807561913804949
0.5979245044512951
0.7891190892778619
0.6191309234721327
0.6982238790769305
0.576889256730172
0.6868241075169784
0.7662343501530554
0.8801860638762419
0.5969818822902738
0.7964375214364807
0.670173351345726
0.6410701428262009
0.6815333993627076
0.6003662382438687
0.5955111103230869
0.5937802199649886
0.6201847040088329
0.7152422823425977
0.6859864625993076
0.6570883433877824
0.6772864751530759
0.6407141074498824
0.652941621554986
0.6765858861300011
0.714712801166043
0.7686779154338398
0.5807997827009924
0.6688064050581188
0.6183261849511443
0.7046015739796077
0.6788254855579174
0.6383232742835409
0.751050362885403
0.8463136601351123
0.6915488642530323
0.6404212691919994
0.761936476180263
0.6706192529351451
0.7307496433382065
0.6370828434763314
0.7660292748704555
0.6531310758296042
0.6928351267268058
0.5742932890123339
0.6708381760106134
0.5955590819758483
0.7436401022816317
0.6528560410551755
0.6677206967065619
0.6471704827125563
0.7228467702904353
0.5973572650281082
0.748641487847278
0.7187033854309052
0.7645916198222329
0.7425047828156371
0.7278371518610551
0.5373999877281339
0.716877594060299
0.7049684722595307
0.7099356784991553
0.7808601535569218
0.81682994845111
0.5551263848436268
0.6322761639288521
0.7382550377220453
0.6448086834747954
0.8143197544752135
0.7552087715139248
0.6003612883582145
0.9199671592156051
0.5806010622050084
0.7002170906907887
0.7172825717430773
0.7075759059558827
0.6770395581279726
0.580996747366747
0.6991547937401381
0.6608848533412203
0.563386130699484
0.6124386073299249
0.6346858171951276
0.659346882298606
0.7905108689680929
0.5949457514054596
0.8282959857430697
0.8457301054238211
0.8258479148127481
0.734497026034683
0.6481686873975756
0.4649951114454639
0.7049265433879954
0.6499099397770814
0.7258800635401733
0.7739259231491961
0.7129508545860603
0.7194513202655275
0.7882180969668311
0.6532046042348352
0.6228320054388754
0.672223331249083
0.7014706482432908
0.7001506537242524
0.6388046318694631
0.7962977427020526
0.7815971064734304
0.7045686910703108
0.6084522101482794
0.731776465921902
0.6779038336311934
0.7374940169143352
0.7235360269536809
0.7995721419811663
0.6634960229179848
0.6379154309621048
0.77052222830272
0.7338806949105959
0.6492924842110651
0.7463195705299573
0.6470527256235482
0.7587728585638862
0.6664918178882095
0.6427067725882772
0.695640236835309
0.6228732319119602
0.6017181250971291
0.7120913108026802
0.60892844018738
0.7351537590226295
0.7522929026700245
0.7268669533747829
0.6352542790619936
0.7120771038833463
0.7188461370149071
0.7100046530090843
0.6681441989137437
0.6515658723864531
0.7393010020153786
0.6448030577713914
0.6595206699018775
0.6359327943774705
0.6864283438657398
0.7595793625536099
0.7536595398204984
0.7315321918663085
0.7262367233458877
0.7569537147535669
0.6922589700685755
0.6341306635066357
0.6459161228634591
0.7432941900699626
0.7238540588924687
0.7397293479831691
0.6678399457089581
0.5779613419328593
0.5168231913069904
0.7719277126457337
0.8147879293976215
0.6924882754411411
0.7244844284373353
0.7498721993191066
0.6472845517936892
0.7032886979721891
0.6126539977135259
0.6756283417880923
0.6112464672190232
0.5662910675660738
0.7053656166133072
0.6606804821877187
0.6169781180888743
0.7641447668342924
0.6788239120999064
0.7147357139980719
0.6557980671866273
0.7737538145832104
0.7215396620250131
0.5777351690096938
0.6623268266141129
0.5641356872648369
0.6490877852124993
0.6933354601482997
0.8295907157416081
0.7224829433333412
0.8282975382438149
0.7429325874215673
0.7162679361973124
0.6180758067744202
0.6299858488850133
0.6474241589388428
0.7367244619437647
0.6955259402369764
0.6597772685286902
0.7405868687213406
0.7316684631340372
0.6014290053835328
0.6453715328502263
0.6010795513118176
0.714708320155147
0.6279630649666116
0.721087176673079
0.6023706792856532
0.6345658676011265
0.5803361501739787
0.6335013876644369
0.6974364680621216
0.6954453417047682
0.6255430542742388
0.657357048959756
0.6740749741569902
0.7755966064290785
0.6600657671057036
0.6693778899909458
0.6877760338720006
0.7577144560448099
0.5652806151579642
0.6718752523213752
0.689834235174175
0.7430549238994357
0.7772564015466614
0.6491623316667763
0.6906847600847286
0.5647424833804879
0.6184125311479295
0.540060352972787
0.6868834579550619
0.7160803395841604
0.7094075326394851
0.5533876154508441
0.6978767672572809
0.8355552267596889
0.7493976364573032
0.7393831531695525
0.6400955781940681
0.650773395360076
0.5474772830911426
0.6047538519755176
0.840145203222554
0.5212616707776606
0.6698313076218588
0.8219383576424477
0.7128407044913723
0.6203296155694482
0.7185224535655462
0.6392680691025723
0.6193331876283703
0.7115116283212841
0.6547963348771335
0.6027302859471694
0.6578722454193056
0.7242540822079899
0.6160450681335864
0.5605091062979359
0.6245080529733328
0.5951697759624864
0.785106661933282
0.6300839109862661
0.5764610551085205
0.6548594340528981
0.6316869809386544
0.716413611210344
0.6173867847243627
0.6007777859313731
0.7920112253029671
0.764436537722746
0.5392162657749986
0.7019986605270471
0.6650503682893175
0.7606046622215901
0.7213533283721101
0.6628696525418795
0.6968843578072085
0.681377648244736
0.7400872815986462
0.6663686471327798
0.6869793258941134
0.6481782237313314
0.7102995716957788
0.638724696876101
0.7529980138605628
0.6635005178875517
0.6730181245387908
0.6345481166827777
0.6319164064598607
0.5686783647214786
0.6830890359217422
0.7587470046460913
0.6979998830984514
0.676993327668551
0.7546840516494455
0.6329642843439232
0.6508564029061373
0.6977518740823009
0.7016078866990246
0.7142763748295615
0.6005080287039218
0.6733395903371427
0.7349307644545624
0.5823322373052258
0.5595265075138337
0.7280402251303504
0.7180712856421108
0.7728960817174771
0.7546399672246641
0.6305707030417517
0.6030683015029263
0.6627879918277554
0.6025504310323353
0.85116932836039
0.6604329257035323
0.6883381030002917
0.698130107565309
0.6122744785304506
0.683251542348959
0.6228639156304027
0.7499753830687961
0.6185071140979259
0.6402961758337303
0.5623357294690166
0.7157893619103041
0.7106803010658577
0.6891254714347905
0.7087450726319692
0.6720325808480538
0.7005273634685946
0.7377613233939037
0.6717047353620208
0.5985001086725238
0.7921471275340272
0.7014627092902743
0.5840153190974067
0.7832604164984869
0.7861258558237908
0.7470142890150826
0.5985474539641155
0.6817439774447822
0.718715675549811
0.6088829814003266
0.5718855689383542
0.6447045093742759
0.6012233995367323
0.5860729304737635
0.6314934816440784
0.7301754187910254
0.553710211050567
0.6636816534310311
0.8174804847174332
0.6773837544290872
0.7286425662371101
0.8635857836563277
0.676108333260768
0.64360446989
0.6671895832626354
0.6750347690042523
0.5457598415404536
0.7408463093806326
0.6388642632454705
0.7262286652786172
0.6675984993635357
0.8666472804394402
0.8172615187101893
0.6067041451366123
0.7052675946960323
0.6169232792782422
0.5831944075265147
0.672413318451992
0.7629220265879113
0.7529682746358306
0.7404861033391048
0.7554953525454988
0.7141819211386494
0.8580022602838526
0.6880119784227816
0.7885200497634741
0.6813391313449826
0.7227225947966409
0.6856781860183292
0.6113844955157917
0.6737546514555933
0.7429741089343029
0.6677531388577188
0.668967750536123
0.6739164452662044
0.6532671508158955
0.6524285810379808
0.7381874503956075
0.634629699579745
0.5873244234558062
0.6872987079152457
0.6716751784467925
0.8159411107130099
0.7059867506267586
0.637062605556804
0.7523790737841873
0.7139043990767021
0.682342295785837
0.7744355992501659
0.5811688404027128
0.5983223558701652
0.690535556777772
0.651297879047477
0.6708222268583411
0.5897907411530916
0.7208416734016354
0.6842951850990835
0.6464925923433749
0.6879858821832031
0.6783132272651766
0.5874153879163804
0.8214870429702255
0.6810474229790308
0.6048841864562586
0.740289996943169
0.641420768219472
0.6183867358126053
0.5812698442513595
0.5328301009360792
0.7601180270344182
0.5852413977449875
0.7559433324346561
0.7271276382427959
0.5307388231872499
0.730106253620733
0.6341797751183051
0.8239663297024874
0.5201890678401092
0.6672153757862511
0.7537753848421791
0.4873783499838604
0.7049814139740622
0.7909954935322299
0.6938129715192559
0.7589679507596505
0.6451995155324598
0.6142346114025696
0.6328390430601232
0.5550374450731672
0.5979658974241894
0.7021170619250872
0.591736477930786
0.7830721586901548
0.6114290545801283
0.6814310081691293
0.7630204673330324
0.7104894703759982
0.6202586292477829
0.6911553808442209
0.5775849079174925
0.80625159249304
0.696913698265862
0.6977663217761194
0.6333659401326243
0.7233108498782159
0.6750361130439374
0.6479023480038473
0.5777564008720294
0.7194186879580626
0.6524736218907337
0.8112368777419188
0.6496119921931865
0.6355296359248769
0.619191710220669
0.7064233996144957
0.7700487719738309
0.6973939503104621
0.7677756420034949
0.6624553931352744
0.6631501696223835
0.7102716412313592
0.5610297713964735
0.6095518335966771
0.8085967909450784
0.7642477164051698
0.7534449998970332
0.581022008467746
0.848598637608658
0.6013643877757134
0.7203624395059763
0.7767031196334806
0.6734778257917808
0.7359721944442251
0.7329388028177674
0.6895806301153606
0.7096514493141806
0.7129180846112475
0.5971007039383512
0.6762397594033916
0.7162897894005258
0.7053301511886956
0.7611616293542018
0.7392843232874409
0.5893131249866325
0.6783304141503562
0.6239161061376778
0.6529633849826485
0.6416962337514248
0.6469270067363265
0.6835424069684211
0.5738107659820799
0.5608743730790783
0.6393996182235114
0.610845006079214
0.645253168130945
0.7486479520303891
0.6570896090353987
0.6136257254245997
0.6251551238929954
0.6745041667282108
0.6293340848113679
0.6007845408898508
0.6890268670771339
0.636331829237099
0.6441629756046648
0.717884864254345
0.524685321400043
0.6810881441628384
0.7365092890639018
0.5625024642101607
0.776471572797556
0.7120237041100302
0.6073338081105998
0.7662632976103947
0.5581662601797713
0.6070687780206792
0.7196777033371319
0.666687218647466
0.6642731898556332
0.536145583429098
0.5374847504521943
0.6644572700000148
0.6064243188946915
0.5464384637520249
0.7436387549204122
0.6971017374024191
0.7167103042489332
0.876787199222702
0.7048825432759306
0.5965933163297497
0.7900753344837148
0.6827050955674756
0.5900899193241695
0.7622262095452269
0.6427884711403419
0.8664675732661365
0.7242446453634355
0.5951657171308681
0.7609744701013873
0.6352248050661387
0.753596157384098
0.8364040450375101
0.883823214853067
0.7314729525223894
0.7610841724954591
0.7424305977008983
0.649377739921133
0.7015571262302558
0.6338710778663618
0.7473934087373071
0.6741228158946353
0.5783659189598346
0.6753573911154804
0.726599698948668
0.677781327601695
0.6672392895256475
0.6223913877868109
0.7857391205218935
0.5645864342099975
0.5467055743073305
0.5753453353722974
0.6267715806872612
0.672861140603684
0.7877734992548246
0.6147308561359072
0.7784616225670474
0.7187586229679713
0.6780937643145271
0.6510389660295476
0.6970008815145313
0.6216982722644134
0.6638315453911566
0.5696565269740588
0.6355900086081393
0.545161743546394
0.6616364516686161
0.6439257147098196
0.764029265067084
0.7775029429025805
0.5868369962742676
0.6252441639084291
0.5827369593352049
0.6838009926200237
0.7638507082431296
0.857550230534272
0.6120342800797137
0.834388888267104
0.6599157659349324
0.6504602300043686
0.5949565395510145
0.8104703010322817
0.5139827819074912
0.6502308474883229
0.5901479447735076
0.6688664289060243
0.7483375449048718
0.7070502183378865
0.7423965455724748
0.6369261350181294
0.6848291117115359
0.6089286633635119
0.5912229170473344
0.6836943498084627
0.6367669135949604
0.5757802016823373
0.6404188141192342
0.722055328461042
0.6116469141768274
0.7114307931981627
0.5938046011715291
0.5671664337812062
0.8164964153663061
0.6220166982254591
0.7697410274218168
0.6667860698652753
0.7874413212343989
0.6539426397645314
0.6245721540301467
0.6491499138378378
0.5864785560475076
0.7447126908578466
0.768358641101454
0.824006943454676
0.6345189492290384
0.7362393357271779
0.6307742068864398
0.7000995718034514
0.6501547803010521
0.7573865694790834
0.6958405179333046
0.7938872632835551
0.6856550955663627
0.5646729863648746
0.7304767982023567
0.6263506706460222
0.7609680604447726
0.7807623044913382
0.5856340308960601
0.624342436075089
0.7437406783606231
0.7175681035634113
0.6322144258340462
0.6393424502072241
0.6191652551141139
0.5816078396243086
0.6873407609743915
0.7490295721629736
0.6712401101449724
0.5346038655567091
0.6178400963079155
0.5621600454726708
0.7921062004777856
0.5923493372677314
0.683442036427023
0.649014890970202
0.6168494696217555
0.6021978721075175
0.646371650257168
0.6107209517847162
0.6661056673297027
0.5672414675057635
0.797475558475917
0.6396958633110256
0.6380846269358005
0.6539284423222745
0.6653782710041876
0.7255265910176689
0.6950867042759019
0.7265056861212656
0.6441258871719507
0.6994061021716617
0.5477088187982542
0.6757074574534347
0.6736365640900225
0.7023653675238702
0.6158561022084054
0.7863665419673351
0.6623388680587929
0.7561972868053749
0.7346287680514636
0.7180755586820377
0.637680711695699
0.525126363393955
0.7448104984150179
0.7440979675383212
0.7331647889551154
0.5945085031625613
0.6467691637571288
0.6420708105559455
0.6968566708567113
0.6849588436621302
0.6871363926105769
0.7216089945682082
0.5737764655930868
0.8056531897194359
0.5541292308028267
0.7598116925715587
0.7188647770075679
0.6284079216160778
0.732708020068286
0.5383969188320585
0.6874730942998276
0.8093393583740951
0.710092560701223
0.6020010018041503
0.7543099487455387
0.626518843239475
0.6779436042341555
0.5688989880607717
0.6660156036431142
0.6779956810764808
0.6249193062559796
0.7551195802618973
0.7201606716899268
0.6516044912792731
0.6114965136366365
0.7853360022726119
0.6820153427157499
0.6097591266477267
0.6239538478232092
0.6257229131207064
0.6887413402211457
0.5296846115116501
0.44997277258067886
0.6701395118455974
0.7037180808864332
0.6639510345094124
0.6870297736679074
0.6282792159444265
0.6289797450290547
0.6731124637577602
0.5662625749380958
0.7732765943385167
0.7831666715463579
0.7112202243009151
0.693579817119061
0.613580300835726
0.7432406695943434
0.6701922438863814
0.7009240453333963
0.702081936228444
0.7617803158070275
0.7300179252315799
0.6788791047869044
0.5767337396974278
0.5209510711849911
0.7120472773241703
0.6544924132979196
0.6907665358893981
0.5315525177712266
0.580629700115707
0.606777341261049
0.689938480415062
0.5459329199123565
0.6301940107050349
0.7148211413365672
0.61241266346119
0.6649121044012222
0.6563945307616539
0.626724765895314
0.7505646901148569
0.7556092098514706
0.6931268240778918
0.6131887500412984
0.7085080561909476
0.6764161996774453
0.6275143120821579
0.6246756336437637
0.5920372296683548
0.6271978160042445
0.6889414660073518
0.6684222335435033
0.6660272690998934
0.6550050972411081
0.6375351659983987
0.703124812086163
0.5968997464810137
0.6913329237644058
0.7588230816168764
0.7134915770347031
0.7141939598732144
0.6871695229908887
0.5070173974557303
0.6877990733952173
0.6531178553042852
0.7149687738479226
0.7306560483682509
0.7795308747977013
0.7391858447157522
0.639292924536198
0.7957208219414234
0.5864026190046593
0.7356843486650508
0.8682581245751542
0.6690969754018438
0.7330864987326373
0.720255428029394
0.8401358183864296
0.70425659303168
0.6142586978403177
0.6638196026374941
0.6301209778619996
0.6056650448422666
0.6115314372158994
0.6626301842117606
0.7518132419896182
0.6287335644121694
0.6508631025232927
0.6361797921325296
0.7036742646952733
1.0362661396020247
0.6632062157566374
0.6246768154832321
0.6830110820379134
0.6930045527860793
0.7848252082967673
0.6449795667201619
0.6544487609972037
0.753607823829308
0.7391328013440301
0.5917765073408252
0.7164946602139862
0.681528371854064
0.6919107534212606
0.6160106308959911
0.7105094694952855
0.6575564768101606
0.6266215748256746
0.7606685323525763
0.6265908412655529
0.6792212563844491
0.6737144409505919
0.8567473471571456
0.726314904792466
0.7466543558312179
0.7014022006854029
0.7301641176026173
0.7056990395464934
0.7032125920418606
0.7035952183892382
0.7485976556693357
0.8539690867723065
0.6225555976680455
0.691530639287905
0.6298660502257738
0.7483015828412137
0.7337892553952795
0.698981960406169
0.6699364760124996
0.5638830620256119
0.6811825828955542
0.6361732629850154
0.7470722774555896
0.6883262873352122
0.8766724443869631
0.7129340027479891
0.6404455980028754
0.5723047107020155
0.676544802964852
0.6441007195598994
0.7357455027708621
0.5947216815785846
0.7088850159704997
0.6988481952585075
0.7344209272970555
0.720282745250193
0.7170987100279859
0.6915758697136215
0.6504360825687584
0.6624290864446325
0.6661994574166423
0.6274688420300052
0.8037898016952962
0.7087569710183496
0.6044017909833743
0.7031480318374393
0.6079235076992368
0.6849678013725946
0.6585013042544933
0.6110400766610162
0.669121239508571
0.6963772823082137
0.733036805163541
0.6981923142524137
0.6288807072640744
0.6333998075836265
0.7246901367213155
0.6795092270888106
0.7760216610849311
0.631868928653252
0.725711975895948
0.7102377426272201
0.7439230225287836
0.628578727135365
0.6945233880035699
0.7545967122736051
0.8108163316655214
0.7516892829611848
0.6153410864798935
0.6797098579271996
0.5757710746693485
0.5005990594638416
0.5948464480037547
0.6531691234259827
0.6668909002205852
0.6738788195550575
0.7703081848363031
0.7159454581255493
0.6078433972358668
0.6422168903946681
0.7302454960800377
0.6404777138448078
0.8083613585467035
0.7188503189274225
0.6704247221657559
0.7832897942990426
0.7483340097544872
0.60775942516465
0.597099440654103
0.7558363489369866
0.6182044038433585
0.7318721213037166
0.6364895248753426
0.6590460996713005
0.6377747971262443
0.7109093839865737
0.7199398363494225
0.7619833648464109
0.6299285742477585
0.6251927098038546
0.6222052066418488
0.6899501243901801
0.6767444959047605
0.6985541865748628
0.750869446232382
0.6975574396871173
0.8332743109163278
0.7798507784551769
0.7295528875155651
0.6803645733089612
0.6612438109314067
0.6900699683095278
0.7582799318726652
0.7290618867653615
0.8748309826616477
0.7691924425963947
0.6695677460765421
0.6631186686739254
0.7328968842351399
0.5796562571984577
0.666424941361237
0.6563937362455836
0.6308190458661268
0.581267817251325
0.7265103031965395
0.5910219452255197
0.7364434882794548
0.6463248481523186
0.6773373516158966
0.7756919342631036
0.7593986795070853
0.6291525382679863
0.7415553147900665
0.7271265881952221
0.6450671167719023
0.6694110955147742
0.5731704023579692
0.6118859068741197
0.7037792057604264
0.7980400674888355
0.6183357248206555
0.6644929994109418
0.7080635876430028
0.6397639929941068
0.5468227107974498
0.7956321927186691
0.7998174327073609
0.6674684943769235
0.6573838890240403
0.7941611910995687
0.7148541521302262
0.6828888696994654
0.6637769557257267
0.6930872951107797
0.634836313583191
0.5628763546907251
0.682926320946103
0.7242862663027606
0.5876406027521759
0.5073028543970929
0.7774190912892017
0.6114706928134219
0.7674213062216484
0.5219804124454197
0.7004662297424826
0.7434663768106897
0.546270602311725
0.7806190390644607
0.8081879836558088
0.6277810771658017
0.7097303893824285
0.6688061297554443
0.6085683110104539
0.6804554774106464
0.7069691690968076
0.6856594802952453
0.6413459060533327
0.8058966974739045
0.73122404413504
0.644288268714605
0.67395002352734
0.7285475583470928
0.6273810467775098
0.7566569916864667
0.6304775575685828
0.6996494993609899
0.8117815557911017
0.7792646924260832
0.772241185749581
0.7031880805912707
0.645096084927133
0.7058720896267618
0.646903079511055
0.811793089372332
0.7221193251304401
0.6169286316196655
0.5507587488350659
0.7392984910772702
0.7076990820452557
0.6198575485390614
0.7395464209757991
0.7211089726050677
0.7040580933876783
0.5962215424136945
0.7966359725190417
0.7811004222853098
0.7669006754417463
0.6007678913709412
0.7399785592347761
0.7845742761418589
0.6236710894549955
0.711297686182601
0.7683754383564736
0.7105065911023062
0.7223599189861452
0.6327358197783289
0.7079475034920919
0.7484669625279606
0.6737475670635207
0.5889816221703015
0.7011542916345219
0.7288069970034773
0.6305238152966225
0.6494841908738496
0.6796674495651996
0.6996245938734847
0.6304466567117343
0.6495430046104791
0.6605588167381479
0.7153126618818101
0.6719326771116191
0.7537254818842936
0.6796551578659623
0.727735039867695
0.6827777489083906
0.6607136969311871
0.5653882449896689
0.6499772538355094
0.6283366973979796
0.5670145902386914
0.7192085748894281
0.569030308473181
0.6717154677646623
0.5532262494242149
0.6173961723511826
0.6612235507634692
0.7438995091134893
0.7513405579943432
0.540950405363276
0.6266480663905716
0.6017788940599167
0.6316396967590533
0.7425278988849845
0.7511815231592139
0.603332083387289
0.5799125412408785
0.7315789205043792
0.7270240804699947
0.7286110119620408
0.7306622673599763
0.6814728085593075
0.6194337115800028
0.7175353123866832
0.6344164330570256
0.7680491771664396
0.7147385870541072
0.663990814456898
0.8108926879070794
0.6890184132655648
0.6505959059800993
0.6190416432345888
0.5479093183410461
0.6752276421847131
0.5804483521871266
0.6191480471537062
0.6427522649425967
0.6173569370258499
0.7245885941319329
0.6165721783894401
0.7028741794629202
0.6795085924047364
0.6848854176118985
0.6743036018078065
0.6459924653725633
0.6897362936212538
0.7196800541428419
0.7153276596708904
0.642685454296925
0.7171317079849123
0.6576572231567143
0.6771216672175314
0.652122090899113
0.7782043632165683
0.6426332661050674
0.8084971862783505
0.7524994983391343
0.7391009955950446
0.7536362536982573
0.6668300409772342
0.7858124846275469
0.6973605732371704
0.7098344596743894
0.6699357259251854
0.5319854936130742
0.7622464999452905
0.5989059425924701
0.7558528803032645
0.5910186632549553
0.6492879372180282
0.7126339416390728
0.7997649585973681
0.7787410253346657
0.6965441804643597
0.5809725035802252
0.8537111020107045
0.7150425224188645
0.6929575618648038
0.699609942031212
0.8280265420909033
0.5645164882791577
0.7238713346532131
0.5701165342408933
0.668919617945938
0.5395044869766292
0.8107709623393824
0.7877781406763388
0.6801926790844163
0.7593719300165392
0.727026765913272
0.7042114197334284
0.6735423028958245
0.722568578302711
0.5843157886206064
0.7288609203931452
0.5619450031534479
0.6143170920312043
0.8481118906695726
0.6340841636599905
0.7969723572802718
0.6959834262042782
0.6743323217548184
0.6912537254985386
0.7509897391616909
0.62232138350261
0.6905927847411786
