0.5767512946806083
0.6698577720398733
0.575854690911765
0.6422629303518514
0.7185596841065396
0.5936448153929101
0.7248141588437217
0.5499486681325986
0.6001226771998854
0.7137641186478758
0.7356800687713985
0.5656939066334882
0.7204024555131956
0.6637917340189331
0.671077148318799
0.6424019517353676
0.8382320444909955
0.7242802715444597
0.6506759302593266
0.6566003159554221
0.6632437369392147
0.6929745751885467
0.6434650472500191
0.5819823565090311
0.6683108624425158
0.6928578487085346
0.6834640507351217
0.6505757480700066
0.7770161045175713
0.583372490334874
0.7098882946451099
0.8851081721544439
0.8395839383350092
0.8890235869938935
0.5414474361146112
0.5401464457255569
0.7047727812703362
0.7557471827509601
0.6943036704986681
0.7109988271296316
0.6633332929583428
0.8204574054991657
0.7485024804330643
0.59879742973268
0.8147382292481204
0.844525269619739
0.7631166107042875
0.6709256022155037
0.5217413117796317
0.5484996605955157
0.6873349155302594
0.7187764763481037
0.6905558169401184
0.7389962638953232
0.7251696459232626
0.7379979428951963
0.7693709161982328
0.7339978820465844
0.7875850436086044
0.6354237858674677
0.7302442605198959
0.6359714598745373
0.5638194153953583
0.7728599674393026
0.7249063625343545
0.6211088542448574
0.6392815343938782
0.6164085902811247
0.6179638818381538
0.7458225442942888
0.6790315812706154
0.8832230699632206
0.6559305198316042
0.8237755906774549
0.5817645047230365
0.7333086258658978
0.6775153874161464
0.7234004615133345
0.6537345896055202
0.5781441847470532
0.7479481953976519
0.6480528618407244
0.6591686964897746
0.6918316756585634
0.6680592002904823
0.5802112435660676
0.6506001019048496
0.5046007313197148
0.8160412222781618
0.7176226997119113
0.7123450335506943
0.6699158468851069
0.792045697308783
0.8333004155931547
0.5544519497790176
0.6079130449702481
0.6878551376879498
0.5998543762499822
0.6392806836669707
0.5677416908552148
0.6979974223922069
0.7394582874050283
0.4881727123964973
0.8055732454320419
0.5923141920652922
0.6548780717724708
0.7123901760554722
0.7732352569072277
0.5763626832425963
0.5902417319468912
0.6736125023487612
0.722490276768935
0.6968416794575001
0.8478131970257847
0.7050929274788439
0.6259081576985718
0.6766458883120815
0.794608711891035
0.624684178011055
0.7028469067177618
0.45865406869283887
0.6603199597006274
0.6605891208496169
0.48980734760601075
0.6660039389289164
0.7385821391381843
0.7557957820274704
0.6300432424060793
0.5602525758432758
0.6239602357031375
0.6347898063321664
0.8480603302985853
0.6731913802331987
0.5298223436253545
0.7921724080101717
0.6027017379815711
0.49219097721234856
0.7534401606771322
0.8258898877052229
0.8175407551255857
0.6202850822774747
0.6704696464832344
0.7023317923459499
0.5253774208845557
0.6855060224107178
0.7652011908183469
0.6052136936756596
0.7048970580987803
0.7567008845800485
0.5246406930674321
0.698369172033913
0.5864925646317778
0.667094203317331
0.5970481882987239
0.7365556123252558
0.6895500743289216
0.6571958464782911
0.583240140434144
0.5938818575756709
0.7883772721991905
0.7768411469337289
0.8074206896882066
0.6101662054883356
0.6594557856583938
0.6391828547219369
0.6257209008197195
0.7201453696458365
0.7186476428166864
0.8203426498258937
0.850901024141986
0.6289985409201705
0.8224480888662733
0.5537753736088368
0.7880484067878584
0.6728073816146978
0.5477466834256813
0.8423684520095589
0.8848690523995613
0.5942027643331003
0.5115293947338739
0.5734435046715566
0.6345641206682439
0.6666446645053222
0.8332162031825271
0.6777276858809147
0.6278874740339403
0.793123182901007
0.7692700056063916
0.7590826846169744
0.7818388463982813
0.6167438972814002
0.7844671001580364
0.6005680694706537
0.6648773118110951
0.7310430804345518
0.5709711891928856
0.524110647238027
0.8603578472807056
0.6480407885762887
0.6247235431196593
0.7708512751987754
0.4684371198257391
0.5362451994151826
0.6130922068086964
0.690822723564939
0.6518144717949411
0.6233060322065455
0.7109985894702379
0.7967578026908196
0.6791031206316431
0.75732615528556
0.7446905407320724
0.7174097897680352
0.6725923081893614
0.6910638721178542
0.6095329394660656
0.7252790223913035
0.6130643446286577
0.770775868769995
0.7337903967863968
0.6880559739611739
0.5710885867619954
0.6764341744269292
0.785240862002739
0.7383042479827459
0.675906330533627
0.636860759796824
0.47209948274156077
0.659048017236911
0.715648355163463
0.660345228752592
0.5054353996695892
0.5199187144140502
0.7236641028307864
0.6876567300625019
0.7127872205597817
0.7360072463310983
0.6619291685649549
0.7296712215689763
0.6540198841379136
0.7319823370295517
0.7119099825826771
0.6667707062052923
0.583579594451649
0.7163377352738692
0.614718149900082
0.6804663777779459
0.5585737663631921
0.5802566068858169
0.7594885167249942
0.5648270752519968
0.75545434131885
0.6350745804421989
0.7646249669814239
0.4283463880626704
0.6625347595068106
0.46887159645944265
0.6445303431923116
0.6290987856810535
0.6973923789295821
0.7514797122143496
0.7406184700345962
0.9496311300356848
0.557156537830258
0.6677245251959588
0.6671578833328884
0.7526751307018118
0.6520917187203996
0.6573417800987523
0.5616262927812229
0.6225548934563111
0.6471060318789258
0.716723381367293
0.6893898041253355
0.6050158257347944
0.6005788110852106
0.8972811277222822
0.7515280390542095
0.6104892831472633
0.7348967582145587
0.7415052240465092
0.6668960457418763
0.4823497558923028
0.6962469300393016
0.5768540626329894
0.6050775897647204
0.5758751251149781
0.7573595483418183
0.7292840498994015
0.6917039076729632
0.8738779336113418
0.7418181605375962
0.7226989904209109
0.5917953723900946
0.8265910321179228
0.5906315833850609
0.6105505167283067
0.6382561275467302
0.5740079862671978
0.600939511126577
0.694315693277571
0.7862472432752945
0.70166565501377
0.7354476384508924
0.6707748947003858
0.7196777551867566
0.56237750755268
0.8082589658403332
0.84447155376905
0.4887533600899817
0.656890348437091
0.6972683210584639
0.6911771001111436
0.6201423242475824
0.5694267640645433
0.6488783425463479
0.7092921154707842
0.657671983350598
0.5186455045848096
0.7057998355465781
0.6081086318051837
0.9101218478955241
0.7358367649412079
0.6944389515255548
0.638380252149159
0.737151165587249
0.7358540280261439
0.6733861167620036
0.7882733168673913
0.7847592903533607
0.6498686296673036
0.7143975533640614
0.6815013495055723
0.7204481269666619
0.653014657370185
0.7147817615914087
0.7668906936639749
0.638873945613923
0.7544167505068868
0.6156285821871372
0.5912473844685889
0.6869121704757419
0.7508098249010068
0.6071812984090643
0.6109472834292115
0.768165525751791
0.7671197546214326
0.6185494415163683
0.7604060055420236
0.6216826190862211
0.5012675662181946
0.652891694601582
0.5022077956277534
0.8378073490891464
0.680154757618574
0.4729105738111915
0.6762220308746625
0.6531895745364317
0.7746130669491108
0.7089379913680267
0.661832660021263
0.8527690592169204
0.7144424188936321
0.6990579096258741
0.6479198480714656
0.6789830735835479
0.7791422361168394
0.7954378117458617
0.6090693602682101
0.6480565354719323
0.6053951802151373
0.5846508695017444
0.5835484842220687
0.5532408712435795
0.8449851000377666
0.649810963196774
0.6896205583698118
0.4735982972285262
0.6603921223523311
0.6746211099344859
0.4366450731531833
0.6784544213804161
0.6016994259994943
0.6691564385797771
0.6790600253512694
0.5138161265856214
0.6787540812592181
0.7117888091369351
0.5946739145166068
0.7449115399233766
0.7857921137289503
0.6838085441277557
0.749290623901618
0.763025690248842
0.7512199962172819
0.6133846258964843
0.6630923149792093
0.6602094736186653
0.5121224126815025
0.7946722870314802
0.7052587377170855
0.5368133400808803
0.6824522482567671
0.5378190438766336
0.7830340358803385
0.7254438723689336
0.7890791049986565
0.6369652396591193
0.6154207339490377
0.71306139186365
0.5722443942554412
0.588636166947072
0.5915173774742115
0.5997086577509834
0.6164864701623147
0.8118614438096672
0.6732395607866684
0.6811489495489652
0.8030445353754551
0.6594750645439538
0.747136824406189
0.6152816867373095
0.7597076095063146
0.6400791447364682
0.7677881602974568
0.700627551609826
0.6626518591540166
0.8620982598878493
0.6324308007789902
0.7042702221357955
0.7505425812919082
0.7409267274829517
0.6719701039664754
0.5791361380168651
0.5579111940636649
0.5655654694775916
0.7892351984649544
0.6428673461085196
0.7440221598870526
0.8535539244448349
0.8605364482107813
0.5876861963164236
0.6884073530943856
0.7120392167159075
0.5991407507965398
0.6583805001703124
0.6431122482662048
0.5996889632597227
0.5842990689755478
0.7422624722798211
0.6449342661611858
0.5609440369782028
0.6692928334977876
0.6627617767819554
0.6284207547012922
0.6629954818860614
0.5709864461050446
0.599699358821666
0.780321255319762
0.6540763051166842
0.5453319880173013
0.6306779704045593
0.6821857101799157
0.7552254797482483
0.8187582139669469
0.575724050321517
0.4461345363333639
0.7163233000349343
0.6455364952321629
0.6887211461725136
0.5884058372471458
0.8785870424320295
0.7719556719673607
0.7655968023585901
0.587402811552483
0.5760425465263987
0.7395560342914821
0.7224756179569761
0.5897472986662756
0.6471810675678497
0.6980546865698577
0.6273987879249715
0.5997917062655306
0.78231396905536
0.7065391227981966
0.6496236868785057
0.6904906194450192
0.8694087369495588
0.6937750849088794
0.6979811164875579
0.5970000545135943
0.6689011800402515
0.7582964793039563
0.6225954864777763
0.6606221588956614
0.6070214237927873
0.8397249866210486
0.7292506624854285
0.5468554264607933
0.744995863733666
0.5642815541888314
0.8132084037067016
0.6678121710021547
0.5548325437517873
0.7008822440145882
0.742089629246904
0.840181361330602
0.5752761308990202
0.7950697751690393
0.5647739840841735
0.7730498235882886
0.6842070523497233
0.5913765691645617
0.5985658815388967
0.5546604518296167
0.6714040009812268
0.5507006469607937
0.5366033366593834
0.6338453721716975
0.8603118117829154
0.7455603964745628
0.6834553006396237
0.7956310101644746
0.5447030648095973
0.8049238546123101
0.7497620598656789
0.5995400736092897
0.6589204810862628
0.7424256225011223
0.7268829031303273
0.5424271652187942
0.7259156867844055
0.6859261102086223
0.7328862066195964
0.6802296276960403
0.7733556653832647
0.6445403130289483
0.6593495842739003
0.7478515956180496
0.6181322591103557
0.4507357524398573
0.6254051587983794
0.5264821428294465
0.560542075886992
0.5925736204903319
0.6373843701362658
0.6934759884448741
0.6690287819891542
0.7414240771005761
0.7248917254969938
0.7166661609808892
0.7372211744996062
0.720809708120937
0.6558081305088441
0.632582777066541
0.6533498465308442
0.4525731664442241
0.6500521536494228
0.6697928196337571
0.7063033870059638
0.7035259732969154
0.6718379882963564
0.6434629457637561
0.7139637814709284
0.6817424197712442
0.6776985506672627
0.6162531860601173
0.8668272514479388
0.6270873184124188
0.5477630976916799
0.6570923672987136
0.7257383593992339
0.6219469824944562
0.6241033814415481
0.5724094988031437
0.6713740621257543
0.5199846691280423
0.7494261303103558
0.738583746876473
0.7681657088191778
0.8625739724095041
0.732809149035585
0.5551133068865335
0.596520662122653
0.6730507355942618
0.7968768660176215
0.6607631284218931
0.654619966983586
0.7810461906886481
0.653175702152673
0.566954420073342
0.5533598452050158
0.7270184605344526
0.6240595427401617
0.6210266321227257
0.7136458175655119
0.6402860508610501
0.7332639632288762
0.7736687241447441
0.5424397139522978
0.6743777927420967
0.5427753190130301
0.6320878213970494
0.671223002130679
0.6553930390313404
0.5830884521123688
0.8010996760340634
0.7635148365913206
0.6478187969199383
0.6975993662168734
0.7386214774131487
0.4974769119217168
0.6225983702335426
0.5769794459493508
0.5750702488359717
0.7127630218293087
0.7083242511047371
0.6025948142988329
0.465721169024739
0.6730763775783786
0.9307204799090252
0.7654959184949451
0.4929714533721283
0.6350594961692747
0.707670387408501
0.5936059597273682
0.6864548982188469
0.5962888401287145
0.8913228614396976
0.7540405405362175
0.6170051149379492
0.6693730094563571
0.7024266790313353
0.7354623894553614
0.6305899593457597
0.6561764988519291
0.8561928489313689
0.6919911172076533
0.5750515011481944
0.619990256597653
0.671070647016576
0.7389283538896027
0.6582651911051418
0.6652847298821124
0.6162322732853761
0.5967360897331961
0.6464393936446396
0.8087207775478211
0.5410074358645355
0.6822008769031728
0.8266533551668834
0.6374664513439722
0.5595018346587691
0.6785752673027559
0.9138993115216306
0.9807659973194136
0.8644657489444215
0.7110801669371596
0.5814122560345854
0.6464241812810797
0.8160828703783787
0.55888493192701
0.6518988608140138
0.7463904512518912
0.7150039883139891
0.6806281167822412
0.6176579396738586
0.6187629193141655
0.7515311863373236
0.6843658800614315
0.7125075587217202
0.8772835558944109
0.6807059543154254
0.7045235289294486
0.7208861534659948
0.5039132438710592
0.6669669594421861
0.703408807227884
0.8228202100733307
0.5378847479342211
0.5604636887172567
0.6033725509312954
0.6190051182931863
0.5838909566346476
0.5438653662867062
0.8247564676827661
0.8489597878416348
0.6457052120156878
0.6132529320167422
0.6538095501227644
0.5755955436829563
0.7053992988574804
0.7450631229055007
0.5579007285950563
0.5527317916456376
0.6234337041334079
0.7681232004947448
0.6886929114855954
0.6445994076745635
0.8402411325323529
0.6873298294753006
0.6858326147151605
0.8201653744740696
0.8513122453469254
0.68764013962015
0.666363844922765
0.7329237370985765
0.7775532634935599
0.868368154460183
0.6719765557646767
0.5133368139565029
0.6615517468790584
0.5908947294487691
0.7518016042875814
0.5420385935439449
0.5070776147666545
0.707499467315953
0.6649996028006966
0.7196650566840811
0.7575518013452968
0.7806443149258019
0.7407335781299837
0.5908643729997438
0.5994259179418506
0.6278499059926733
0.6408261433188357
0.5884038642100455
0.6317715745800836
0.745072174585005
0.6068207894427984
0.758707424262111
0.7146252191943037
0.6897375228603662
0.6584205051164527
0.8352452131688133
0.574648839502001
0.6765553579826865
0.5870168616571929
0.4955145892528143
0.49888921082306587
0.7600093843758247
0.8637538453093722
0.6660377643809675
0.7465411370172511
0.7469122390916825
0.6307739739754977
0.6387725098677922
0.8190660235694669
0.6117147378216256
0.7645109522974844
0.772627951817185
0.6651848828441927
0.7195850442686562
0.6136041485672373
0.7025267163800063
0.5548411780014745
0.8568846355862325
0.6358141269728317
0.8158353822785303
0.6375663820700247
0.6254649922599215
0.7208252565273394
0.7422060052332765
0.8335093919971823
0.5447160243913292
0.741673092769398
0.7408719070330688
0.56209470372603
0.6981515881288489
0.5504242344350042
0.6456214280216973
0.6382750940028533
0.6547003463558183
0.6365686738607405
0.6762567576446197
0.7496282824944691
0.5514496863137347
0.5888501822166129
0.7261351529061008
0.7669947547355598
0.6006217663349471
0.7217935779481187
0.6582715585065126
0.7813060067438733
0.5960949865166687
0.7089700668695048
0.6825122030621117
0.7782770542092392
0.6254119209346156
0.6139300637150261
0.8775862223806544
0.8611440880275416
0.7062797097200469
0.7261489766650213
0.7735191895299773
0.5490976864119672
0.642285080369775
0.6070058427283979
0.8522006658104618
0.5917511428096446
0.6173028564249394
0.5174122016752968
0.6401555414345875
0.7580699448058517
0.7295275264729281
0.6598425296897219
0.6645194270602263
0.7125755326970297
0.6104421568347608
0.7026810164213625
0.7081072090510466
0.6882816953939991
0.5745715731756982
0.6519984058997156
0.6272625461068041
0.6851858129563306
0.6242294480194932
0.6523584932347481
0.6582721595536463
0.683004875014949
0.6883252823297376
0.5658953993949052
0.6276114804509302
0.8021105976227907
0.6508699890508743
0.5983770195574727
0.7081987578858379
0.7058189142941312
0.49854528674057336
0.5789138950640792
0.8094886384882005
0.6021296225859195
0.6730045089369964
0.5294177014854685
0.641943920550329
0.745372107415607
0.6212220328836167
0.5657750198050614
0.6273503235160568
0.47202731454547475
0.7839609780195431
0.6333470024552055
0.8182233307118238
0.675458486403628
0.6533784203058111
0.6586693238303312
0.6005046797027402
0.6598989307442727
0.6376374770531091
0.5358189182988365
0.7447865894133544
0.7273163596943408
0.8980979471672722
0.7653900518378342
0.7757804421711719
0.783944166275219
0.9125407399922728
0.7646954706393038
0.7075960996421595
0.7742433077965727
0.7563291947379798
0.8210514554642009
0.4554625253542506
0.5905035595831526
0.7944599233760405
0.6783766323769657
0.5701606138523064
0.6683671882958511
0.597632953069977
0.7104665465805567
0.6163871863912563
0.7337035307966391
0.6715723156131955
0.817302913357023
0.6570328498967734
0.6082793766758668
0.6298339134720644
0.8283910493874319
0.6640746484457302
0.6089578234000371
0.7626727130954705
0.791354321651851
0.6442357517938614
0.7905479647083757
0.5636448188223763
0.7300507467039737
0.6070347904530454
0.7424236338789809
0.6840847825165154
0.693932158692815
0.5733938758928888
0.6251811444160782
0.6009707135982477
0.629434888803055
0.6431481984835715
0.9786047686366472
0.535770313487216
0.9814390666839163
0.8070211470004883
0.5671958345094317
0.5069254040222742
0.7829016169575387
0.6258454096627782
0.6224054352152983
0.6305499244757605
0.5611488553151255
0.6152717283928598
0.556352546460372
0.7526395192174136
0.6740422618265985
0.7178063872733966
0.7293573079425683
0.5980404247008947
0.7072779733847402
0.7594805806240275
0.7539299015074978
0.7129819563373877
0.6882261128330801
0.7080445572779983
0.8128477768659225
0.624743569253054
0.8695997308284087
0.6681119115246116
0.6783226450574719
0.6701728443368425
0.7255541801803528
0.6274698528313183
0.5232764752792085
0.7529070529942256
0.746327271181479
0.8067075216393442
0.7718293057463048
0.732453351135774
0.4092592575226217
0.6684871817954097
0.7107756433099595
0.6214886213044984
0.614480775858735
0.6242405970435181
0.7961680270014901
0.66888875671807
0.5035109738236443
0.7049404492220994
0.7385048376654199
0.5164266188354857
0.7262872645542104
0.7258611689374876
0.6498043284285734
0.7977322895024308
0.3046954378295666
0.6305513524642591
0.61592321513419
0.5133055342417788
0.6872448040947424
0.7287162791866765
0.7107034164594874
0.5209893789091992
0.8564939585843943
0.5878781275432824
0.7405739403426268
0.5854117077032316
0.7056335816748799
0.6215205720856146
0.4771933034035463
0.6775371993999806
0.698139506716013
0.5300490382261657
0.7251476692405701
0.8046071533917438
0.6802403789107458
0.6870979605052256
0.6929286390025511
0.6404760142360816
0.6323637017662787
0.4969188018374301
0.5686317339159963
0.6666780069976508
0.8397507715367087
0.6307178350556634
0.7111104189396585
0.7839186596384058
0.7158917252726456
0.6588105313822565
0.7362004513207786
0.540225323994429
0.8430904284535383
0.6140913862325322
0.6013070524909646
0.6356364221048088
0.9003634996306569
0.562642719294291
0.6212144404247462
0.6691870053129465
0.5534003612198751
0.6701820746220346
0.641273252702635
0.7887734231592244
0.5394342166967984
0.6529649728154056
0.7315116266205247
0.8691749401952065
0.7002231222110604
0.598936229059635
0.7099918715744522
0.7155041065158805
0.6455231644214866
0.6930349207588565
0.6625991586933929
0.7589897450884348
0.5664899432964078
0.7138061604949212
0.7268274544893195
0.5785705217150158
0.7266135170951895
0.7283695226082431
0.717515745803768
0.6034861925630636
0.7832767832089781
0.7419418823019167
0.5360829948142439
0.6898672537246132
0.7563681666932297
0.5183530624777855
0.6419822899186246
0.6469821441765163
0.760685537140968
0.7723670046671649
0.6690193456083497
0.735808213807839
0.7859370506017171
0.8893878619714186
0.6457909738844623
0.7210862352306521
0.6290877616477468
0.7567554815279868
0.6301134959563757
0.5983756094706428
0.6500085566038978
0.48776328439559113
0.6943481870426313
0.7324047295236179
0.7576627787369934
0.6771786361575977
0.6930659260857516
0.8314985770380833
0.714860977566131
0.7448639879436005
0.6790869127827261
0.6683367128876249
0.662632641586541
0.6741454426692438
0.7492136927725441
0.6508427028327489
0.5702155064988439
0.7897946455976976
0.7404838093358893
0.661035469895196
0.5378537883426149
0.6178838577734258
0.5740712042928591
0.5756602315303992
0.5532007243763154
0.6412039201804071
0.695586411510659
0.5266399737483393
0.7431808516896613
0.5456412313319868
0.7712101116895469
0.5139373109750044
0.7782891562549008
0.7940982125061804
0.8530473409508206
0.6459074136774409
0.5705817012764723
0.6352262657769829
0.6925543811102871
0.7921865635906563
0.5956116383292116
0.4945032725326286
0.6870675152223654
0.6703715425346606
0.8114292750253285
0.6336809090805183
0.7146541477106121
0.6477113637018465
0.7842587936541503
0.7283207409675657
0.5075446368248548
0.7080824290981109
0.7280532485164735
0.6489576606374109
0.5427936279164317
0.5875377623559584
0.6955270326130606
0.6182531804682051
0.5601142941185292
0.634610745726007
0.5732638097249313
0.6401431154713683
0.6837710132732039
0.7822466148267522
0.5697070312143278
0.6488493543415151
0.7022902117891565
0.7213179158658676
0.6290249817661583
0.5481442381687529
0.682151667018077
0.630014530284397
0.7308049543721922
0.7888542384396319
0.610954819027855
0.8350860735739385
0.7001270005194009
0.6815942739374087
0.6624115555644832
0.6034995222899566
0.5206964268424685
0.571554629478181
0.7385437612523195
0.6880637184852653
0.646725132128325
0.854768806650194
0.7766103472543118
0.6180968504393068
0.6484028567936069
0.7322847133283747
-0.017645434478307576
0.735425297754758
0.8182107585611238
0.7913841165482681
0.631779174494341
0.6890374733396697
0.7827496205663542
0.6246779537079608
0.6911872298950398
0.7521061815042245
0.6520931881609986
0.668651302646823
0.7315747808999316
0.66127233783998
0.4687753758005712
0.562423909495005
0.5937102802696042
0.5307470395322104
0.7398927751259806
0.7623620980455135
0.6576032998079263
0.6927324643537821
0.7015543178444013
0.777668270874136
0.8208017754547166
0.6884268557232517
0.701068159553739
0.7516481932589283
0.7391507083649593
0.7740196422250426
0.7325691091735946
0.5619618341772891
0.7187478421679575
0.52071175525963
0.5186498410128704
0.5876756085567648
0.43677446272599435
0.7829989347155445
0.8365823890859769
0.6735071018854195
0.7494255344242577
0.7600268500840972
0.6836666287308572
0.6580985857355096
0.8710796301671488
0.5644851535912349
0.7276934098306209
0.646304014621559
0.7407423017526169
0.7007680722540948
0.6679840545927495
0.5539874392293984
0.7429625424242272
0.6723824627443337
0.7395125516639304
0.6872503179752655
0.571595265526763
0.6309608166118724
0.6064091370936577
0.6754483961347177
0.8148165423132226
0.6270598273916185
0.6883359711183819
0.6293147618236594
0.7260048525269416
0.5528411196302585
0.5216469401098063
0.8815951771560042
0.698702877496868
0.6137118069249458
0.7307950153246862
0.7409709035752892
0.5969087589976462
0.7264909339794166
0.5828473615362672
0.6748348987650258
0.6927908881701755
0.6063922453787108
0.6078064390469949
0.7006524045447471
0.5630576359985906
0.899297878377426
0.6122966573698659
0.7390329261449707
0.6009111545036516
0.6934324460135829
0.7323958904519978
0.5640796424601228
0.5568292876448742
0.7140191099589425
0.661607287947748
0.598526504210196
0.7801349530278892
0.8585992901094448
0.5255399259715209
0.635450866003046
0.6938459364804815
0.8732944146751993
0.620505525574112
0.5792774718491515
0.6030732289828241
0.7243777870320549
0.5954031762683308
0.5701175013452567
0.6693302154914825
0.6478483564116352
0.5732490599125906
0.5149133744773834
0.612994243780098
0.7741039032035946
0.5875892994830114
0.6481869275266202
0.6631720879538429
0.7107066986797692
0.5792140459821126
0.8034866084392529
0.5633786215827375
0.725146546932015
0.6552648819568092
0.5473301057749337
0.8122818396642777
0.7452189420839923
0.6855427080896865
0.7455205707096155
0.7634176895048462
0.6631579698082208
0.6113350853417672
0.6061087666773123
0.803734065994891
0.6815993780925617
0.6431116960086138
0.6574803948859204
0.5035659394978149
0.6515808996224101
0.5414583835780762
0.6443801313612335
0.6208378833575204
0.7006542209909498
0.6812273952053477
0.6437564798600058
0.62866057388238
0.7053361505951871
0.7538329815053013
0.59366846338917
0.7545371093539239
0.7233027237458938
0.6984217097013642
0.6851083168510297
0.6748101828499443
0.8766934958683354
0.6658700703420398
0.5471316825863914
0.8466561239335164
0.7836543484582298
0.6145470248170889
0.5853416111678129
0.7956606899447283
0.7318500355876683
0.8102927403527302
0.6189674487543241
0.526846252091024
0.6530486420466359
0.643240591427891
0.6678829006203038
0.5949240633020066
0.5459231561216263
0.8895495553231647
0.9514152434758087
0.5653677863576122
0.7394819750249446
0.6972108700969657
0.5989857432750726
0.6448870064442785
0.5968257731439189
0.6198437238281405
0.5700671756329418
0.7008000679380203
0.5476756330562121
0.7296394317431392
0.7689588070953963
0.5376999242662106
0.43813088237555076
0.6959514545495059
0.7129904974082311
0.6940146056639157
0.606332640440206
0.6572860275333364
0.6734307070149413
0.5331679850511353
0.6380307775555946
0.6207967557504342
0.6447071509766783
0.7617745721307823
0.7083218536144411
0.6261187630030083
0.5421320254254223
0.6739386738519867
0.8379106726843838
0.6484198672086968
0.8336683786091879
0.6604360989040935
0.5769348060523064
0.6952380842865031
0.641568817602157
0.6557687337023083
0.6109057978127456
0.7752737926998888
0.7500569196252337
0.6709432546633977
0.8083381829916647
0.6796369349550554
0.5395248036360517
0.5495186245149598
0.6798905797141899
0.7760271445295329
0.9903411612126545
0.5983809563903751
0.5833812283971505
0.6923002916176396
0.7242560035906377
0.6640960366565224
0.7129425936443717
0.5084638764892564
0.9189725381329327
0.6656946665393054
-0.0170087951786583
0.6614300249214699
0.45025652131014393
0.7620152391629539
0.7461948165271213
0.7450601679095653
0.6885824611116047
0.7250480717066952
0.6256076687257339
0.7033465996272869
0.6236090728344953
0.6969441007049663
0.59095521643487
0.7042112017600781
0.7625262703231774
0.8230382013624709
0.6571812891051168
0.6571783536882655
0.7499909517271875
0.7276972831877362
0.5721587658028007
0.8418911991365627
0.657897676251138
0.5614812329835428
0.616092509294365
0.650650356699142
0.8058578584222897
0.6109883797010066
0.732214459005154
0.6938805810567996
0.6496618264153283
0.6962561689793454
0.5903850457953322
0.5960485000597712
0.7928324235289121
0.8462316565599459
0.6861365077031008
0.561791897780968
0.6331318139409705
0.6977482205754816
0.7538398918459647
0.8426209844134052
0.8518012777532734
0.6572209134032567
0.7683432755873585
0.5695256791882765
0.8050661927284883
0.7082660670516335
0.6872818062873748
0.7832849061438805
0.5843662095240215
0.6278284191913467
0.660708198730506
0.7446086976736976
0.8168525894508374
0.7251854062627232
0.7182856880935896
0.5970199109717781
0.543829676319136
0.3976501957649677
0.6277166476740837
0.8069362240147715
0.5742575014523598
0.5964124620475274
0.6426438054547617
0.6212573789439405
0.7326910160874236
0.6406974219747629
0.6139090934740739
0.7907065788488611
0.5556750321740368
0.935619114748012
0.8006894650671836
0.784563684823318
0.6343768938547577
0.7432159393345359
0.6409515989641434
0.6867058099034198
0.7473304265050945
0.6837582930487404
0.7355502641768733
0.7720848193307969
0.6079819460675991
0.8733680395562071
0.5689741917512937
0.6532010013468307
0.5987019886442174
0.9262769024351613
0.7098411309811241
0.6340774803365353
0.584090292210569
0.7926301008719753
0.6422992723473112
0.8641913995053888
0.7149834272813977
0.7473897505121356
0.5563761539414327
0.6887588101856903
0.6391742083728904
0.8158502396396767
0.7783196598877115
0.7214104116680891
0.7198840106705839
0.7013374349942828
0.6140966454628061
0.686237923127348
0.5699961657824238
0.4985798819653173
0.7174086340533022
0.7996445327671108
0.6138364079653629
0.6816404616679025
0.8465763529026267
0.7147206099056456
0.4648760760993856
0.6610660504868208
0.8261564420512841
0.7809062495488879
0.8783249117075552
0.7798238090752022
0.7355446585418797
0.8409688230181163
0.6722081459863158
0.7334566850526981
0.6072210678183039
0.5511290109957657
0.7447559141222082
0.8287429239648503
0.6750534081086824
0.706058068224456
0.5809698279700454
0.6669398502657327
0.7728812391975692
0.6921442712541599
0.697703525836435
0.712860889642564
0.5903223107301108
0.7022853391107269
0.6715553049317287
0.5893088222023608
0.7500550219091767
0.6645113104496305
0.6415332448096533
0.5631626385460925
0.5753053901178081
0.6853364260553438
0.7956197596220387
0.826998624172378
0.7409349408612063
0.7358665903007556
0.7796666091545854
0.611451231493671
0.5825584079762981
0.7430229500328266
0.6752516536562416
0.6693381132303193
0.7992753823003744
0.6041694949674686
0.8224128115935956
0.507462977629786
0.6656590263428933
0.582514947571736
0.661619889138481
0.676996950280508
0.5975222715763865
0.6889284201552587
0.723696359260084
0.7383677257782844
0.750893681366084
0.6878947949575442
0.5329088480393213
0.7274813453506352
0.5573269024047134
0.8050756721166549
0.6702021023376894
0.6368191449840915
0.728791930075758
0.7925568741620108
0.6795335016371801
0.6581275078572199
0.5609704936103488
0.6040013751834526
0.7284235080389567
0.6056248214226442
0.6793547369105516
0.6316431271491957
0.75215155127473
0.581962642475743
0.725341141595138
0.6411575569977561
0.624589199879881
0.6732645401891827
0.6747639401475412
0.8173960615250382
0.620621980772434
0.7489259781426247
0.7219842789309683
0.7150953505310675
0.7057881921290944
0.7127434634177335
0.6143463077183967
0.49114938339681
0.6384104009251853
0.651251126861885
0.7535557536996937
0.7722240121070166
0.5869248915523136
0.6828241475417777
0.5810285500095244
0.6939820350476403
0.6865943915509949
0.8426465260889442
0.6454066500718988
0.8063156511830124
0.6553039754873924
0.8139162356216778
0.7769357094617593
0.7839802337950597
0.7455804650130351
0.4908183356568736
0.5849131844613883
0.7979308923492999
0.862614600352307
0.5433327846261156
0.7113161398149768
0.5519342535390979
0.7330279326656843
0.6823060159422424
0.7354415234057816
0.8387719750453241
0.6064475670194469
0.6159013199443815
0.7308671175335943
0.7192515295093265
0.6960205031640232
0.7674051253576625
0.6063589237018282
0.6581373646447091
0.5772560129656004
0.7283116875050638
0.659038400209105
0.5256333319053651
0.7703432795196515
0.6011304568215421
0.5546408491213444
0.7018068221123678
0.8990388465178039
0.5609796216426559
0.7732214424543322
0.7138972146645003
0.6501955352604398
0.7830182466999188
0.7193176616501364
0.8482422998023382
0.8343750656485245
0.6742154172545223
0.6963753766536165
0.7564552526220902
0.5571486740969865
0.768499819560828
0.691084623272243
0.6390906218313682
0.5153348792184
0.8093918759823918
0.48891069696119294
0.48042638885116407
0.677179747082173
0.7443457697848723
0.690907989455782
0.5502615506848996
0.6148866275401882
0.6144815812965599
0.8079233541688602
0.5569401010282162
0.680626803533891
0.7602182606317699
0.6632577902298524
0.6753653650834451
0.6485283307397918
0.7556904619479312
0.8016457421912774
0.6556285038046266
0.6062105670495488
0.6202086200410438
0.6682563386055623
0.6575570782270491
0.5807747967223637
0.69215025096587
0.7944087816349273
0.8502353619244014
0.6898932124239994
0.8174748498361397
0.5292532847496945
0.7399545834675092
0.5933916850936468
0.5530009779118376
0.723754465547988
0.626796507270274
0.6753215352342483
0.58849518992354
0.6840810910280154
0.6771342294444596
0.6654722372558285
0.5920980276076285
0.8781339640452059
0.5754559233335551
0.5925785821203403
0.601447052350311
0.6411116207695781
0.6768910683418187
0.547758047285279
0.7208252426392784
0.7252069534518011
0.639038707905723
0.758538357329942
0.7024914293691963
0.8430686795123618
0.6204386671885598
0.5431007335322607
0.6599904502043629
0.987447353250965
0.7442128088936159
0.6902763873843015
0.8153968678605881
0.8871936647080819
0.8198757953152697
0.6045931895863896
0.6781722405454611
0.71695576528325
0.5534294103735272
0.7842878186655573
0.6770954775559687
0.6650880408443812
0.5884675580876543
0.6432720543885339
0.5629762240363386
0.7353949633558232
0.7591637600695702
0.7919516858023918
0.7129087046864654
0.5522601714315566
0.6695124239907558
0.4286545075567584
0.4505669138978492
0.7272239234511129
0.6436464189210442
0.722661117551667
0.7688070243840902
0.5886801639947293
0.54461634815726
0.710820356034422
0.709024023712676
0.6231328240509133
0.5770366641128621
0.6490086893320185
0.6828034696705506
0.6821891974042293
0.7398995983031433
0.7025370636546796
0.7874478287029211
0.548552405482051
0.7172735967980839
0.5999938738018339
0.6110173222511861
0.707046599981354
0.5517729971725871
0.6812134384817079
0.5354362524362274
0.5668383339163136
0.6710300945960519
0.6809845333082296
0.7087768628736916
0.6653348239259134
0.7837916452559708
0.6331878707434518
0.733292378329535
0.8235041128477137
0.6554887704322626
0.7050946551908084
0.7805127746196703
0.6852138340392654
0.41883829978907167
0.8264551401061484
0.6770488338455087
0.7713996916016979
0.7437168831912346
0.6438729385473247
0.6281953823035127
0.47984969838558883
0.6859114882219086
0.5404580019873857
0.548210997380109
0.6382095925457841
0.525589652411461
0.8461920297748152
0.6573977442594866
0.7196542891771156
0.5964121324936434
0.6658352456483998
0.6252380493235784
0.729149211574636
0.6691188118142611
0.6868775828380763
0.6142382107198258
0.6885172486336176
0.7084524485507672
0.624362627230368
0.76901464091041
0.6637455529398028
0.736225106184657
0.6544716583518773
0.53019073780371
0.7662266729274851
0.5493019588841573
0.6339556230940571
0.699506898428248
0.535372709485118
0.6905742291256796
0.6367947077246549
0.7127337252315793
0.7605761328487862
0.5920372448130338
0.7157683642588166
0.5689983099479842
0.7147155048550683
0.7523706522464685
0.707033289547316
0.6404273964713628
0.6690827004217302
0.7612706835804011
0.7063760889521519
0.9124084563115191
0.5646091334316111
0.5871742696368321
0.6942952118651894
0.7397510327382042
0.7099511435754517
0.7644387412397795
0.7644646980597307
0.5695552241209887
0.6977435881467051
0.545708702473023
0.6254174564358329
0.6837479752996164
0.664027542157887
0.6925594598801184
0.5722249713761524
0.9158364156087957
0.6173250175784442
0.7834009046719372
0.6100327058428946
0.7484104669474781
0.680921053694756
0.7871151023178107
0.7269728186769817
0.5372607606722365
0.6361179817290488
0.6288776892754717
0.5014684447390381
0.6149154175519026
0.5752344162847912
0.6616055613262376
0.6772635373596811
0.7372891180092516
0.5649289823798088
0.7544609066557015
0.6085192365057203
0.5965339038198822
0.6504971301877601
0.5620615630745974
0.8227683038580688
0.7733963515668196
0.7378077186527865
0.6787545796795298
0.8035048447375563
0.7031397616956494
0.7373765289551618
0.8284197479045415
0.7624704303036465
0.8098931763364507
0.8258881323729821
0.7576073955741242
0.6634298135559846
0.7100847956024063
0.655896637085009
0.5979772104142532
0.6748182225810567
0.6499725315659338
0.6131871959590764
0.7918303119515373
0.7794244067397843
0.6575190499274964
0.7864375949337172
0.6163135094869328
0.5876176991152128
0.8125112219150288
0.6303072782256304
0.6221142313936444
0.7018772150439955
0.6039759469338736
0.6425323496774138
0.5623771981654889
0.764987877419646
0.608157148027345
0.6275325112402519
0.6017458866726115
0.4907979879550213
0.7771580087753792
0.661707890632278
0.6204770800009661
0.6179682786064865
0.6471121299212678
0.6074415768948404
0.6296883627320861
0.6522579724236278
0.6882066124955586
0.6421225564723575
0.7106085274133185
0.7505875617335339
0.6567004852861077
0.7485435087813169
0.5055347585319634
0.6872099444713297
0.7442376352667308
0.5504050041215239
0.734211903081648
0.6615208830862429
0.7387151740742072
0.6082800567434755
0.6343525795370383
0.6805232080519009
0.669303396736669
0.7307781020751581
0.7296076985398724
0.5961520377963992
0.8339304800093583
0.5845595058730695
0.5934769650604113
0.8194338700950567
0.8078684010224423
0.6648530524404611
0.6808594995482798
0.6930983931990302
0.8297584883483531
0.6177467800730413
0.7202551008994276
0.7577761231105011
0.7304707207584755
0.6141495971289487
0.7179292788434667
0.6671684615302492
0.5534873591792995
0.5845036621814609
0.6943046554731146
0.5977056665955623
0.752974104982869
0.6662571946702823
0.7797113256681804
0.6716629602142039
0.6772994131927733
0.6167145211254949
0.6018570584696911
0.7262528046912635
0.9250259914428574
0.6016774576099772
0.5567508551698394
0.6263099723700218
0.8101836422914394
0.6629353117142562
0.6613960347438046
0.8174870670279781
0.5394253676810865
0.5730746202992567
0.6607847226020758
0.6706019496456768
0.547689493557105
0.6914106759215431
0.6512108573592993
0.5632160385992044
0.667511373574008
0.6664025320291315
0.5340582916421126
0.7362650743650199
0.46557586587192473
0.7482378059558756
0.5260364834376381
0.7846243406113663
0.6565549211416181
0.6433285638038058
0.639079148486413
0.822703406773873
0.5516418429200408
0.6748825954477923
0.713524020727973
0.6635425672356549
0.8009402294457745
0.6216211579097711
0.5924048393769167
0.6519572615275585
0.7583699259657871
0.6299805860404964
0.6871576550593951
0.6254040845415548
0.664527302634536
0.695154940332107
0.7024699241982759
0.6578902533763428
0.6680252623179616
0.7047790169935068
0.6619189935278382
0.6044224967812163
0.5497842963467617
0.659341512974095
0.629678695018805
0.6248536216305931
0.6578301604749325
0.5797892527426153
0.6500969046708358
0.5616160340812497
0.7612548740257243
0.7499882082604358
0.6530116627726232
0.6447218721860463
0.52302411777881
0.6812795376338395
0.8325623546795494
0.6305901566535934
0.6215386931771617
0.684272381290541
0.818963323214952
0.7806122661754685
0.7125016288674523
0.6488867975108175
0.7067300728459379
0.49013120647207864
0.6210460761214756
0.7733386867308237
0.6401640055615998
0.7115531239504856
0.6104879003633316
0.6083109619221327
0.4139544608371091
0.7572683186510313
0.6063115206174736
0.6076262134035973
0.6618505794794176
0.8979258972167874
0.5096614065657229
0.7441465117614481
0.7045855806919953
0.6412156306317318
0.6951843486068745
0.6408270878160546
0.7217401240410494
0.7313925278513507
0.6549776260981929
0.6563246477708087
0.7650328421606162
0.7776706815333858
0.6337921111208779
0.05634583755125826
0.6198224210026099
0.7446200499352029
0.6280141466254853
0.6996953746311015
0.6236161262916319
0.6435684333886491
0.6326873979768365
0.6948515038885565
0.7564021784376938
0.5626815299177673
0.6745525552946428
0.5940203230095705
0.6674624959290067
0.6576431365724124
0.6324032643574066
0.5812851446578415
0.8171355390813462
0.6872853101084669
0.6856947200785503
0.6012207512664469
0.637916735687461
0.6260056457469919
0.6954170989358126
0.7380088285591249
0.7154394220851278
0.7078010378511049
0.8092362406181935
0.6864814947852408
0.6930028425422582
0.7024879651128327
0.843569759725448
0.5220352809344658
0.5164056383342992
0.6897662925443911
0.6684412867318016
0.6320958644576974
0.6408438317624294
0.7257757660710252
0.6006214498581308
0.6538196154747647
0.5928781636836169
0.772718820148202
0.6815088297251711
0.5885028517226729
0.632030779361561
0.6282022433417368
0.7271137477331784
0.7050938526488282
0.7043298837929817
0.7748801316967309
0.7193275711627596
0.6887308395457454
0.6570423107876108
0.666568229441152
0.8226475463918026
0.7136543931415744
0.6965349321663191
0.8025937151315189
0.843192789985475
0.6059448667444077
0.6612115993485551
0.6636068672926404
0.6513097173391723
0.7047697787630697
0.7374234359445653
0.6157723730849881
0.6244741871350215
0.6594103070243023
0.6384353388853191
0.7125354619641675
0.6114906001222807
0.7118765717665084
0.5489649127445262
0.5367607055203546
0.6054349964498598
0.511339798953944
0.6659603510934627
0.7075513265993355
0.6726068611959022
0.683765853737938
0.7375865741637604
0.6425895201731088
0.642412516188543
0.6692475692380747
0.5856148708645037
0.5739682693208271
0.6771190418363201
0.6232920074624871
0.762006390141841
0.6873046877685113
0.7307757981552465
0.6232595457704319
0.8065933841555761
0.6880453271309278
0.7712829631600333
0.7191026046916148
0.7296494399554408
0.19624937114267904
0.5339885162934376
0.7514643366625087
0.7573592150967906
0.8173909521913212
0.6697226205884729
0.7261359852053624
0.6150838658748482
0.6530837738533145
0.7684934972353362
0.5830860050542642
0.5986925913601387
0.5951932249993853
0.7368021131889189
0.6263365530847332
0.8287712965034557
0.6730975719808696
0.7462265249592027
0.81500315291572
0.6265118659576524
0.6469180621939281
0.5421999632001363
0.5896461092084366
0.5327805605568954
0.46312825997420387
0.7279183278802771
0.6970759188155032
0.8437143822795258
0.7105520291772844
0.557688856632497
0.7575955413283104
0.9112879774354109
0.7548871288092212
0.5775934874270234
0.7397266731381146
0.7936564741825972
0.5615874315116979
0.6972121504011836
0.8099302171944427
0.6985548258646951
0.5954500507356517
0.6802321785030225
0.5185804977351105
0.7951093519465734
0.574767629522177
0.6506135035819347
0.6242467189324258
0.6484476677804812
0.7039193954236684
0.6512782764401449
0.7303259351371227
0.4616711490729891
0.7872049515644292
0.6430629624547155
0.7058579386893739
0.7040998785098895
0.6943921951536112
0.7653808979097763
0.8170164321050397
0.5510353008082699
0.6250592866110729
0.8186255878418548
0.569775265780654
0.5651193934190952
0.7516830347004504
0.7180485344664224
0.8422591501102864
0.5631794466437752
0.7642993764353547
0.589696039640061
0.7573154007350329
0.7465990833981997
0.6627713502326921
0.6998484068082204
0.716660349834696
0.6173633224345161
0.7294415932260605
0.9440860627176295
0.7720723826300718
0.637669884794914
0.645433823157528
0.6948959338397668
0.6532050147762796
0.6777862763946985
0.6172497552476899
0.6428405003319535
0.728025207786062
0.5768515937420428
0.5533733414618474
0.6332175538537995
0.6998949891940444
0.7402468593902707
0.633100270359111
0.5898813720560443
0.692570795293079
0.6053711113523763
0.6743182142609625
0.7113038334167288
0.7698092741615408
0.6118371913722837
0.6501360487781372
0.7957829550370839
0.6372554204509256
0.800220444223044
0.7385591882983916
0.6560641601240337
0.7770334170840536
0.6085448033555273
0.6496805340486201
0.6541973075740418
0.6561780686207443
0.7010189371643682
0.6133176921797125
0.7394743213681196
0.7707226610764703
0.5810360703838647
0.8339105958329527
0.714394849176844
0.7012630697854763
0.7426142894028691
0.7278729981038325
0.6769819395675389
0.723210454833223
0.7071812044109148
0.7537046487751299
0.5976843309558486
0.6913160839293087
0.6708934514205204
0.5592555154860839
0.3990452192690032
0.69805627106442
0.6502195374108753
0.7427027748602877
0.6954648711730038
0.7040315055665413
0.7586701815574852
0.4970556579703995
0.6125922207266417
0.5267240442386686
0.7061074600855393
0.7340645601797104
0.7773160709441208
0.6275623736698531
0.7681964064375858
0.6672956493020259
0.7097539318090926
0.6335078410574672
0.8167183894465715
0.6542467382869518
0.7935875377360195
0.7091598938381969
0.7427745884263244
0.7411541342572412
0.7132653397403436
0.5786043406555937
0.8311914033050394
0.7064535976068209
0.5842266371292387
0.7757200843890134
0.735848723185078
0.8597301187873985
0.5406703252619637
0.5618949886033682
0.5749220853993696
0.7046298340587286
0.52575293202911
0.7364803959461775
0.6542222546368665
0.733491783323075
0.8973326248414221
0.7019104968596853
0.6299715100232083
0.6939730878489647
0.6731368272022259
0.6634727524665834
0.6053734204461083
0.7167949081187489
0.9410719302139753
0.5425272977452459
0.5674295245616742
0.6393999648558845
0.6792778915262015
0.6502821875795711
0.6081322441975691
0.4915525020170851
0.6872752309974336
0.5192767865820732
0.7664223716837155
0.649081565361948
0.7313874434967289
0.9096689341027072
0.6161794224730658
0.667133782494803
0.6681927157804312
0.6606737269402246
0.6253855525238255
0.7451060598397797
0.684182953784956
0.7728675840726806
0.5251459903445345
0.6781111866382719
0.7401798239099304
0.7413466129779471
0.511626330202665
0.6022389274893277
0.6116936990475751
0.5405099060228145
0.6562698174394727
0.6479781145339204
0.745352815488834
0.7266881650448448
0.6316622952736358
0.5925691053174603
0.5506122749398674
0.6833286916649248
0.7067713627530552
0.691332942316632
0.7274544173482305
0.4464663017928903
0.6891239481778728
0.7100507008409749
0.8707086330414981
0.6196438394242921
0.7274357636799564
0.7216095595554406
0.6492316207327697
0.6320388514402334
0.839005844179168
0.6532533365420027
0.6144492701459844
0.6467056654599946
0.7198931301602055
0.6502687680355487
0.6681790766772161
0.738121629622747
0.7855698104041504
0.6245032131475076
0.6428284026998607
0.7824837830266619
0.6271193727855818
0.5880885999680076
0.7377372457784388
0.5372932001435972
0.7401327929532459
0.6891694881598354
0.58605961116964
0.7062160046289242
0.804724295116354
0.651916262747938
0.6351187391724059
0.6998883085914384
0.6931469793155416
0.7026304339366889
0.49546319933136657
0.6923344503252106
0.7232573471151602
0.6956732252400561
0.5368368871935665
0.6617550317672143
0.7751631610751479
0.6343706533484106
0.7053381717668558
0.7062148313416341
0.7480865951931338
0.6931269246156261
0.6705366448868081
0.4671766903089519
0.6478871031911352
0.6867846658926996
0.830226104122624
0.6331813331235753
0.6976657863578197
0.7522710233046448
0.775082461426497
0.5381604331100839
0.7260421578375496
0.6438282687911441
0.5454501394167446
0.4775461280221247
0.5798118545907891
0.6816021168200281
0.6213446483683844
0.7292643924505394
0.7312367360165213
0.5512634377246823
0.6847542524339404
0.5900874443407981
0.8503035570397737
0.6797126858112982
0.7515854627176034
0.5492912263195376
0.5173393244134913
0.6173494674354426
0.7023756399390572
0.7145934370432281
0.6829849414464075
0.581361411107698
0.6040041736530823
0.6517614675171663
0.6216272395928062
0.6797654680971493
0.6450071079515483
0.7175453972485629
0.6122279311679514
0.7404259764477
0.8097245307630883
0.6799950136514403
0.5407577352762218
0.6319868779241872
0.6606305207134398
0.5900197214571534
0.7016302414257315
0.7356573779680508
0.6989745402891997
0.6349291508260629
0.7566066108778535
0.5621356004959891
0.7368999676674054
0.6818679528446794
0.8381904771552569
0.7093695263992706
0.6520559006098582
0.8027475634159105
0.5626549542638932
0.6692827576827737
0.8094223275470298
0.8217948391594065
0.639053896218938
0.7067155989997268
0.5685788308014598
0.6487469130950339
0.6721690606435523
0.6099246158635971
0.7696802276989967
0.6474098963531237
0.5505889888703547
0.8155234767856196
0.6638219856391849
0.6372984738697774
0.6031143810920416
0.6586550958347012
0.6056250176370158
0.6113657441951788
0.7484284808463051
0.746952151784757
0.7676366092041265
0.6632090615982057
0.6292353530950158
0.6213316313815698
0.6096661300269102
0.6651173008524848
0.6150922810640156
0.7912966854327046
0.6476601789811851
0.5896155863449528
0.4719118825260176
0.5634208321609072
0.8217790157970005
0.6537257577400948
0.7993438108335897
0.7158498068231546
0.8666608877434605
0.6995627093997481
0.7479095207529474
0.5935125044826904
0.5078565733072942
0.6854037662471254
0.583715136147099
0.8277252597137369
0.7609897291865403
0.6539969046647669
0.7059669996585305
0.6894256012406418
0.6786534880672657
0.637130104629053
0.6351063819338858
0.3681522752889188
0.733195459362679
0.7863952377877976
0.6453799785287521
0.7558820936361652
0.6829399904826385
0.6781821338105299
0.7029427589248893
0.6416313822710624
0.8028255598079392
0.6109622533713942
0.5265604273888677
0.7433263718127726
0.6654688605481853
0.6812634857761246
0.7042798196620802
0.7030095144805993
0.7133164373027336
0.777808075339848
0.7032827110354927
0.7864692712339778
0.7247367839587553
0.6842523305125563
0.7800292502466555
0.540770022836263
0.6244985252456747
0.7081180995347848
0.7821909231518537
0.8474032497709598
0.743964622181671
0.4156465300394901
0.6575820078353417
0.583394588995618
0.5067882597603756
0.46984945750681295
0.7683126855634302
0.5979101611579849
0.6762174382607055
0.7732903762153238
0.7926959662935384
0.5567703764392526
0.7633210750889073
0.6288647556450752
0.6586715461487942
0.7975378892598953
0.7039592231984707
0.643006711360769
0.9556962977455329
0.5663043359507899
0.6544412950635593
0.6331739606945761
0.5063965341853582
0.827992972238346
0.7272290391928232
0.7235113410403897
0.7315090410879803
0.4730762333429479
0.5773048672711165
0.6521539157163013
0.7312581438727821
0.7824539768138431
0.6231955209242489
0.6985954973037064
0.5799565713779561
0.5719332100850623
0.8173255613163997
0.8816173332265339
0.7176354079674959
0.5885093867275618
0.6423325319611662
0.790159346724018
0.8325851792391997
0.6387918537341769
0.7876038963087482
0.5422377029767893
0.6533403686399233
0.5516000153661971
0.8192767907349209
0.5605089852678075
0.5816089814522023
0.6151450273968809
0.6915809048076069
0.5611252887397378
0.43696408544847276
0.7956101566239259
0.5727915343228219
0.7998723073713708
0.7626086210400468
0.5662703004421892
0.49789358672294126
0.5853782049833618
0.6774861306256579
0.6245687151751969
0.7162589705364043
0.7318563932867883
0.7024496642192561
0.8979477744114062
0.6750251522486741
0.8533772763532939
0.6616462650145096
0.6691932623391944
0.8430505624367463
0.7268806405197991
0.5512502621306264
0.6425981490082648
0.6686437878606396
0.545534182782288
0.5975346745792319
0.6062853952608164
0.6972424881700454
0.6096480893554914
0.7441337939438749
0.7900383891369147
0.5993175268763741
0.7551228836519335
0.5518351050994222
0.6054771607664996
0.6582906648862835
0.7959406596988121
0.6388601664606353
0.6747615849401332
0.6567536528444736
0.7091340919567842
0.7320359425244138
0.7124024002783816
0.6673110748510684
0.6752971650039057
0.7166210626990674
0.6473513961687382
0.5850384352040943
0.569541304980759
0.6804870465589149
0.5918916800943639
0.5404462139298697
0.711002277200171
0.697379999049434
0.4452641576173928
0.6975309932270737
0.7740683797238234
0.6780963186720266
0.668879348003074
0.5673777933568662
0.6942531899150078
0.7335775606487221
0.7489593404824358
0.6495712050240273
0.6621972320526384
0.6821491594263843
0.4049618676076024
0.640016405286353
0.6331746137792568
0.6646220060477549
0.7135203780037352
0.6790392755003257
0.3669954721980855
0.7434393722551078
0.6201456876919522
0.595527774743959
0.7903337222958601
0.7017216611467497
0.8881305681452414
0.5973956987290457
0.7662141381653521
0.6632614861074037
0.6452118692227938
0.8251064885009317
0.7424070505873704
0.6490659166992843
0.7185385571928229
0.6275571861159808
0.5646459264129883
0.6370576540730785
0.5654468749591176
0.5740716767237938
0.7582846938253348
0.8265278287996878
0.7011447470262167
0.6781309346870495
0.8306937830495457
0.6471192753577392
0.7024463971439457
0.8087512433338531
0.6091485644964687
0.5981317108504897
0.6977486729582966
0.7469815010772154
0.614798756264002
0.5954377632240956
0.6055287061244805
0.6818878471585217
0.6371319961635555
0.6086657423947064
0.489080299679001
0.6375792682384459
0.5872615092354461
0.5994788705395234
0.7701881626791047
0.6953244646272774
0.6982932497154265
0.6541562927003383
0.7167657530856429
0.6179328732018662
0.7924130712012262
0.8020955508830566
0.817601647348007
0.8030857570199299
0.6248213350975059
0.5336971136473982
0.6925078709440808
0.5424737479529212
0.6394009087962683
0.5565674781990526
0.5998770610125389
0.6836099039589568
0.7024630115252224
0.6361581049644481
0.6719274151170235
0.6197538292626378
0.545116129674252
0.661816316058379
0.6991728769344934
0.5610136445658422
0.8001394557749425
0.6562992978646717
0.6189334666193845
0.6371004827881545
0.7456942167499048
0.7594278803611779
0.7458772142945221
0.7519253855415341
0.6380885483047418
0.661895861601664
0.677669833158454
0.66453505814656
0.7474109989940376
0.5909877551730734
0.6391189603527496
0.7346193414511527
0.7645475196041968
0.6239136243218448
0.8311692215999507
0.6692949112988636
0.7563687672030581
0.6421671222395934
0.5829070660591449
0.7391578845095162
0.7405573509582275
0.6081276169895039
0.7475879158611539
0.5887378393551596
0.710020907887625
0.6130663933299563
0.734299002614406
0.6125133235107149
0.7067273134531488
0.3474186281654262
0.60151416017484
0.5056511057049663
0.8151672426152805
0.6147686404869024
0.5828050642698558
0.6512675027601631
0.6555093513480658
0.8334530004386467
0.6326486546024386
0.7418635276120013
0.7092438130409144
0.7275084514209895
0.704798970253995
0.7141203486830565
0.6989759399370662
0.5860152944230477
0.7406524570996625
0.6085614373778996
0.5735746812973187
0.678308267730126
0.3782020396488581
0.6256924655906961
0.6097051486695053
0.7621788295124412
0.7297992426025361
0.629224921388265
0.5663062827278366
0.5827535281013729
0.7137295136933652
0.8954781815784502
0.6642614842698422
0.7586160233651937
0.7328694614561679
0.5793323758279563
0.7724203632310078
0.4589491871774959
0.7335963080468605
0.7791611629713999
0.6376266569885515
0.5946479292943433
0.7569917347727909
0.6812002474519971
0.622478397742669
0.6171725091160423
0.6439235899131298
0.7807500008519563
0.768513730464238
0.8321271916752627
0.7444554155085108
0.6409321889440543
0.7657156688953956
0.6970692264141551
0.7224583826817198
0.6479583287948424
0.5821295349002988
0.7505869160857516
0.7102693365272104
0.7388907614333862
0.5495903014073089
0.6730325950548119
0.8344305336022133
0.5332663018044689
0.6316640626370749
0.707688244256941
0.6808360149804478
0.6396018700822839
0.7503361665610029
0.6124482570912546
0.7140521822962907
0.7239594154306631
0.7063009305311087
0.657776783875715
0.6820682492893821
0.6705140020460459
0.6568061880351695
0.5488121202252211
0.7741114018901821
0.8128440741098358
0.6380307142148297
0.7108763582693334
0.5445391336667399
0.72671584048355
0.7666751299343892
0.5911349933405899
0.8533564695599569
0.6835297552929849
0.7223443567059293
0.6971094359805708
0.542855013040693
0.8400036743872762
0.6623749285300113
0.6380437004118055
0.8173751736622266
0.6114713330055498
0.8797270930846232
0.5725314690725001
0.6599223323204044
0.8159571675675995
0.7766339491404242
0.6843257454862111
0.5732649785712155
0.6011528777285616
0.6378023812446378
0.6626832651398621
0.6974821599766261
0.6618235743699895
0.6835889596559339
0.702978867568378
0.6333332992460562
0.6937814921135484
0.627744479821712
0.5361211114444181
0.752614005050357
0.7444753852325192
0.5397503687694184
0.6144775010032035
0.6195489048220151
0.5939444658943877
0.7242158639133294
0.5414079795379032
0.6651799085137925
0.7175841541790693
0.6967947667659324
0.7933834615802008
0.8737036234826487
0.563761781159923
0.6725903049753702
0.6695774730432771
0.6640220788282128
0.7362688775657945
0.7106243029281526
0.7014626981286168
0.6814569656081998
0.7644256175518116
0.6558711676376444
0.7333307226635778
0.6257561004649427
0.5663608536120327
0.774144233465366
0.6786341677340281
0.7855919446489722
0.8482221230957037
0.6746894808500294
0.5759744332230369
0.7385929084507372
0.8557040391152709
0.6456831803666141
0.6719939653566459
0.5698578044830347
0.717125692704262
0.6159934498823464
0.7456677604843027
0.7496813474763484
0.5642844073969853
0.7482112737652351
0.5680853254005587
0.7376413514624761
0.7269144762724458
0.6149254365531673
0.6891206748295629
0.8422802511112262
0.7763629339116853
0.6760857120147863
0.6678943212447188
0.6405756049406037
0.5557008217861034
0.5981386496463198
0.6139770350195445
0.7386067599071019
0.7193016962826781
0.7583810137793158
0.6840553916719605
0.6338664824281312
0.6703034277149086
0.5413624045558864
0.694801657448296
0.5600180418875156
0.6767013693373232
0.6300665001044544
0.7389395769614825
0.6345811682622798
0.7019566640176462
0.6500856307290167
0.6515655047366088
0.6490772575887207
0.819195825613661
0.6284783584581374
0.7140871904707905
0.6594064497644004
0.7507689653748402
0.5942750463871145
0.565295471330562
0.6231622871188451
0.7560792133243662
0.5918212302353668
0.6207340723966488
0.7385361019922113
0.7912306122253298
0.6932498898398186
0.8761588088043754
0.858575813581429
0.7438282597878307
0.7119231827269372
1.2217734815041046
0.8035202082458173
0.7538103052519919
0.7657967291866606
0.5690978171575837
0.6829540848649388
0.5787748420175219
0.5590525768621366
0.6164394121782638
0.8019413581115215
0.5904424517781455
0.5219677190483965
0.797575855579613
0.7321281419672478
0.44920762339073905
0.7246360276173804
0.6171928714691205
0.730233482682171
0.7083945581483494
0.5476959035558412
0.4374921057561922
0.5827850642403534
0.7164779953131424
0.620155091034876
0.6437977328991683
0.6823885109538248
0.7267289165444609
0.6755737331404623
0.6226616485726245
0.6246715519715575
0.7296131981393873
0.5410118187555785
0.6107463303010148
0.5271880636177398
0.6707153166749967
0.675506722668518
0.7203489032216331
0.6722440722257609
0.5926659151002037
0.65423705068556
0.784896935485096
0.68381530755485
0.6164507073226392
0.7391915457348529
0.6897386999248587
0.6106108445741255
0.5615556102519428
0.6150945417969141
0.7340079147321009
0.7985590787977992
0.920418400753872
0.6890223262899674
0.7141847401000777
0.6651177558757804
0.685772657811385
0.6409644502779516
0.7073631983750185
0.6336888278278275
0.7085632398884547
0.6059141788761115
0.700771592575533
0.7012658756884127
0.6234261616249143
0.648959689912508
0.6799744800664942
0.5983526018344397
0.5004392078889544
0.7243446984118133
0.5964188202159644
0.6526955017891752
0.7654929567567235
0.6660393431231298
0.7350717249641934
0.682485210836131
0.7083173099581104
0.7478656651929239
0.6753605842598193
0.5873513504714624
0.5974336189833326
0.7495412276067636
0.7110029922635287
0.7395235033273271
0.790224915550879
0.7639465547566047
0.6610246873664489
0.7193842692842735
0.6844502517046206
0.6426550745505504
0.7022564315250751
0.6433139002220205
0.6760931262365348
0.693170638234869
0.6969989701799896
0.7426837627593659
0.6145648850679067
0.58729751739638
0.642520578598689
0.5078381694612054
0.6542632584175286
0.8786432427664328
0.7146092602154553
0.7092186877012835
0.7523637639449745
0.6426075778403721
0.7323103900369641
0.6918424182178557
0.46513993167433704
0.7649025767779882
0.5598711445771466
0.742864278553824
0.5908693879803043
0.4404789854745993
0.6924408373948827
0.8182387407104472
0.6442342151763065
0.7721936559943249
0.7235459110736521
0.6039286832201164
0.6566099055222637
0.6215750058311644
0.7204813773165459
0.6809159348517145
0.603699835829616
0.7317658398131979
0.5335575337388292
0.6102147653157243
0.7551060409064732
0.5377214398487897
0.8192299597128577
0.5398872347167512
0.6909792938650122
0.6732392674346762
0.5133422054538854
0.5928194396643945
0.7035551869146252
0.7716419156003856
0.5979427365616642
0.7190656895003349
0.6788158847436457
0.6954708324447457
0.6402062789592038
0.6640793481960774
0.6402635438356578
0.747233956448393
0.6394765239868819
0.7787956437942971
0.7563636233488351
0.6998066671736786
0.49387877272304576
0.8369351243601543
0.5240182196882008
0.6880785558688857
0.5747939402390163
0.5688532866270568
0.45430572102433564
0.6470281197568162
0.5873267012150731
0.6666735803646655
0.5646840196123348
0.6719354541688249
0.6203861214620556
0.6533293029813934
0.687750149644445
0.6665244278804973
0.5664649871459582
0.6835584356867653
0.7009811183924031
0.6411222586767632
0.6408504917235653
0.658435981311528
0.7238301253786904
0.547409738999548
0.7988769799417591
0.8157378183956789
0.6606872167855556
0.8573793297329915
0.6056766390144448
0.7324632463277287
0.8077983980120824
0.6605060875364109
0.5130187781825094
0.63160162550879
0.5877482703799997
0.7804249319436551
0.7140522840107945
0.7664594028749169
0.7270037937085987
0.8096289420864858
0.6976959684167519
0.6441432128894847
0.523523281357551
0.6170303863785852
0.6734711529473207
0.8636071712371036
0.5324328377767795
0.8760913951494721
0.639262242934613
0.8077248651525166
0.6625326861116758
0.6850579040782927
0.5783820755303637
0.6271681432735048
0.5298226149981918
0.6619093563952241
0.7870370857306354
0.8256715200298502
0.8204431389146828
0.6415009923950405
0.5977042825376282
0.6350845962605566
0.7087084354073351
0.6272030661416809
0.4752094291357592
0.5172036938277317
0.6973075227983494
0.6074893551149874
0.7796563350853525
0.8477996227002708
0.6706305991614964
0.7466029141028662
0.6583541823555816
0.7379830779603865
0.760441507681466
0.6492127875333645
0.7430021451813489
0.7176124782332237
0.6898465489979754
0.7383655537560647
0.5833737341287213
0.7281375497363702
0.5288695244249927
0.6418768277090445
0.8385510188719213
0.7290650897999214
0.6810195980082426
0.7101021679258953
0.631634248417297
0.6624813262282984
0.7250340789260951
0.741959930792841
0.6271788372343317
0.6847140184453145
0.9088467882244072
0.7331667732072524
0.6114433934050759
0.7547602092133509
0.791935976784194
0.5789754983536111
0.6712060956844166
0.5745321239321947
0.7530933510867243
0.6269625369413133
0.7111685716194326
0.6566283751819091
0.9122599790731915
0.5245952904394832
0.691212909335457
0.7733937469850619
0.633060033874614
0.6760383229138481
0.780251481881864
0.6821244949428157
0.7197316160956019
0.7380821595697281
0.7126071738281937
0.6653448753712863
0.7482910316999964
0.8115802477078302
0.5546007344019788
0.7471949386303153
0.7657357456379751
0.7018327350968665
0.6765847076149617
0.6966852083691487
0.6685648136678896
0.8206829289320693
0.619643517907327
0.7181204187202433
0.6512324569565557
0.6349240630624994
0.7565897852434225
0.7441405677609515
0.6415067016364892
0.6568117435594002
0.7598363357416444
0.6296676586274723
0.6510215067174637
0.6699202538514218
0.5593288769098177
0.6455351163970359
0.7458967117461706
0.5653916354037154
0.7645520435969836
0.6772275680754665
0.5802131782178512
0.6228014308261376
0.6615920074210975
0.725768101300926
0.6532472318535082
0.6944092940869968
0.6970096172394346
0.6043611221692305
0.6182302797841297
0.7115731536213561
0.7363513852971202
0.7231103238571643
0.5509399490018724
0.6329666619911632
0.8232834075244317
0.6740172511079777
0.6055506766469376
0.6999007250446887
0.724629702215063
0.7082752093853414
0.7575173851150523
0.8576093733821863
0.7295276456439908
0.6575453414791393
0.6992134819227314
0.6928987560280558
0.5362257189570233
0.641022477583206
0.5550824291352181
0.5483398517696688
0.5580883792832062
0.701880750653781
0.7864726558206773
0.6677776115134695
0.7390405064746705
0.8435750913213009
0.6662161988723574
0.5227143741235412
0.7398020725510503
0.5732221911741066
0.7847049622472257
0.49107279566059137
0.8215348340723341
0.7295855259498152
0.7914587700495795
0.7064818585660007
0.6180211426116204
0.6910846671403066
0.6894609689084767
0.8276270506835434
0.5812090102656421
0.7895931434143028
0.6136161558200334
0.6288379928164326
0.5430323363441897
0.5274109380975021
0.7797694369300283
0.6672203426604734
0.7654927305624071
0.7722075456393004
0.7182668140941901
0.6790365281713608
0.5815573807132824
0.7819358252551863
0.7165440111392648
0.5629536735178939
0.6119559843237683
0.6781701536235915
0.698823564798815
0.5922294514369805
0.5323422019260399
0.7390502453026159
0.6485744701985561
0.7461224282230848
0.7368271328930707
0.5912336616126299
0.7017400273880195
0.6504984087607516
0.6650168675815549
0.6276388908610667
0.6921597773385354
0.6739153798869748
0.48451590369975533
0.635125632249515
0.8948074776028316
0.6422859828441686
0.7573068394096292
0.7864135842169142
0.8085578919704254
0.6426600540356139
0.8096233380047204
0.5663424245145937
0.6975569427131084
0.6953113037373084
0.7477784752845341
0.6972125428718782
0.5840577704543114
0.6611631331334332
0.6951016196851107
0.6598923393960626
0.6104008067567315
0.6478549156649714
0.7304533546919019
0.6508513163924615
0.7008137082021382
0.658038217132501
0.5925335354583341
0.7310096911087353
0.7696775310331421
0.8428400257188736
0.6451107391659101
0.6181582686539749
0.8062999839648161
0.6470217902157024
0.6334271375624966
0.702200443913974
0.7581267266035976
0.6857931653679644
0.6741921636486963
0.695253701825843
0.6399819090139846
0.7485405791832949
0.7441702727126721
0.7372528767797877
0.816186947911219
0.6510919036525407
0.6796884689628258
0.6037111585122921
0.6501690531684405
0.5603715988674137
0.7158135653702589
0.7504470846471779
0.6983970409362267
0.582681631532468
0.759871256412728
0.7692992088859961
0.6679732760665158
0.6920907161101196
0.8299698558312723
0.8649494143011317
0.6734458979157275
0.5851995348108957
0.6978853060128467
0.6655174087192995
0.6600198459815012
0.7586548234860716
0.6336226541715924
0.7845092980936957
0.6986359751104662
0.6886024907884122
0.7075778002121721
0.7190077167157216
0.6433890676714215
0.7156780895598396
0.6622303357325339
0.6128619343284895
0.7359850124312419
0.42052002121045745
0.7252053937722582
0.7681337341219449
0.7431511995026521
0.718772542207491
0.7399672200883783
0.7089922206597122
0.7578261321321904
0.6588330624155477
0.7133769504768183
0.7411194570555604
0.6900709829486354
0.5830248557689922
0.8452329441480009
0.6216077765838671
0.7602724822644518
0.6774248795970224
0.6351104666674421
0.7437165090525952
0.717860059746612
0.7661953435056368
0.627798047989849
0.5792465489531361
0.645074589341605
0.7183673465510909
0.7205001351383077
0.7915213087572261
0.7584237810788692
0.6319680531719618
0.6602525717463026
0.7821758955602907
0.6428433558019374
0.5494736344470157
0.582680983057402
0.673923464272145
0.6609558644604898
0.6529986055038643
0.8114334023159533
0.5873747406090793
0.8405973507132833
0.6442517139104844
0.6292784366182048
0.7098643224122309
0.6163090381466064
0.7092296726717997
0.7799713410787296
0.5907606946087332
0.4105050062410428
0.6702276237823651
0.5735317137996851
0.6743125600374218
0.775500230659334
0.8627806299582473
0.7816591295678134
0.7262102603551306
0.6966596853350366
0.6967136992677161
0.6512674103346836
0.733621933848927
0.5823643149354236
0.5516461880378724
0.6644533190925775
0.8205791228121595
0.709288636934857
0.7320757954009667
0.5324952221236203
0.6606481987266416
0.8719152514392915
0.7799762794542529
0.4934589313896751
0.7813055849672172
0.7628345659085164
0.7355130179491157
0.6036996546820816
0.785609591078062
0.60839328310891
0.6590509234395293
0.6435788725051831
0.6867407078953051
0.6766411834010966
0.7397295594673604
0.6281516807401906
0.5325319100236562
0.6869637680921293
0.7191816528233087
0.6624152838965937
0.8143458376063076
0.5498109854966658
0.7091669159930264
0.5526658104013669
0.6501771646015376
0.7026015381236171
0.5490183417569369
0.7293208181961631
0.8296643716049624
0.5969995754958161
0.7499391465660423
0.6176275109993474
0.6115524248396782
0.7368434040748509
0.6025220151943667
0.7757871134785994
0.6586792096879625
0.5807723439482765
0.6928837208066917
0.6773310993479259
0.7233891391463448
0.6612930054915185
0.5745503967265281
0.567231516929204
0.5911187708220447
0.7758751148440501
0.7564498632320152
0.6422485821123792
0.5606643571344593
0.6059323210789599
0.66036203107944
0.709036300096158
0.6868437979577281
0.7857239114132595
0.840754155869434
0.7561417070652278
0.6916557290347752
0.7413793282507632
0.6288869549407047
0.6299528649387671
0.5182455403142153
0.7449399989816934
0.6532841407950436
0.5350294377297208
0.7232488264508061
0.5361522707454238
0.7182140282246762
0.7382164885464877
0.7430715169491714
0.8210316954548454
0.6871631848443763
0.606709298941469
0.587387907364238
0.6476283849905671
0.49593300869001283
0.6096516131294876
0.5770866656688511
0.7307733200338745
0.7142879110060768
0.6251427596401622
0.559292498225273
0.6359058275247415
0.8125743562387815
0.7553935385856565
0.5879073223442001
0.6479909080674855
0.6258768828195559
0.5429978017629499
0.6694235473911399
0.5837409422977446
0.7113468668174994
0.43274257815290595
0.6295675383172918
0.6579592812004181
0.6555466116735857
0.5117821981754598
0.6547895316667631
0.754654938731304
0.5993587262869806
0.7639663579716398
0.638326049053791
0.5206150976098519
0.7947888535487806
0.7700299691970773
0.7351873353647983
0.6609324436938098
0.7455357497788514
0.6033565573157137
0.7204659639103632
0.7073353722226908
0.8048702929204592
0.6292383595288805
0.6237237299120294
0.7149143975497043
0.7883998375434191
0.7811893513353838
0.7038954498988151
0.8063206715662283
0.6641340071604939
0.7784268685902905
0.745134041411729
0.7766056820852234
0.7046361077277092
0.7901503090612176
0.6790654918112201
0.6335730595140023
0.6708008570047782
0.714248312921529
0.6403373759303439
0.8416372994272071
0.522079334720038
0.7973863611830897
0.6246128743465619
0.8133980163743059
0.7107210506363916
0.7886302207903515
0.6607944281484432
0.622777879171852
0.7459097937206591
0.6765401649901338
0.6236398854261688
0.6778971753248785
0.7892109947980593
0.7781504707434062
0.5863535651880822
0.6922109784943672
0.6417984607585657
0.6154609503691804
0.6187886022475733
0.7207031845214864
0.6638341582530195
0.6188661524650132
0.6259836532461839
0.5463535455655305
0.6708389900842289
0.5870302052784138
0.7325573337099367
0.61869427858998
0.5712883658409065
0.7759075962261304
0.8000791292540638
0.6287735286458895
0.6698595951726116
0.6349847127291358
0.666633587751589
0.6809659526753565
0.8104666708653008
0.6988377199144351
0.7796612151553933
0.567900910162531
0.6833986930604358
0.6242302876217787
0.6183795266148506
0.724085448126249
0.6379106405328621
0.7383592595911709
0.6636905261029196
0.5944701521500013
0.6572921393172502
0.7612570178366672
0.6163788570833514
0.5632003237790936
0.8122971703527397
0.5316736449969284
0.39230366968200847
0.4994759104895523
0.69487719799432
0.574597866512724
0.6993136244493606
0.6630533958407633
0.729324787097682
0.7718292723480611
0.677847135760436
0.7022704004346537
0.6005669502801728
0.6695629164380972
0.7389517528554308
0.5464988071763421
0.5094821539398279
0.6106616328924512
0.671958806857838
0.6698797326482729
0.7340071303448261
0.5194538417058792
0.6000715417838375
0.610087827344592
0.6608689868048018
0.7848103044979483
0.6901716765806817
0.6117688600150296
0.6356220940785513
0.8706923812597266
0.8472743956139412
0.6610564489103317
0.811368370667226
0.7088958114460766
0.6777183349712549
0.5416354149632608
0.7528575072387365
0.6619387838119305
0.587512183855811
0.5825299454919304
0.700949985321507
0.48030282927222234
0.706775760415675
0.5661134215827709
0.7830921499394758
0.4801863579420888
0.7322460591234063
0.7930457587926136
0.8349733792535539
0.6651580518571613
0.5166080654127009
0.5850601788204887
0.7205393410228963
0.697307702554711
0.7464787096016865
0.6224887538964634
0.7582421544179265
0.580734347613735
0.6186276032236618
0.602170760695786
0.5562687330178022
0.8019091491911545
0.6264323758137311
0.8125230960775249
0.7153864029022449
0.5955854915883689
0.4987756352106716
0.5950956050150699
0.7422881000027424
0.7392317680389036
0.7709183423783109
0.7788220952262583
0.6247244243009092
0.48214616022418655
0.6680596362514047
0.6188497943449133
0.6672253227026294
0.7366707610407183
0.6549017194847031
0.6572023949698996
0.5974617391351708
0.7166148085229774
0.6023067295194843
0.6203799678342713
0.6488398429887579
0.6215318795302714
0.6725273852792911
0.7517593671619753
0.6984599622513574
0.661670718601144
0.7064776687961244
0.5898914323539427
0.5994443157111348
0.7507199810776914
0.604184837107649
0.7554402088111501
0.6150558629133451
0.6054157675842378
0.6196371057937301
0.5717372636603968
0.5220032303870531
0.8255411009345675
0.7927027597713705
0.5874492082500411
0.611348112028245
0.8093335008440818
0.7374939106649765
0.5851295656209835
0.7824594760980511
0.4969169124038213
0.5095281479505349
0.6198989821125496
0.7672743884164017
0.698522417079392
0.8228628345451271
0.5217222634183869
0.6838747792119538
0.5573059205833213
0.7818979585780613
0.6897891185359389
0.775092713980009
0.6108884916980903
0.5872792910194553
0.6666737565498752
0.5471270460678438
0.6170262060930823
0.6773696234983598
0.7885332576693006
0.7271891302816696
0.645952864508604
0.736900425153995
0.6377024307167487
0.6574713952796237
0.7842301336410032
0.6569889003702178
0.5498807287395349
0.5233267366330896
0.7994868210108719
0.839828996060589
0.7261637541335647
0.7744382620367232
0.7094483713336922
0.6692305273577656
0.6332982212350357
0.649534666955481
0.5904101906801139
0.8173424744266261
0.6792002661878197
0.7519727818307821
0.6781801509213476
0.5980123783081496
0.8092869415872366
0.6682442050018071
0.8286788839455577
0.6332525152796352
0.6671070598835613
0.7046737300876048
0.785756099493603
0.6960318563247597
0.7253704444198786
0.6544716064684958
0.6478747413829118
0.6132829010664838
0.6567900641172725
0.7226480828526715
0.7168132420434068
0.8283459289292159
0.6815812765947148
0.782131579564656
0.6665121918778979
0.6596512119701671
0.616766231738944
0.4866387931272605
0.7956474726488209
0.6222463740382863
0.795418380562829
0.724110843200401
0.7919451290650348
0.6579142276659206
0.5775709264570124
0.7855968334048287
0.7368823582430698
1.1194459761374496
0.7331835743890509
0.7563956188724138
0.6143021725904599
0.6242459131544829
0.45610774855283054
0.7704573790890282
0.6769031360301825
0.7978235341010455
0.6497746911669089
0.6448081050487503
0.6020508191333063
0.7218657872523933
0.5100133846132106
0.5258320971372202
0.5590751731625981
0.5569462879231151
0.5541852086786441
0.6330035821736392
0.7287590540302288
0.7266870630842565
0.57884351097235
0.7522276183672801
0.7012928580986764
0.8107755941496252
0.5961416521518159
0.8367109452761816
0.8183704096641502
0.8562565072548123
0.670684790752021
0.6194565393530207
0.792133396154223
0.5083315116734917
0.6745521659546588
0.8008102763800722
0.8181334892121546
0.7639880807270034
0.7696808299906893
0.6811342152248154
0.8451652671827254
0.617650564695449
0.6519599044692123
0.5316198577197412
0.7952654849981295
0.7863863500236135
0.8334705471228251
0.7384527507291125
0.6960212241519312
0.7189526529067066
0.599976032054614
0.8213503221186467
0.6942340507331668
0.7801396575970754
0.6839654108918585
0.6543201478498331
0.6413056589434821
0.6370538510559166
0.696419900235171
0.8110396216604291
0.6545723614605521
0.7423564924359806
0.7594231854670092
0.4826959974845753
0.7197062887827567
0.6811092671581211
0.6638878778593585
0.8090626493346131
0.834273940557978
0.6551816681554472
0.609846874641897
0.65138779232214
0.6984606815658262
0.7815677946909746
0.6782672535813357
0.5996153091102002
0.7170555135446676
0.5783502512833538
0.8070985649705609
0.705940242411111
0.6927350584857053
0.5926589679140478
0.6136682482227953
0.6307458176736876
0.5810315325095653
0.7047012772389586
0.6297867938506636
0.647112467019871
0.76034267184664
0.7360244508886022
0.613642685179457
0.5318800967927296
0.5440387912088435
0.4937808698154109
0.7408445876618783
0.6078902676276118
0.6457140876031756
0.7121467505198853
0.8088957203377303
0.6058640611504349
0.6389938026795836
0.6089688076913258
0.5932253326613197
0.7640309417137899
0.7464113594779389
0.6276030976861491
0.7263836646642201
0.5742202927919374
0.6381045587997489
0.6663834284233082
0.7562255692378259
0.6196686364982045
0.6055629093771923
0.6616646715900576
0.6530765917773743
0.8805532775501603
0.5828462702889392
0.7221316024995591
0.7786091473883736
0.5670697833851613
0.5922320281092883
0.6466618044214615
0.5902531591768568
0.6026954042732467
0.6425086902253077
0.6528623897291049
0.7338210340804202
0.5846035158250996
0.6885856218988354
0.7590097209816565
0.70577308168382
0.6554019570914859
0.7242826715891187
0.7297866383679661
0.6050162524224104
0.7154960106919953
0.6203087190992737
0.7962140216993868
0.8090880179766854
0.711673557884314
0.276135159352864
0.6469673628614422
0.7579499853051725
0.7279939375393887
0.6050013961008912
0.9722910893141257
0.6465265241054275
0.7722332222048575
0.7028487796380969
0.48482997285380947
0.6722668035088527
0.6235794179342546
0.5385043995598116
0.5942147530142986
0.7708265363855055
0.5589285900030388
0.7203204799353795
0.6328441351902176
0.5557501711529308
0.7050811594360002
0.8231812324563
0.7077262879150092
0.5859919217213622
0.6599462919179606
0.5890771038217546
0.6323459998857142
0.5741588195354628
0.6293062669075821
0.8005074326428818
0.5150023372154161
0.7961192062990866
0.6683486242520821
0.5691762137355874
0.8184559440815089
0.7305932436392849
0.5332802553411733
0.6389182786487626
0.7980155835286981
0.6323153545866491
0.9041571538226468
0.5729617526009678
0.6436848582423135
0.5793486599487704
0.7186770818888972
0.7565579683017317
0.6254663719902667
0.6332426333580505
0.5963722166966873
0.7228519091581868
0.575296451120085
0.7778888019885905
0.5988814484156919
0.7440409337702394
0.5835528374503974
0.677741885963107
0.765732397665587
0.6177915634609156
0.6969723415923393
0.5447529384353925
0.6049542791518888
0.6512821633572156
0.7866021945562703
0.580052984651966
0.7385038167288375
0.793917017224954
0.7138105879133275
0.643805568711152
0.6847355567910411
0.7939951069260824
0.690105902194671
0.6295778586099653
0.793240369035574
0.7019190325093652
0.6714289408660744
0.45180619187898663
0.749827914205783
0.6768542476214876
0.6994209508512034
0.7576645194566198
0.6483909839969434
0.6360247877342431
0.7926011769609962
0.5475572689543532
0.703212576028823
0.6520425779664818
0.733596876145497
0.8469790274640819
0.9380719980531509
0.6876999575932833
0.6073706992910533
0.7979551787780503
0.7105011871315616
0.6623045157662003
0.6915739515178115
0.7118414543726899
0.7689643311101497
0.8758484744533885
0.4856564451193274
0.7087797126341572
0.5828179667255569
0.6751325635228335
0.667589004108571
0.547757044630302
0.6613702128946491
0.6532168878213976
0.6224335772381754
0.6554609300346022
0.5577369607728196
0.6081570621710798
0.6425722703238645
0.753571747289818
0.5379435227623465
0.6124884480557115
0.6271787007370986
0.5840582029084492
0.609752108743324
0.8369619367831179
0.725701916203322
0.6459777251024771
0.5416173561175742
0.7282905018057191
0.6656557221297459
0.6185567816748083
0.7639006810545261
0.7127796417694929
0.6805095277191238
0.6546897485692368
0.5976130280342006
0.6477968399153681
0.668503086648355
0.6598240201325783
0.6180984762116939
0.8349105780103416
0.69039277713344
0.7194501020725674
0.727290933486779
0.6065962187084208
0.6478220490264618
0.5566920643148309
0.7967218634914983
0.7347800240410801
0.6251230912605763
0.7868847215436372
0.6072666037091282
0.6557413560388126
0.7429186312632391
0.8449213482060645
0.7365330341069812
0.7487806471748109
0.7908936814839784
0.7248411276604895
0.6167752574020972
0.7089685575425984
0.7895647303302377
0.7009347714008577
0.6188596135724487
0.6128693880196078
0.6896352824106841
0.7231821431644292
0.7112084320165621
0.6794930232600249
0.7615343619100927
0.7725188279062141
0.7560560621741719
0.5542244519687632
0.591016376195984
0.6322169495547287
0.5705057800522694
0.7346254852680605
0.7611687308515687
0.5612442707261992
0.7376621676741755
0.49745302422228804
0.5530720602387338
0.598846872933491
0.711051542299849
0.5540186734147508
0.774083164044203
0.6835439161213802
0.6523192156705645
0.5319674577308776
0.6619396209475241
0.6275156512268166
0.7926428449421286
0.6685909906950108
0.7811800273469541
0.6402327827808204
0.698817702995234
0.6863332136917475
0.816613683770872
0.6447338829911545
0.7475133959035463
0.782281923081245
0.826603532343468
0.6799263509269208
0.8439037992737841
0.6492286041976727
0.7324182985546962
0.650136940401926
0.7001219391049993
0.6557087889473537
0.7287325068361459
0.725504421012306
0.6471681947226575
0.6381234334208874
0.6129369635617504
0.5880329384212732
0.5680557503112555
0.3966485683806973
0.7139700687423957
0.8305686517406778
0.6816201070680864
0.731908276552742
0.6710798500424187
0.592081429717097
0.7103480616658108
0.7174255802154906
0.7800302547740285
0.6818211096102774
0.6631078563846714
0.561194822507797
0.6994744591888963
0.5700054321541344
0.662910459448974
0.7261221144503069
0.7435356450800913
0.6288586243141502
0.8518833642429523
0.6396633570158423
0.5823743596995358
0.7955846205659313
0.6928273147428892
0.6865491171150123
0.7267225022788106
0.7203038704799137
0.7042665523147069
0.637028795248941
0.8695883140327891
0.7508916156143869
0.7854227523820261
0.628656579871346
0.7119293540700051
0.7427641392439973
0.5966850448152402
0.727132836519471
0.7957958802508824
0.6300509959373451
0.7694236644150171
0.7515863304633219
0.6863832566829241
0.8401930148707908
0.7953103914960051
0.6043004054504612
0.4897115912153865
0.723742414478693
0.7559540671577762
0.6247075881026332
0.8947039023414347
0.7771639177582399
0.7287048105241741
0.8601638374724576
0.7235375526929737
0.7282363816655705
0.570243433385329
0.7332496523902129
0.6103995059835648
0.7538333203525289
0.5553395064490068
0.8239400891785308
0.5954567987914228
0.7499081941036235
0.7674333522221999
0.9816304563128263
0.6326760772766485
0.7576733920403387
0.5824181422411411
0.6341975447178044
0.6636559990206324
0.7406995793700433
0.7384872999242797
0.7711449465899187
0.8019336156529375
0.6581024835275017
0.6575470747995041
0.6862944642789053
0.6361619959298959
0.546787085679661
0.6322110312114193
0.5238349661656039
0.5310779576937285
0.6479823923762081
0.7429713233304779
0.6610738940342664
0.5088080983641134
0.5223579018622975
0.7324507434020685
0.7325670578100802
0.8088943719287506
0.7199739441521935
0.8452483465667312
0.5331360124889272
0.7580653931864729
0.7080305402759981
0.6201828908269329
0.6950519865291497
0.7617741129260007
0.707402559314679
0.6570491005964937
0.6809326466856828
0.764662978699926
0.7039658767832013
0.7361645657180789
0.7527461799035562
0.7721414528699837
0.7252232802859128
0.6692960927994097
0.8109458037484826
0.7942147502032771
0.767134738959542
0.6339750754516461
0.42222001058772785
0.7085187009967941
0.7518971365291277
0.6495893551439971
0.6256405823968949
0.8718303060182797
0.6913159046819929
0.6231702968860398
0.6163454329539112
0.765210590754741
0.7687199926095889
0.6310702168995385
0.6866315257131651
0.77192829548247
0.6546085815599385
0.6012812586212756
0.6862782068506832
0.700563771171492
0.6959297998969373
0.6485287080616507
0.5461761099796242
0.8104398019023215
0.7128147673971414
0.6324228796010104
0.6266973462106782
0.7231488738055466
0.5299531681847134
0.5723492520390848
0.6566953424151634
0.7206664582693791
0.5667767017155524
0.5725247866147749
0.7895847622379347
0.6211688512158999
0.706544156981623
0.7281038029465116
0.41353927611417907
0.6190288767734757
0.7897180449065647
0.6097883208916909
0.6038378429916191
0.5597926524728387
0.6821855326250668
0.627099059949288
0.8241762826657513
0.742456506963877
0.6973216901777104
0.6401996338768453
0.7734711970220549
0.6461729102072492
0.6702380480577953
0.6844416576145439
0.786286957616564
0.6059367061990825
0.7445991042864463
0.46671527503385724
0.7185305814720111
0.8283208135757922
0.7061811954767546
0.6898788547921575
0.68929748596691
0.5991065839701144
0.6691171893514382
0.8712527955171312
0.6316192838418191
0.5853838308411685
0.5464562644890156
0.7663578100514521
0.631670687825928
0.662232298413496
0.6475398723162691
0.5749196099488425
0.7231571765965915
0.8590897252647389
0.6858237668411796
0.5851865434894683
0.6206357622500046
0.5851687772348363
0.8030313612206738
0.6975092111069485
0.63463423816474
0.6811168388065485
0.6760082031568351
0.710493149097286
0.7384767253143028
0.6478562835512653
0.3525845561270994
0.7817901955062506
0.741937494078084
0.574830783671497
0.46906628739484724
0.7136484569039068
0.6767211719338033
0.6351537506669569
0.5766220120738232
0.6202283124585872
0.6218122630272376
0.6725341202870108
0.577384626225502
0.7508002520193745
0.8938215278967124
0.7880920090800534
0.6492107194545806
0.6853557539825991
0.6371915977310277
0.748138985998081
0.6820193996728853
0.7386232189529787
0.6374426295669258
0.7044747226203304
0.6909527166112004
0.6358130423640902
0.675935057141641
0.611328150579454
0.6927683554751866
0.6858281730372174
0.6533806741034969
0.6605321388472697
0.682244762833065
0.3864460782274218
0.7296181380833957
0.6966128962480203
0.6635594412267701
0.5931863045120834
0.5845280737099657
0.7519902967745669
0.5070989419797086
0.7418040432026691
0.757243530628923
0.495638862414894
0.5203496798726044
0.6788455661396492
0.4609488114252152
0.5911832541580028
0.6343211759298655
0.6091207381644488
0.5985298049027802
0.5992862942895991
0.7729640455952346
0.7232123990951652
0.7096145639561547
0.5237478421004207
0.79962238222742
0.5534919947150676
0.735194484040218
0.7199121610903209
0.6871066862955274
0.630782986370269
0.6544298754397604
0.6815457637897521
0.731820219397113
0.7376626364251487
0.7555092302172609
0.7378160891257523
0.7008769370534756
0.6661095057732739
0.6808939199527279
0.6468408575421726
0.775980022186619
0.7209196684253176
0.6407377370260964
0.5614913741564408
0.5731170342173729
0.6682050882335769
0.6418967113040677
0.8168874440969599
0.6606797455510851
0.8253550070753628
0.7143451779899453
0.7400761325265224
0.7389218179849898
0.4341265168674795
0.687263317161389
0.7522773249003571
0.7339980908071396
0.6515952940143983
0.7280443696058686
0.638741576319162
0.7321027100169983
0.7074228599473168
0.6682366660304023
0.6071392685014397
0.6325967986744082
0.6489603786424456
0.706880351405513
0.620856728910916
0.6117861359020552
0.5569137684524885
0.6731469703615359
0.7699721710133156
0.6467423646020507
0.6230302970714412
0.6813036533553297
0.8221694331758659
0.6390394824035861
0.6916998266757193
0.7737323213179219
0.6775290045925249
0.7488966846954767
0.5839166050958763
0.7823083163854961
0.5268176973010505
0.7153389708052241
0.5563937042055108
0.6773986499266589
0.5999687994855825
0.6002406228245643
0.5547863482485338
0.5791897420011066
0.6125207647997972
0.6592466785569956
0.6474376966456614
0.7341630491484495
0.6642360193889608
0.6730449895589026
0.7903177003871594
0.6817201739405347
0.6009231810754252
0.567672405971332
0.693256668116807
0.6166520205255678
0.7422785191967383
0.7362288838123234
0.62906773226057
0.5994806426570192
0.6157774196339206
0.4985910748540009
0.696511727600814
0.6846205702569579
0.7449569776497575
0.5932232945250768
0.681713804211268
0.6887570663501427
0.7398366609599131
0.5805595639799154
0.5448030891886658
0.6170921869530696
0.7173621922699397
0.7459315831422368
0.7981034264679141
0.6036654886429347
0.6547479804706654
0.6313857416276295
0.7022269952327721
0.5978191825989622
0.5301101481305135
0.5979891976857382
0.7909324754069391
0.6740033683334405
0.6981338063718532
0.6693816748057811
0.5901916823116802
0.7128501480954025
0.4505936319362145
0.6202277883565076
0.767084005226421
0.6670012064814721
0.7557229419787538
0.5865692588434676
0.5791816946085019
0.5940591769762071
0.5846859036660729
0.6494768325690873
0.8059989225705932
0.8319129037624944
0.5086264916006983
0.6909859049009545
0.6590384426569849
0.5820110191755132
0.5776016727976897
0.6341503226542243
0.6927324708967731
0.7783456393492969
0.6725110041545387
0.5980527449096807
0.7968026674764491
0.5800265798663047
0.72829018394938
0.8331810071270703
0.6654920393599282
0.5070116804526476
0.6320882279974728
0.6092235738606814
0.5774415312450835
0.6079684973458167
0.8117354587424636
0.69012452955965
0.6469978586554012
0.6123112970671482
0.7940074131413054
0.6052518866409022
0.6297841474151249
0.6148351877313251
0.6299330690897055
0.6847557083300336
0.7005085811027046
0.717751701593523
0.7666458294104291
0.36459477107187305
0.6744616146014962
0.6844619306361006
0.8126227570785517
0.7195650702618034
0.7938544718005073
0.6571439330025818
0.832371068597021
0.8501247143573032
0.7521525070102242
0.6476423409791637
0.8087551207865873
0.6665755903781704
0.7320897832363015
0.6439272309734477
0.5525944150398413
0.6111262275792563
0.7460614272645669
0.6562553018769282
0.6538968608024801
0.5793273266357777
0.5512060809012714
0.697466162777952
0.5722588002357293
0.6538126250829324
0.6618133836270976
0.6229319571414226
0.6908253559722282
0.7690624840614803
0.6468443330527696
0.6062343918207994
0.5521089558080011
1.0894217772653365
0.8203603136083684
0.5285490872167233
0.7189557301918961
0.7601964212056479
0.5915672325742197
0.6378874585291117
0.7352364262632741
0.7224659710800049
0.7479061472182562
0.645732512347717
0.7043093342761371
0.641722697567916
0.7686224114389689
0.6948940575291332
0.819922352463674
0.5841621601460575
0.6237658117936192
0.7824408377426814
0.772545909054708
0.801760287192121
0.6389906458192739
0.6782378904741972
0.5817776202649247
0.7064275826386609
0.7703976292498396
0.7402883552468198
0.6368952526462892
0.5011456824891489
0.5780247072730406
0.6656322638557071
0.8040113345381671
0.7237130610565883
0.6013715994930178
0.5226810142143564
0.6705165480273259
0.714279607691297
0.6654050190145856
0.6446793170846729
0.7363248165882406
0.6354187956636256
0.6042650710207653
0.7354309330842115
0.6137087357163115
0.6248621504267622
0.7631312742680852
0.6088773290891522
0.7513446698489552
0.6319264064882869
0.5960696596673526
0.7646155051792854
0.9829898941322422
0.7001994831994942
0.7452788816268622
0.6542475659334903
0.7533359119464509
0.7582026520779234
0.5863176960967549
0.7653511898425225
0.7653214723570292
0.688368016156102
0.6843940712997675
0.5224330197056247
0.6568168840713606
0.8537893022477832
0.6685211962727546
0.6224687801847814
0.642142482155003
0.7177580702919117
0.6779157038681057
0.7051735512147161
0.7083569386022349
0.785340236658981
0.5475936018675984
0.666734434002856
0.63512432867065
0.6405157756292826
0.7868747798657731
0.6672058492807909
0.6382679904962941
0.7153914116205145
1.5821053639862719
0.7103225082420341
0.7774000359476749
0.6624727693081174
0.6356661244630586
0.4408901322350315
0.6957305203914793
0.7071693802184233
0.6619003417295641
0.7008519740759347
0.5316626439332398
0.5464291738106458
0.6463226321989288
0.7545435470294442
0.750854753098929
0.7186191969536223
0.6167333708372356
0.6888464952026647
0.7270998705765072
0.6389855015968172
0.7875370692667426
0.521216311291287
0.70682756467905
0.6013049559803817
0.557811960328796
0.83469035439233
0.7050898137217434
0.7843987466793777
0.5995002886800134
0.6028316052569297
0.7412061522677981
0.6112949676325963
0.6472369634775744
0.7820924971240435
0.5594107888580021
0.6802520297393476
0.6954522339996924
0.6771107026858154
0.8389783752562209
0.8302260248778675
0.8151779934251154
0.662388363422477
0.466964401821137
0.7374039712309696
0.5938869752855104
0.6229865861719114
0.6891649348683909
0.6301780730934405
0.5846420782518476
0.7903491247861009
0.7513181683441471
0.5573581874121699
0.7586006430554185
0.7719143490478603
0.6732020061202544
0.7238634683024532
0.6120480428391151
0.6615967023190159
0.7697633267552175
0.7093108005447999
0.7294292674334715
0.5902623459336208
0.5782931882186867
0.6117739533441251
0.6454841147044271
0.5938139722913923
0.9459705763559214
0.7771944883992706
0.7283097221826635
0.6021760324207973
0.6638841655116149
0.47663427186982055
0.8367197690923971
0.7188775662460378
0.756130054817322
0.6010267527810618
0.5862850727599866
0.7271607917954832
0.794853682197934
0.7834956617487462
0.6433453864427847
0.6780166021832983
0.701434945019332
0.7937977634297377
0.6459974741716562
0.5886840123835305
0.7071696102988985
0.640358999500482
0.7077553751963978
0.6437242267569642
0.44962330477873147
0.632306173839637
0.6057287328562627
0.8495891763194346
0.7078462969509073
0.6925558838340402
0.6284206474036568
0.7009830741728856
0.7343803520717922
0.723671144266597
0.6313903120435983
0.6878536913115094
0.8345354035463834
0.5880908514823325
0.7113957584237859
0.5975470293513327
0.6334884849323054
0.5991487440083143
0.6471606021797061
0.7904780994017087
0.7424929554574252
0.583872500482471
0.6118234296580055
0.5769111196926044
0.6581671351651671
0.9301795775607681
0.5385412568304616
0.7942693819257616
0.43133990827579544
0.585840258104807
0.6087143580608405
0.8701669032364603
0.7935576353140906
0.8956986621985384
0.7965580471924361
0.5929956583279844
0.7391243535904739
0.5964534929027178
0.6665393118456726
0.7012186544868496
0.7628607186426454
0.9088805633378672
0.6394145055238832
0.6046964966922577
0.5440084993469214
0.5764343427229687
0.7508056581530955
0.9730570307189953
0.7436067965066555
0.6889324650144878
0.9069343499264587
0.7196453072197174
0.7722279486332111
0.706131430453695
0.8943524041936985
0.4819839565237828
0.6926153596939546
0.804484108895026
0.6547875416835826
0.6850642926312078
0.6744282395379103
0.9474086531954444
0.635435738817726
0.7860119773111537
0.6380494164708213
0.7646120563365915
0.6962448338046197
0.6785946277298005
0.8275430952243443
0.674720011216425
0.6271069119111204
0.8026424486690689
0.7183536135133595
0.7270080727456177
0.7126680589736242
0.7063489757978716
0.5077687667521799
0.7917048225384642
0.6970473072329917
0.7095184353922317
0.7771068673162589
0.7980404147760037
0.49489967151025116
0.6053692455024707
0.558845429660093
0.7276093144766378
0.7743299453977981
0.8052959256355786
0.7661302676471073
0.770359494699756
0.7704008018916967
0.6718015994031313
0.6879866114104015
0.662058027411606
0.8169354233073376
0.5910114603534636
0.6159451421507173
0.7912664694038383
0.6278762662328776
0.7413907410053238
0.6267622339314963
0.650885516657826
0.8033885700880782
0.6538076242577735
0.7792525967177141
0.5772866466937355
0.7019009287055474
0.6530042495389373
0.6092592016571977
0.7028722613694222
0.5967801774721639
0.7298945048942718
0.7286469275702104
0.6020401876342851
0.6492182053133669
0.7486817537020554
0.7180676507181112
0.6915264652639935
0.6610699572116533
0.5757716716488525
0.737247384090898
0.6401786752925693
0.7295886607537903
0.6150481449819244
0.6103763521908743
0.6146979661721723
0.6937565524570584
0.8144464683415946
0.735918668631702
0.733640732909468
0.6258479435693355
0.6092639708422392
0.5451067043213084
0.3206568325781333
0.6354673622643173
0.6533088470438212
0.5878552007311272
0.6005792612579399
0.7083905249004938
0.7381234940724145
0.6664008185788757
0.6712619153602005
0.8000247194930924
0.7133060085228465
0.596127904964558
0.7658678399251514
0.6563193109133919
0.6938738324954955
0.7426080352051981
0.6679939448818809
0.6338400782547514
0.7099801906652543
0.874681308768036
0.6259175898254479
0.7617310064398534
0.7947175254702765
0.6907360351442828
0.692206892823963
0.5546813430071288
0.6557906752443317
0.6228703532034756
0.6775548043578195
0.6233561123335996
0.6717506513475892
0.5614954702068564
0.6161802810276882
0.7049812074589771
0.6921033710120238
0.6682311436057891
0.5303396624516742
0.7851577018883669
0.8625838590859615
0.5881015690483435
0.7161187227956258
0.701324343803412
0.8842566317512319
0.7044827750812345
0.703796255504411
0.6835218935051318
0.7281616088288003
0.7106440753789657
0.709886344127874
0.6618677343466248
0.4997125668227638
0.7426559184493027
0.666619764914968
0.7449449575517375
0.6970974731054151
0.6482020336948663
0.5848630654464092
0.7797519221635459
0.7162757588045087
0.6922642061700783
0.7818972700684327
0.7854078464041535
0.7042970103266563
0.8186552494717542
0.7240308266594969
0.7106685339135964
0.6549529446383632
0.6963062553839974
0.6455182954561218
0.8244663961761822
0.5945041218293812
0.6665446577523181
0.6994960442186837
0.5975348469110964
0.616402525882444
0.6267766389446076
0.6878026241154545
0.5055831746024726
0.7009302150996616
0.8274820115941288
0.6945977704925935
0.6814463792514398
0.8194402191519036
0.6613495741215932
0.6672280088027215
0.7717919416300132
0.7168629788507057
0.7511339457092023
0.7195416189179568
0.5476431608048627
0.8234894118013343
0.5994126722230197
0.7102738369893811
0.503891566193501
0.6001752282207469
0.5862345884805195
0.7379711735616142
0.6864516313842746
0.4990803326445804
0.6936694088429404
0.7282448088075167
0.7068395180913983
0.5449292046557955
0.603056226369324
0.6986946683897648
0.7161573577311016
0.590704283277127
0.6394973200218994
0.7225058156646651
0.7136293976383721
0.6865303759600654
0.8141051338276715
0.5563617251493117
0.6366546029138139
0.8130259066697986
0.7040304753665557
0.8180663157510034
0.840885716600876
0.6357803201092432
0.551441452768868
0.48033900831881493
0.7978970243475245
0.7888174673207247
0.5840291959384487
0.6650249160588869
0.5447424917693618
0.7853374095563377
0.6778601051557404
0.8602026017301179
0.7680762997579468
0.5666320112832648
0.5206615219103438
0.8348110072286861
0.7147200007335144
