0.6882438225655998
0.768779685995527
0.7537559480324103
0.8251756775782366
0.7006926523166759
0.7791939442905323
0.5723086414720476
0.6410645846759725
0.6088261602572764
0.7344543958429948
0.7158124960759122
0.6219047196524262
0.7229901655004285
0.7385171185356394
0.7845758961084071
0.7100766325512924
0.5647042615820188
0.6589700813843556
0.7314670470139935
0.7713867014377744
0.7413281798152426
0.7921102728587627
0.6959888378463842
0.6287422540248137
0.6838612642955081
0.6574460130392402
0.5367280203046815
0.772205958556656
0.7810547727425567
0.7100633946833597
0.7414559708618486
0.5883842251172925
0.697960710312556
0.7368626732038605
0.7046438684763842
0.7667401620357988
0.6715469255445673
0.8041188273843536
0.7290814099582894
0.7519510034770762
0.7597551493145727
0.8642845541257345
0.7358329029098464
0.677201196800647
0.6857565482332194
0.8144969750493545
0.6985634056140214
0.6975347135775286
0.8075946043572896
0.8235194463878364
0.8680610386133225
0.722406565513831
0.7124121084423234
0.7812842067945225
0.6913962496951984
0.8506722613020741
0.8251907024317308
0.8335960818344852
0.8470627279426306
0.7623812724979265
0.6457523962420972
0.6854130049207545
0.7865979929022211
0.7643675661269961
0.7200224077236849
0.7103975842863325
0.7428831322739603
0.7378815864568548
0.7865082957670295
0.758004376025995
0.6346156849372813
0.7867796277496056
0.5941460242422569
0.7872656842192821
0.7025255374497557
0.6782072610422802
0.6820871461599077
0.6836321482786388
0.853861528787693
0.7320873491798758
0.7489280022605317
0.8731934567308384
0.840176484828192
0.7201297524864644
0.7807313875935624
0.8435296272470328
0.7338763297568376
0.6631578770575738
0.6924400817848028
0.7845401727531417
0.7215164358312314
0.647335539066722
0.7817213984212056
0.8027206649759623
0.74080191794699
0.6864285624963095
0.734701782733934
0.6465535185031727
0.7427574551084631
0.7148571064028341
0.6807501493953557
0.6706258313548817
0.7330956614593953
0.8159548402181105
0.6982521882978033
0.6883333510749153
0.8416563895117203
0.6159635348602184
0.6298138388036784
0.7059464263019094
0.7888265919757652
0.7120823767187469
0.7716198980763306
0.7011766571686214
0.7594724024375574
0.8421834163414874
0.7930689348384435
0.7245487880969999
0.7580531621683845
0.661209912513343
0.6748729448180404
0.5455535511467408
0.7105761194680904
0.6976656788631116
0.7874467463135431
0.8492165105412643
0.8520939992403337
0.7515097310504851
0.6729447287149029
0.8195151937786833
0.6207924136442041
0.7078002610938263
0.6562047663615903
0.7005783897719766
0.8238892950831674
0.7273781563592041
0.7009244491374249
0.6125433454570444
0.6510907337467474
0.8217281025012373
0.8784112778766108
0.7425563021943142
0.7408017079072861
0.6693699573814144
0.7885061185090736
0.6707627426668028
0.5810981123757417
0.7388914217139515
0.777138715065731
0.7382385308450289
0.9211701119898486
0.8488654565150531
0.7226465690272127
0.662802253227912
0.7937808402556715
0.7230791695501263
0.7438492891117126
0.8148499357926309
0.6559528908933292
0.6781137493369719
0.7071088788926059
0.6380155896951464
0.6939589042504786
0.744876318425396
0.7693491433937497
0.678606041981259
0.7317811387515852
0.662936542527674
0.6103866199617036
0.7481620242988611
0.5952388130401397
0.8457120134167169
0.793102057656726
0.7741612181628388
0.8321130390459577
0.8720996985781984
0.6681859962784075
0.7097819779143765
0.6594325290747252
0.7229506389317577
0.6797482836228657
0.7404893880477338
0.8087131996108174
0.8380075419077666
0.6992861799999691
0.5426009372323548
0.7225600138000429
0.6324465914635692
0.7988461206724301
0.7336492446177566
0.7177998564475204
0.7511224251466537
0.6274927228346395
0.7849682684106463
0.755687186432394
0.6427478680927435
0.6933701245480121
0.7570814394794452
0.6672068509375566
0.7164532991442313
0.7130864689820954
0.8643717113023859
0.6350274325087057
0.5941683832713002
0.6315618170105796
0.8085626356532328
0.6724883017840079
0.7332649872709674
0.7383678829822624
0.7173429102801405
0.6256595032822938
0.5648970633509565
0.7799297346932024
0.7295244571033235
0.8244259716257266
0.7839650965805411
0.8264876979612654
0.7393061354769767
0.7007894820142672
0.7243597494529462
0.7047968602226975
0.7674195232515298
0.8301090643355613
0.7730805718571453
0.774450780628591
0.8320817863456594
0.6981580949021257
0.5997744451919991
0.8308924049897564
0.7531403881312804
0.7257178163429618
0.6791705281251773
0.7889747994063574
0.7363219924201256
0.7758119693769705
0.7307616781436779
0.7044161057255682
0.6517733300014409
0.7340576220652115
0.6743117115472013
0.6663867895288066
0.7577470592258218
0.672876724719162
0.7027617325538336
0.854066208253856
0.7270382792351581
0.668150445706168
0.8061050281436596
0.7680202942984113
0.8011299096256023
0.7867375397427462
0.665658388938121
0.725468706744267
0.7795888826196675
0.7172221576359419
0.7458962009666863
0.7662451263076226
0.6968836119796227
0.7179037816625727
0.7870026692185124
0.7961019475750893
0.7555870319093152
0.6602154972845492
0.7789588333718334
0.7523503381722504
0.7204856816639764
0.6123228417710956
0.7495690353267257
0.6240536048404883
0.7337770803533213
0.7541707198856031
0.7385344313735253
0.6266626759503195
0.7613495342076579
0.6712530928849799
0.8151176707230744
0.8436878196811868
0.6726216973322808
0.7179366691618373
0.7511915883194492
0.5985646456688859
0.7825600560389676
0.7470407869538891
0.6520374130701079
0.6440607682335698
0.7216507800374183
0.632471691013503
0.6311067938043475
0.7022228072008861
0.6868847847748157
0.7213542239425732
0.7434523729151477
0.5584145353781641
0.7349926417670961
0.722094234384326
0.8428753161227763
0.8000777033411994
0.8710551567963587
0.7134594562705383
0.8853861950394236
0.6080700789838238
0.7193917254257352
0.6700950658748444
0.7355676544491869
0.6990850273751739
0.7099568794695683
0.717539778147969
0.7681345871855155
0.7005395937415967
0.8131551974307879
0.7458119039849793
0.6908799903311496
0.7497454937213592
0.7910265399542601
0.7485325606824349
0.7797993131515157
0.5709899259937284
0.6259252224255033
0.6545760082423764
0.710484729275099
0.7475656345994922
0.6972756397074963
0.8775685564945294
0.6139496550668956
0.7976255257563138
0.8143709070410285
0.6813929849214191
0.8611598968033057
0.7194130643784286
0.7828433376196694
0.6961116534739569
0.7786787970051537
0.6055600527791124
0.6968377053049787
0.6976135516396171
0.7417828269958939
0.8322641703623985
0.688294561986277
0.6252851340250288
0.791269750181753
0.7830685528357814
0.7785112383116943
0.7990121026043405
0.732543209278973
0.7278115391887322
0.7511608443499118
0.8198698458279027
0.8212889695173493
0.8029883143647455
0.5606430711033406
0.70652634946061
0.7443515391892741
0.6554913557724084
0.7043613686005301
0.7600073306290195
0.7931688079821482
0.7093537720151831
0.8407590945020342
0.6148158484926053
0.6909970727680368
0.6314651086962009
0.6960814649061661
0.6917171425937213
0.7221618343781395
0.841759510788927
0.6468980693518009
0.7549461241889999
0.6081829354919787
0.7230217921062154
0.8643119402690602
0.6987853186577537
0.6590261580996145
0.5973748889868021
0.7617931861882823
0.6649835387454773
0.7644816627179469
0.8260730587710035
0.687807754029411
0.7117895500021124
0.8762094059280401
0.6807782594913115
0.639282030376068
0.6594039425748063
0.803316542710861
0.7473493035843338
0.589696757923554
0.8095484795850988
0.7715675042926843
0.6998969205556836
0.6450012513908899
0.5995134426286031
0.6357988252147282
0.6464967658903751
0.7331474835830314
0.752418009327003
0.7526699656872284
0.6459141680151114
0.7439413618636175
0.7321328005771081
0.7048359993391234
0.8068637540450114
0.7218446581096556
0.6413155495798447
0.7166084764860536
0.6836748533563194
0.8139894285952791
0.877998723859679
0.6349967513470148
0.713183064643979
0.7717678211713586
0.6923945821270202
0.6410161889848901
0.8005445517151087
0.7167281384561576
0.7679461792382012
0.7674582618431249
0.7933483930748609
0.7187200352855043
0.7001364417635446
0.7468405755326217
0.7236235358853473
0.655143056337256
0.650898886290562
0.661159596779646
0.7312774167144995
0.8527164303581489
0.7284399398997757
0.7447174275109448
0.7083138617481469
0.772347001498042
0.7234639556575762
0.7017794602174582
0.7772416479393576
0.7856296721505671
0.6808381798539599
0.6454986190277533
0.7687565994888688
0.6475283844082809
0.6759984736810547
0.7159254048475994
0.7834592359300458
0.8384868201323404
0.6801164558357734
0.7164239064054827
0.7293694305274497
0.8168616674847375
0.725227422929277
0.7071861142773459
0.6248505133046113
0.8294133354387065
0.68632204890813
0.6912220392712936
0.7092577201774186
0.7056510519534035
0.627544132015799
0.7832330694358886
0.6386559736525474
0.7251825918183545
0.6936266256174393
0.687014592655763
0.6850517570100024
0.7214635966748616
0.7185374412503414
0.728938777158235
0.6698580567980285
0.7789849585590499
0.7252361562078115
0.7211935039857251
0.7222481944089288
0.8476498649807075
0.7239050338993847
0.7337935312571592
0.6971961939121692
0.576923276941638
0.673227162570621
0.7630705356809557
0.8332683895322646
0.6141964461705565
0.7882120193178281
0.6542089897070213
0.7963363329868431
0.758732119673651
0.7502170027609469
0.7343595662397693
0.7950096895881775
0.7916354932351448
0.7491350208413893
0.8052487235820402
0.7443255107098294
0.8239791820500619
0.8868605575148992
0.6616586327923053
0.6729914220912777
0.7440321482201266
0.6381691815232732
0.6939901459014942
0.7434130650306956
0.6959750933931727
0.7334092721037553
0.7520417364024623
0.7901291562999304
0.6725117281863796
0.7296973081905971
0.7290833326713019
0.7869860901353334
0.781229802559136
0.662413976173641
0.8164288463053303
0.6573644330306092
0.6929794104779666
0.7310355682012816
0.7515948595056098
0.6511374675294912
0.7587790851843361
0.6501019995874008
0.6577816720367649
0.8569701359153696
0.8207928774071961
0.7489239048345878
0.5957351957731633
0.6590749921290782
0.6992473182180018
0.74950724714339
0.7379772381604833
0.6743637409694494
0.6992030719991846
0.677012554728761
0.6568624976680888
0.6708870599635921
0.686386050516198
0.7540085725423143
0.7893089504501624
0.6760554530616778
0.7530072250468601
0.7556227698210165
0.7260296024583651
0.7151021824913976
0.7885952310655087
0.6827027938914411
0.7415476166707169
0.7018784755227205
0.7082026854491592
0.667139309083783
0.7677826853567585
0.7993684249054043
0.6872599900092244
0.7115291647585433
0.7011771930120921
0.6235006744345957
0.732403610522487
0.8375542711838282
0.7789163962012576
0.6618090766642499
0.6902989539398204
0.6542435309111954
0.7425655662457912
0.7139800286993272
0.7191498383070756
0.6562070181910556
0.728141399171846
0.7904513374490885
0.722870787327581
0.7993341723408572
0.7073153282504949
0.63247883174208
0.6477455912633016
0.7703557166924426
0.7070858264538515
0.7490699220507328
0.571035268738515
0.7420308709280247
0.8478816786820258
0.7316849786513392
0.6336774991421245
0.7343081798627937
0.690259077172248
0.7354563315340037
0.7839674920543457
0.6956519201426475
0.7577563430034506
0.709559492036479
0.6984047562558134
0.7471434665246846
0.6119861801780847
0.7622358760387336
0.5829856367233518
0.7726584443048132
0.6878240349416592
0.6886100723025417
0.6806647210631483
0.6724151903894254
0.7176592481944943
0.7149261612083603
0.5835190585281905
0.670955531207848
0.7945051080083938
0.7615810102792906
0.7239025771046055
0.8188958036214806
0.654248075054076
0.9934939362570449
0.7076522827877985
0.7146579431512233
0.6969966210044626
0.7180895930820754
0.7752460854452965
0.7006488907274854
0.7321638368837402
0.64952967520416
0.786231990809098
0.6533592227159954
0.7452967584350846
0.661713938571807
0.7236324464448426
0.6918682977239928
0.7953788869843541
0.7078193771699438
0.754288593936354
0.8191403900934082
0.6778368140385731
0.7257994407950488
0.8121620018349432
0.7240798544611013
0.793727315463943
0.8404187230260726
0.7458357211797632
0.5999559604803111
0.6823844562100828
0.7186514611840877
0.7383531140941813
0.7505763098973067
0.7725428613404755
0.7561440154024823
0.7485345857002095
0.8006937627823719
0.7679592287499396
0.8116165947341212
0.7567355511128988
0.8086649423316318
0.7189573562370273
0.8339270858490172
0.7574096667723056
0.8078497137325206
0.7305815313834815
0.7489584464144761
0.7245495685475649
0.626130947094074
0.7582202162389061
0.7711094069715546
0.46187359085571245
0.5520925598543316
0.7009189929688743
0.6290502745653884
0.7777257194866838
0.7416165918650487
0.7701457991883044
0.6892241118466087
0.8090418401580222
0.6986119697945951
0.8177170133100697
0.7332214280467518
0.4984418946047149
0.6968310829190787
0.6498769123652083
0.6534307809745308
0.6530158451375702
0.7039623910024987
0.7632453795773197
0.6431185052929167
0.8441681592878275
0.8085399925066648
0.7426608211585749
0.7425822813532312
0.6663149197927836
0.6793724873922501
0.6790849403734533
0.7170744181842416
0.7544898899173752
0.8548101319528545
0.6195417492082065
0.7472068239958767
0.739614822240045
0.710138868095433
0.7067313531973151
0.6799523153459136
0.725971310992333
0.6677584527388781
0.7176368856935922
0.7348163434186914
0.6805259347932137
0.6784611607586579
0.7032230321104539
0.7144057055971572
0.7780897611996087
0.8427089317596683
0.7569173490348173
0.8427921740288823
0.683163394683659
0.7079627084457267
0.725005524650968
0.6735350529976947
0.7569827019258634
0.8219585435386613
0.7991777077626967
0.7861715652349949
0.9840498853578378
0.8223622524056686
0.8128665729635567
0.7154937294029736
0.7477902468868853
0.7518388719444493
0.6359384075316873
0.6936060258580595
0.7696965890227114
0.6223405146331635
0.6765967927207956
0.7735850694755472
0.7637547552024493
0.711904872972739
0.8626586832717944
0.5416317544407795
0.6901604147975421
0.7134178867062575
0.7519311128394048
0.7180663111820917
0.7747874518553433
0.6961586536864435
0.7220095181714613
0.7773470946637517
0.7351209306764166
0.7680964735095129
0.7505150306898731
0.6738802399004928
0.7352851189870395
0.6570865084645391
0.7950687990780977
0.7648587513310626
0.7309460040957316
0.6886032709515906
0.6708140758055535
0.7558610325588588
0.7456127436258627
0.8121134459157435
0.6739547951098864
0.7462960686301848
0.6860492522710008
0.6688123373688427
0.7805516082798727
0.5643711016732008
0.644536074014391
0.7812441589902843
0.7500461401340078
0.6006848143243149
0.6923409897904585
0.7865906582930993
0.683356746289139
0.8379798086002843
0.7435059489109258
0.7104170145879136
0.6388019433295329
0.6791131893806933
0.7523314582874412
0.7247174468839602
0.823611223200417
0.7498352729118742
0.6605760407041633
0.7145740668629563
0.8129610203963905
0.78164327047698
0.7157617738423294
0.7723929196616366
0.8193110147875484
0.669849703449893
0.7375133185482916
0.8022990397797581
0.8207364638357558
0.7343709964727385
0.8876887537754996
0.8120001887908155
0.9111566011722549
0.8781028678276493
0.7466689778065098
0.7159699988301673
0.7770710726336846
0.7476772848115567
0.7668400058089181
0.8951588019054024
0.825808492846167
0.6392726586781805
0.6351172179189227
0.7275131884634877
0.7424586733396317
0.7089272962462926
0.7894215123863183
0.656919828826593
0.8862536384335065
0.718128437526787
0.7126445599035812
0.7309338187039829
0.7711859892225796
0.7601962461267501
0.7120395648812097
0.6556216105571164
0.7205132228919686
0.7317276555856406
0.6560594186466484
0.7592261370041583
0.7650755157674173
0.7235128830904654
0.7256265033113252
0.6140568849676468
0.6434097734346551
0.6751708281462099
0.712013522432698
0.651161657812928
0.782654502611876
0.709319122576988
0.7917133803413098
0.742935020561832
0.6537793838216115
0.8596339112259798
0.7568866371306334
0.8179574510035571
0.7625366562456932
0.6299664943974345
0.7326723152457106
0.7147903947588883
0.7284992663162553
0.7803757855398353
0.8377665456161217
0.8628120885259181
0.8226173083563736
0.7229765607194253
0.823847311688455
0.6495682443299117
0.5775109084573634
0.726985437073218
0.6358535061517081
0.8301134528984923
0.7705665126147128
0.8250691454837236
0.7251470839544784
0.7939223247267062
0.8238147369404121
0.8367564546457277
0.73812515356257
0.7507901341790775
0.8339055941419257
0.7587443659253215
0.7396652051504737
0.7291675612684594
0.7674674767898674
0.6615533515895946
0.7026818772573192
0.7551037626191167
0.7170134317643446
0.6845829054194478
0.7437140675140138
0.782929566552707
0.720715766464056
0.7348477490359202
0.7643008311194457
0.8305412306896206
0.7769916266588909
0.7065116965417243
0.7264402250061404
0.6514834082571258
0.6500455681292422
0.7396275545909207
0.6979711162374881
0.6869527821895146
0.7912237359304561
0.6766993418180732
0.8100491580324792
0.7407462919942576
0.7659530996821391
0.7023891712154415
0.886578412525394
0.8002706589103037
0.7083632442515566
0.7164645477857723
0.7007124319204369
0.8019912854888567
0.6910081229570456
0.6514627234316834
0.7551403177520397
0.6621963946643972
0.6788618336749476
0.748649748923637
0.669959657641412
0.7664258697437529
0.6211706575393955
0.7708394861913651
0.7281681056029856
0.650235722081088
0.7483986690232054
0.6608919333132671
0.6793851290908594
0.7404098409599237
0.8082536982791267
0.6882543682653038
0.6467132217096848
0.653672846928987
0.8030704673346429
0.6494753015412006
0.6909798147548717
0.7331259527944505
0.6727887849103366
0.7295989200907775
0.7345404686508592
0.7309097413486718
0.7678701613427492
0.7421646595419209
0.7489742316805127
0.7158224835295917
0.6685302353524002
0.6510907977979472
0.8069067153265737
0.6464423756800776
0.6700218022397877
0.7560841684379657
0.8049281791258661
0.649937600724551
0.6521545115652494
0.7127762392711579
0.7329763222663409
0.8117912760003247
0.8104139030418317
0.6053203634948255
0.726037719075329
0.7526178063028942
0.6762581871037994
0.7309472906330307
0.7070671226879505
0.80472951054532
0.6042885640025563
0.6794947586223481
0.7291939607078308
0.7200268398545425
0.7711237113287736
0.7059064680096445
0.7145541060586791
0.7694021566153857
0.7383810106330726
0.7114088197789548
0.6870297589429835
0.8094005576596282
0.6955518827596827
0.7328833570757683
0.6530603676312494
0.7777243630692927
0.6419289350527276
0.6821695465542078
0.6601990193700037
0.6400663973709454
0.7489530591065876
0.6005860501981238
0.685168574817602
0.8394880060889811
0.6814563532767212
0.7497181224632979
0.8299772605278962
0.6741072486025916
0.7101565966475055
0.7636542899738413
0.7353188324119069
0.7254328382207045
0.729258898898896
0.7585184060795035
0.664544443909867
0.6341685858821491
0.7104194177500962
0.6511856784740456
0.6357780739837057
0.7080505843223174
0.7461970275768641
0.6460207144707749
0.7656090900927164
0.6808125353265938
0.6868036896530776
0.7925873776032263
0.6563537186532784
0.7508740422830648
0.7338161249097848
0.6795343356549033
0.7367251035001456
0.6244377263972698
0.604824215693449
0.7201821955375628
0.7435386771972959
0.6769365794256347
0.8209550099188827
0.6583485910364093
0.7139437644511822
0.7162461718974059
0.7107238465954373
0.7109701833183403
0.7311512216383358
0.6992015768417235
0.9034166779333416
0.7802700226958781
0.728092661367756
0.8068680050716517
0.7928706691201399
0.841194152486712
0.7386438490270817
0.7889440610157755
0.7067069515972192
0.7410682579301765
0.7802069847413474
0.6331941010449241
0.6776791872791161
0.6310913257778765
0.6965343989305678
0.7156779836952512
0.6226387272272391
0.5310645791785604
0.7055447685023956
0.8257858928775639
0.7566269080348272
0.7266139714278288
0.761699793867024
0.7514723115007628
0.6934528490157377
0.6288335956166785
0.6124843685485459
0.7779838576634631
0.7490391518735335
0.7375569768239207
0.5901793490949917
0.701294239905252
0.7486806623780901
0.7517112449009162
0.6767575132457324
0.8953751610931573
0.8431749515286313
0.5350502047565282
0.663672367527839
0.7263412300336932
0.7134765797402324
0.7690793168438735
0.7924891552868851
0.6452437998950986
0.5887488372010247
0.6912050212204779
0.6480965555522659
0.7815078331078189
0.7533802362849543
0.5538038049605297
0.6727125155249981
0.6813921461399572
0.7222633695655776
0.8138274566786577
0.7252327787648953
0.7209677765161245
0.7930441674840341
0.6712306228757611
0.6606298746152786
0.6890014880212592
0.7848029877492625
0.6258324373099448
0.6454472952190486
0.6645200532639477
0.8237147572860047
0.7007875714350339
0.7631232760829301
0.6459987171851908
0.7723429681049611
0.6785722184626697
0.7976165951394453
0.8949052576533951
0.7024637163034568
0.7440860384025896
0.7855369960837991
0.8035836619661583
0.5394022933738325
0.6744086293084273
0.8141876387412694
0.792738148637191
0.7623540222509253
0.8941265464817849
0.8228293420347845
0.6584570863773224
0.7058089095031717
0.8033449753835091
0.682784961991052
0.7161078232123133
0.7066275042281233
0.7071981435237266
0.6449868718838995
0.7279185614650687
0.7961295263485842
0.6795423416360592
0.7450734833161157
0.7444368941435006
0.741956343818105
0.7386868646579791
0.7630467241778692
0.7343301705985175
0.6642078684823468
0.7650537652873378
0.7596466539184168
0.6947370960132941
0.7665948743858176
0.6761221041754034
0.7156794131886742
0.6983404203767244
0.6673533406683231
0.6254526397429713
0.6446582871471137
0.7784499670247745
0.78146100083031
0.7929996527961871
0.7015907527434959
0.7627892383190097
0.6987113268561421
0.7207494038121064
0.7784579720289859
0.5903750822825471
0.6559236402476483
0.6626564391371562
0.7732663298534879
0.7428119625560355
0.759184678152718
0.7559875814988276
0.7319502378002964
0.6622702586119878
0.7745718848703681
0.6997974878393611
0.7489399231107772
0.7439058617421667
0.7621238396326407
0.809315445786825
0.8010935422900753
0.7730173231710789
0.7401217084616943
0.765319780161387
0.6923990613165325
0.7437923515261051
0.710930973642395
0.6797553138418153
0.7578108227188514
0.7350216162926285
0.7823318732003411
0.6650681965228267
0.7822404959776056
0.7325104779035522
0.8372286710677551
0.789069784127893
0.5996862950471099
0.672894247748425
0.7659974152218106
0.7906560723882459
0.7125075122989607
0.6837583367723593
0.6472039202178854
0.7548396329691739
0.7437054747627992
0.7357699108434607
0.5996728244063885
0.7766766888072302
0.7076584173639106
0.7122912141609449
0.6897872277833405
0.7585158160946182
0.7462070337815585
0.8161230163371269
0.6909103351217836
0.6298698415819788
0.8824962562930417
0.694367523402903
0.7320190083059266
0.7788814477330032
0.7149863424739373
0.8635366787411598
0.6707181426001255
0.660018212526878
0.7624219869059178
0.7771903262415014
0.8358861101100131
0.6844991937425089
0.7993259871178844
0.6213361488414898
0.6714119189896709
0.7827461175259667
0.6572992214972234
0.6694856445261016
0.6553774780370971
0.5866122974750841
0.704750596590379
0.6208150234808181
0.639428607415803
0.7854409174587764
0.6868892016734798
0.671452347823796
0.8138712850772725
0.6801962763220741
0.7426218347391049
0.7427756580631285
0.6415698277737296
0.7718545760867552
0.7660533259299664
0.7232262783855263
0.8428696870055205
0.744046543076996
0.7422048864528473
0.7626652487588182
0.712077361603712
0.736161485147893
0.7390015241392061
0.5803615498708015
0.857401441572138
0.7127713041468745
0.8588684902969209
0.7318039201142715
0.7193576945353891
0.7080878823387455
0.7344868939834266
0.7086202932702799
0.6865972827806923
0.7869264442956184
0.7786766591103982
0.7268012551086457
0.6890830943839248
0.724739923370902
0.7769374670782928
0.8503625986194562
0.7222806423804293
0.8563080344630011
0.70059507105065
0.7141284050307538
0.7783946587076989
0.7191343559184202
0.7106728290738583
0.661171807505273
0.783222625986617
0.6971930431791473
0.7217659412241082
0.8039266427187953
0.8673412580762211
0.8247433544497627
0.6184758242188872
0.7670908808960603
0.7866578574141241
0.8584410492332784
0.6207021670166203
0.642611463943425
0.609119432325255
0.607332366911676
0.7394725263473269
0.6141123856354798
0.7454174031959555
0.7315938711510803
0.8199198457464731
0.7468292547168994
0.7594719531752054
0.8225518203347637
0.7975485063003527
0.6904321435020082
0.7573883015271179
0.6770661628643718
0.7435280267397213
0.889976871338623
0.7892473769994222
0.7040228303641526
0.8017705838849174
0.8182773058156801
0.6773154309214791
0.8579882141498256
0.7021532539855451
0.6305193461940308
0.7301886352444316
0.6715633361787542
0.6518654088740468
0.7315772130745852
0.6929261587904318
0.7673935114269097
0.7583062065994679
0.5934178139482547
0.6742356642575609
0.6994872304378775
0.6990605673303015
0.6880080086031672
0.6935877699200191
0.7819683259176562
0.7392715500918363
0.7435516455977489
0.6933952154384033
0.783720122113363
0.7568962092542777
0.619871847450453
0.702406539695237
0.6316442882560989
0.7295653216707579
0.807489165743035
0.6658140458714297
0.8247226458966153
0.7427184050835549
0.8697579060998575
0.7792996903037837
0.7630810202475669
0.7700823825028951
0.8007054278156629
0.6861318866699041
0.6928189630352074
0.8457905967649347
0.7532992977794011
0.7226544112394057
0.772398127911528
0.634200450186892
0.728232838508619
0.7557583415212702
0.6219206965122793
0.7180295073828593
0.6904761176891546
0.6843709734484205
0.6479224592725803
0.733899249227994
0.746367954338892
0.7118578132774751
0.788604330820936
0.7108507602206102
0.5906121108603796
0.8256397382996004
0.7514741959947333
0.7713813681736347
0.6635307401950893
0.7184327366767878
0.7018932703252138
0.727297421095197
0.781329143661431
0.8737460499791887
0.7579428454522277
0.6203456890889643
0.6263468917114201
0.7877021249252216
0.6986299312858001
0.669031719663516
0.6916318923293683
0.7963320654560992
0.7143417424423733
0.6887806615231705
0.6315704530659768
0.7276157024260653
0.8123761177146515
0.7281253548833644
0.7975793511827074
0.8488761858856304
0.7284672355729285
0.7642623953387314
0.6554604111787897
0.7461158538386866
0.63841093466293
0.6356232971910105
0.7354436504899736
0.7912367915345588
0.7163655322961882
0.6534046200947979
0.7387859659169672
0.5858306040901522
0.7674569912429016
0.8591617417707056
0.6565039049105224
0.6694699637453111
0.7804138194171962
0.6386755995278698
0.6878529351168878
0.7695816887426525
0.798347423018477
0.8373993800355827
0.693743557088477
0.6637293758714268
0.8157821653325691
0.7069342976896275
0.7679110626083051
0.8359712880961729
0.6992622531340821
0.6935615517729662
0.7071365300766739
0.7552578702913781
0.6512954426773389
0.6645043949772133
0.7115295550906526
0.6970780019364354
0.7835298130763224
0.7609872092796093
0.7048915142993271
0.6784144802816371
0.8110225115995855
0.7612558232628533
0.6676753434252927
0.6367166964019972
0.6768109789885237
0.7957082948154465
0.8243945927203772
0.7495419407589348
0.7147083417312398
0.7739325597940093
0.6947413859378403
0.7446262301496306
0.6765089151820158
0.7837554222718024
0.6658818762652973
0.6731531447261898
0.6971330790175204
0.7552494105370331
0.6675788263097121
0.8490544965767443
0.6980879829972649
0.664891746800046
0.655062636088408
0.5896470314355572
0.7031290387652724
0.717500163027257
0.8729539041980846
0.7630224570049966
0.7912569258629787
0.6952239002597695
0.6579098277183052
0.7318970446322689
0.6653710499028195
0.7731728761969179
0.6617216233735935
0.6760787501508315
0.7855776308435749
0.740555016547
0.7461675539450267
0.7805456881164984
0.8113898670028098
0.6459007966742539
0.6472008569838397
0.7599247984850116
0.6648864890965156
0.662457994094809
0.8109721386185149
0.7123962085373555
0.7953875836992443
0.7578545759401256
0.7142045828116601
0.6900942660446385
0.6774365757835776
0.6964746590648686
0.6860192373669078
0.7299323646636844
0.6806743943560873
0.7140785760995902
0.6664448260081877
0.8275687109148754
0.7748661481275885
0.8792825226582762
0.821505548439861
0.7877983591264822
0.8427049442347154
0.6300122108244922
0.8238077703206755
0.7163165271195255
0.7984218474150617
0.6548344924790549
0.8056560296255296
0.7149665894817032
0.781876203320147
0.7352148985177163
0.7371019614510992
0.7329646284322328
0.6621254289699382
0.5489542246060397
0.756909498393869
0.7274228500850649
0.7412673686599026
0.7116459512061885
0.7621040988191135
0.7365719890118377
0.6191763449214026
0.7800541288548285
0.7368909749943044
0.7799309418607118
0.675938926276961
0.7461102341343829
0.8080071059854418
0.722017107351457
0.775446098196842
0.7760719576447753
0.7427478470696528
0.715790394258771
0.6607985299106984
0.5977382038507021
0.7533812345379967
0.7604483265438005
0.7988234920023981
0.6500604314442603
0.687325663507782
0.7993285664059986
0.9022251176532419
0.6827717995694703
0.6920292455755401
0.6587196360445068
0.7393505260589146
0.7313330054623369
0.830394861039158
0.7379674446391682
0.7884581036353768
0.8135582088219855
0.7461608512083024
0.7518136771767341
0.7000897970350057
0.7057228814985188
0.8297851177014455
0.7402930039134
0.6990346409759627
0.8348814302146705
0.7601190132507185
0.8222684163721486
0.6857711280562706
0.6736298678351589
0.7596018286163204
0.61413945735725
0.6762438026566127
0.6722949665953042
0.6878171100701348
0.7067447958217564
0.7678130447698114
0.6806609687118769
0.710574085137043
0.696833148963902
0.723809023925224
0.8427868556412608
0.8196652442246884
0.7655706179938897
0.7045462922964207
0.7259460290019616
0.8142982039785316
0.7819128926112173
0.6827667449708624
0.774750874227178
0.8228555681155707
0.7075995587645401
0.805527505619046
0.5477576248080188
0.8333556078141595
0.7180483996117865
0.8110964627532262
0.7457426403807771
0.6177865610529975
0.6868964439374704
0.6902892248250262
0.7207615898072075
0.6723216149312654
0.6940056347411088
0.7569339204109405
0.708199615368401
0.6983456194082155
0.7771294883126654
0.8231431847895913
0.5610279578975018
0.7114475713342241
0.7353055367989417
0.521037102677141
0.714996481205038
0.7187248952128853
0.8691703051285106
0.7901064069685174
0.6620034051572118
0.6806679002687611
0.6561346562679135
0.565246821693127
0.7393345298911869
0.686699449627
0.6975281085341636
0.6816550289086907
0.6011816311535796
0.7048072689950043
0.7474403796310563
0.7308827307095181
0.7947747570396432
0.7365295722394558
0.7676989643620625
0.8430186241059537
0.7486795962812322
0.6538167612132728
0.6726700366604104
0.7459619368136297
0.7151552659987808
0.644847302917165
0.6920539175423213
0.7373424720878581
0.7116551443801692
0.6517985054169358
0.6843094916818343
0.748875241258021
0.7933382301635539
0.7872824347121399
0.7508301202473721
0.6689783612625891
0.6060329254138069
0.7576101005533682
0.7378413356082065
0.6359639396149683
0.6076534949128019
0.6438986275673724
0.7258831551769273
0.6717910828250427
0.7255251496693649
0.7262348707509079
0.6885371773401436
0.709809583741182
0.7423373838650155
0.6314673311020098
0.8074269518596455
0.7313410862260172
0.7679008074923194
0.7374465636288039
0.7495242550300283
0.7047835139497196
0.8028466121362096
0.822234576691114
0.6742549464324026
0.706329533152125
0.7582367669740251
0.6895362850316397
0.7456320406896495
0.6444427399038216
0.7507292717067415
0.6738034098578692
0.7407529204956314
0.8145148196577101
0.6187168518996086
0.6444269609465167
0.7486690068458474
0.7950228707316694
0.7546961334431579
0.7354686852079881
0.7769452789521606
0.7860134683806483
0.6808745779544871
0.7542937470671475
0.6341884753071906
0.8129985598193615
0.7786560581697382
0.6008119657469957
0.6122574092962839
0.6501679538174558
0.6868137386923604
0.6912051925476
0.7687090429232791
0.6783749977905116
0.8062834370853013
0.6925134045469215
0.530524046047987
0.7084611472243824
0.7572448537244534
0.7934316452452338
0.8126492403770712
0.8399031738516577
0.697422527465914
0.7479729061591568
0.7011223417435617
0.6885269604778029
0.7327246993515337
0.8683714769107178
0.6888317407200047
0.7428538426697183
0.8809425010821629
0.7340487590738414
0.7647713913687365
0.6560556961398112
0.6718821638129784
0.7673134980370651
0.6284393127830047
0.7277362390440789
0.7723991338525374
0.8125242952549069
0.7449932143933233
0.6507165877740919
0.6698716028351556
0.8400360726026892
0.7162098986761651
0.6378330642655193
0.8352695789009749
0.7470818747504748
0.6435214881701152
0.6652025635449749
0.7319784071101004
0.8315910501173153
0.7055692984170552
0.813447710849369
0.606650824610965
0.7644062260888405
0.6415186840586841
0.7131949338683649
0.850451937059735
0.6860240244238235
0.7645950451828711
0.7768767363156529
0.7328530216171951
0.7414864149111858
0.7100238268244609
0.723842151813881
0.6687914665706379
0.7289065849153028
0.881836046508852
0.7225371656073556
0.688923765636905
0.746573173845815
0.6823479242829532
0.6391663794506715
0.7681921952463968
0.5774102805740768
0.7113103520142129
0.7676612180290249
0.7493895423403897
0.8112786605300927
0.7714444099539685
0.7101325113859523
0.6486958252010541
0.7942779202505875
0.6272429187187499
0.7872057868658248
0.714569605642375
0.7255927579611844
0.8188009113669497
0.6255631071761649
0.714517286100373
0.7449083844342365
0.6772698856401101
0.6249417198268098
0.6996565182137334
0.6388604725559461
0.6886142278037293
0.7422735129600442
0.7221564687499556
0.7776097136973268
0.8226746162770212
0.5815464659950325
0.6986690219922277
0.7411663735673396
0.6946078833761445
0.7008587299117961
0.7358473536382535
0.7866127335355724
0.7869529051746523
0.7721813803315839
0.8677502091970283
0.8259786007039046
0.7155660257067689
0.6009294530090351
0.7070350504526527
0.7186613879382824
0.7277000713506472
0.5991212694504704
0.7340451861922026
0.8251716620042234
0.7717852883050341
0.7326159648345275
0.7128529431800299
0.7942155302854331
0.7835315271031418
0.7502333796796863
0.7141708612300088
0.6883250893381935
0.8074395961839801
0.7181468737963387
0.8075772668882812
0.6949058061722854
0.7272908304116358
0.7946020788083286
0.6788949624645436
0.6555872820327322
0.7249243375686851
0.7810889612253229
0.7584865504082112
0.7851836366950391
0.7481649804658463
0.7585301431872453
0.7334793333471314
0.7039574929009629
0.823109353621395
0.7659152051826659
0.8197925295090897
0.6473396379019253
0.7577429315142644
0.7555469215648306
0.7848058533355823
0.795375285534405
0.6735331378964047
0.6737007138805543
0.7041607215247372
0.6408400302417707
0.6586903129080233
0.5598215808716703
0.7329081302332019
0.7635403855651226
0.6086672937506906
0.7578982249270327
0.6846326643539272
0.67257119096706
0.7259434079056226
0.791542690689201
0.8589208979138198
0.7614311920275412
0.6908441959245624
0.6915523575486138
0.8541122228877764
0.8347370428096473
0.6702390708410602
0.8241639579042952
0.7165144274052094
0.6356227508471051
0.7938425916596171
0.7586938501075879
0.83638795388397
0.80438687296975
0.6322526715685645
0.7136361474045332
0.8107999233958814
0.6989197567044029
0.694808662280078
0.6915406926420259
0.5843959497749245
0.7887170301810672
0.7847438383898954
0.5932092422448285
0.7288637830264054
0.7069946877661043
0.594029748056578
0.6786298230490194
0.7502494000297124
0.7741489655632703
0.7400957788244189
0.7686937318815978
0.7290645043603671
0.7435883854500391
0.7396327671022277
0.5833485725474145
0.7526082491114673
0.6820074657672497
0.6234369960295688
0.6692232158630209
0.7525500264522849
0.8972919400758361
0.6197948070146803
0.6112513388549704
0.7654604180880074
0.7546795996475956
0.8891807563215675
0.7501444599238326
0.6805251433442666
0.6438492785549425
0.8052487140914627
0.733923023024268
0.7264758102655994
0.7758350574574955
0.6350149376833604
0.6563268785054179
0.6760667634940641
0.7810109863870864
0.7677979052847907
0.904412276244687
0.6420143648582481
0.7149586718747108
0.7329192466273137
0.8035249120963336
0.7283002652411269
0.6759461575808655
0.7637563733013729
0.7751547279834591
0.654825646577755
0.7277960763866831
0.7965211704508351
0.8067402749339191
0.6628098273803096
0.777797640276916
0.8324576216085784
0.7708809109294674
0.7991693270696569
0.767628940834249
0.7809200893190797
0.740307428463218
0.7088075917246969
0.7764126517870563
0.6395867713010125
0.6235364946843325
0.6540732669813231
0.726525394709555
0.7017195659016356
0.6734020647227887
0.6205455243385494
0.6322456560064479
0.7213200825250532
0.7032133847389329
0.6945626008941191
0.7357377095069045
0.729590264524838
0.777000695151947
0.7784167264146425
0.6747741778310962
0.7665387392325258
0.6974539803725021
0.7564415281490502
0.6089137612974318
0.710128093090173
0.7828009373746884
0.7279860424838386
0.7315755172512023
0.7412396755317383
0.7425596833928713
0.5647957810428328
0.6324893625278344
0.7309934779364614
0.7842135133871186
0.7068039624184492
0.8413292290192881
0.7264349428429755
0.7231566755102512
0.7765672109376133
0.6352765724131397
0.7773592187594139
0.6092643218365047
0.7238393075058804
0.6961227577167942
0.6511407087580191
0.7294194604606967
0.8743673093998191
0.7278838113747079
0.7082812298659907
0.8059969693285619
0.8288132818161941
0.7053515966525805
0.7923848725098027
0.6673840721352695
0.6679624426259709
0.7988862001318864
0.7623346921834333
0.807005257081578
0.7331093603845824
0.5838780922463944
0.6047410925835742
0.8514821414550076
0.7885237715340511
0.8813057736827126
0.7389146799623091
0.7204044647944344
0.6481754791115493
0.6462944725746788
0.6968914049462774
0.7084274728340582
0.6723925853834132
0.6703080981285281
0.6784740294048481
0.6718618927334202
0.7523384226352411
0.7802535323788655
0.7804517300031598
0.7720281977563704
0.7240544972962343
0.6652798210532449
0.6065906764268453
0.7433102188194296
0.8246081595835137
0.7215532509820508
0.8026292954211521
0.6756518744858842
0.7833946753853278
0.8449310328427555
0.6878845713759889
0.9419199317952237
0.7998844899750961
0.6006077597605501
0.6852228649060246
0.6965754539738301
0.7203597050207797
0.6111233947931916
0.764672000805403
0.6780337247307614
0.7174133252662115
0.7563803237439882
0.7819611438513838
0.6300997170535886
0.6623176618112598
0.6635665154910583
0.664753527669202
0.8971231189166311
0.7044176734580864
0.7024283971498925
0.6432376775921679
0.6861976891363596
0.6544204272221944
0.7323459002222672
0.7652252496165364
0.7554540281144156
0.7283141326129083
0.7100687087736391
0.6517699975083914
0.6658201061223373
0.7108374316588603
0.702162187257823
0.7173433171498563
0.7578513069528929
0.7333440702611611
0.8353106067224775
0.7524386843147152
0.7808910187130736
0.8774070224916339
0.6920894660560256
0.8821731695580541
0.7579123409764105
0.6600389608597593
0.727029978804688
0.7645426380177364
0.708160900831134
0.7020243523418981
0.897387178676771
0.7436947710095498
0.7300291993066543
0.7986894588611616
0.7692162555561944
0.6773257827284386
0.68595101946732
0.7691534154992135
0.7557012314253645
0.7843730002432628
0.7300387240895899
0.7882188114652988
0.5783653407141112
0.7261425011157423
0.7473936278586212
0.7490555134226948
0.718136922287195
0.7285851690045697
0.7207327699114671
0.7913807369238655
0.66904664081016
0.6878722570973247
0.7772158448879083
0.7763223352802641
0.8243449904931439
0.8368702192896356
0.8049968536421518
0.7266760703774673
0.7279249740208017
0.7360005774451623
0.6701081745282681
0.7678910486275302
0.767335271535305
0.7480271040517431
0.6406955491830449
0.6568748503937762
0.7704470803038245
0.6931240002966255
0.6971863486619082
0.9451921466438193
0.6823960697046961
0.707682233368084
0.6879901970229944
0.6656673554915973
0.8149489091418982
0.6745301584149518
0.7612909737829614
0.7483074467734385
0.7646179716720622
0.7982446098845993
0.7765744520033365
0.7504096204083718
0.6760105107209552
0.7288816711586283
0.901813999535427
0.74661954371754
0.813258046143591
0.6882682896678264
0.6857413068643705
0.717115629773753
0.784006807639039
0.8007476660892102
0.7954021967813456
0.8028573782054007
0.7694779762981188
0.815365028274524
0.748144631586417
0.7044166220976728
0.7671632300303903
0.7104044021179791
0.5974156880236944
0.6640905580304864
0.46687981817624935
0.711916452085122
0.6986419443704234
0.7421618769144013
0.7151051588949118
0.6858157048705993
0.6723978402215026
0.8064846041892705
0.7795620339572273
0.7844237606940507
0.787935726489947
0.6997057144719344
0.6842554874880451
0.8073652854553447
0.727274520393026
0.7671003412952253
0.6955505356239845
0.7251643081215684
0.6691039445629433
0.7151449269260818
0.6444837731783848
0.6720108717144088
0.7937999796915407
0.7870815189021119
0.8042475199310702
0.673860621677637
0.6941427142561253
0.6495388234114634
0.6454291636622398
0.7626884140567898
0.7855983310395095
0.7330487686196645
0.7734299143118134
0.6986161787345385
0.6567210112087647
0.6988808064574273
0.9167487608511216
0.6978900760986433
0.8088072105147018
0.6747119434516402
0.7447826638311184
0.771738319411815
0.6247398870835303
0.6803391156884048
0.7208592144536043
0.7232466843402058
0.8619721976390794
0.7881347581587368
0.8593654689431226
0.7824328768423314
0.6888521852224238
0.7139720256171298
0.7232394378962617
0.6813317779421016
0.5460164454081032
0.8503516055940762
0.6882545629351515
0.7564765982576699
0.7022774392278638
0.6576217314799929
0.8166027260011244
0.6555258183353474
0.70864306791225
0.6824657012930927
0.7597089557406137
0.7361417696667832
0.7266779467082591
0.6859931799485214
0.6789141422697315
0.6733574991260369
0.676423368505373
0.7191897614122972
0.7272302727562987
0.8697056126512309
0.7930023223066018
0.8648040428397601
0.7679192769230822
0.7290666792099815
0.6358877902723042
0.6851316396289636
0.6983091523417019
0.87402729546427
0.6223523612043558
0.6691270995633742
0.7677042366437119
0.7028048472159832
0.682662351074229
0.6729562553773898
0.6867782418067212
0.7550881027122619
0.6493627234961004
0.7551540600565754
0.6886793386365858
0.5642210469352735
0.7148766206226693
0.7475599234692835
0.7042198036987127
0.7162524791654216
0.701441919896173
0.7093473036301035
0.5771989523476874
0.7383192328919993
0.726582218806219
0.6669812178340092
0.787095970680521
0.7426348023963353
0.7436791747123145
0.7660002609929984
0.7775654818467005
0.7673898740886892
0.7669758754550027
0.73631732334034
0.7460714559682353
0.6820217933682118
0.8278550744915067
0.7632298022789556
0.6348583380338452
0.7845850589926784
0.7622263181093222
0.8045768859816322
0.7334817129318958
0.7179084150231347
0.7224191704359729
0.7375654765153761
0.7402346356111132
0.7474851305235338
0.6237672364244379
0.640744148646058
0.6826822111569589
0.7483747732342967
0.7506925115202694
0.5979179060659021
0.6833285726164121
0.743577265804742
0.608516639263775
0.736782387215713
0.7268907180996603
0.7688285382375208
0.7398892435052205
0.8005425522328943
0.7791904335455224
0.7794696481697253
0.687956167756002
0.8284144322819973
0.6113161367745111
0.7841198584173759
0.7451879206179898
0.6509995651453285
0.6764923529630047
0.6157114558720927
0.8201962730980235
0.7118839773711257
0.7776842266967582
0.6399368282162209
0.7344176254051403
0.7181294484080236
0.7319951974713133
0.678734011313443
0.7116195921285228
0.6801766466856372
0.6412324837570201
0.8178099469131134
0.7000507334789227
0.7253199503386818
0.7054490516598809
0.695269482043965
0.6980615357105894
0.7576068918708148
0.7428943137785833
0.7658189768417927
0.8120956655345641
0.636409164661952
0.6803545083434513
0.627196900650578
0.623727681349698
0.8128157212400453
0.7483013004539544
0.7494756467874697
0.6485296735344704
0.6540311499955188
0.6763464158022287
0.6749078494959257
0.7652200724235955
0.7750477706810566
0.6422358409070803
0.6463197381981889
0.7650506393209969
0.6959396391338711
0.6847459443561865
0.6878525725341903
0.7105932856521742
0.7507228828694336
0.7896676521769128
0.6319124429451498
0.6352841999309301
0.624510687714527
0.765942708787324
0.620426079847085
0.7188835361031971
0.6371918573367513
0.6739408035392763
0.7378529926697557
0.6958114462484356
0.7096456324636348
0.8492929199911148
0.6769462568547784
0.6739324420682641
0.8344184077869636
0.7107465971113158
0.7312083373872744
0.7612355722451486
0.8405151431463496
0.7749596717851525
0.6566384473827809
0.7043322301739249
0.7491561277741396
0.5816668205577527
0.7380259965540149
0.66169986006114
0.6592324548449374
0.6314009053033104
0.7123729624545035
0.5900482783164333
0.6302659272326921
0.6722682899827973
0.7850485196073423
0.7029608364258345
0.8038736014357006
0.7219493376763446
0.762062371639742
0.6477493236893095
0.5704837515525188
0.7868455663533744
0.6688688754942737
0.7109923042131293
0.6815327395882594
0.7303832333727646
0.676646490542575
0.668053466058894
0.6230122138504433
0.872459223994365
0.782608152892322
0.796661351125184
0.8049275546681958
0.6644234827575999
0.7242600138472188
0.7169873333629104
0.5613691782211955
0.6843251963210549
0.6627447489348492
0.6653063262794854
0.7595731469877268
0.6986898721705259
0.7952813073486376
0.6741863351498124
0.7203285730789653
0.7217709713041047
0.8148169953816132
0.6923733095687656
0.6679061291603203
0.7841462771666
0.7637086946912758
0.6416265269619689
0.690212908961469
0.7202922657947313
0.7060913482047761
0.6629722497876837
0.730004839189526
0.6792755521430554
0.6641447964512892
0.4552157324894046
0.6894718379691006
0.8412145696097826
0.7280151705068693
0.6583712740899559
0.743282111818695
0.7221841020310211
0.8462877408196414
0.6875550562857736
0.707332263598255
0.7751163567910684
0.6397218975265778
0.6604503795084942
0.7231229773138566
0.7653634847118426
0.7229949779938165
0.7948520423858204
0.7020711338134595
0.7312274590803087
0.7854143786085179
0.7989720291275721
0.5707505578303015
0.8350569690031365
0.7416187229482482
0.7483213858546716
0.7918635118386536
0.74076715243225
0.6974065223636371
0.7046000501538064
0.7015865235401914
0.6753974248758506
0.7535622809078861
0.8258608579250399
0.8206397284448448
0.7667242551823463
0.7894854453084721
0.6617025656026814
0.8220954435731217
0.6574777860425486
0.6469776246311305
0.6055881157915514
0.7057860275533722
0.7762679766323297
0.7021824216377183
0.6604093980193663
0.6979228064780795
0.7660720798216462
0.693942337872435
0.8821103623967239
0.7687803782607183
0.7844550800668127
0.7768148005413706
0.7495358059545302
0.7812837964370922
0.6749252537411748
0.7868445150130846
0.7237934529616168
0.6290124220548279
0.7837196097760702
0.833699765889317
0.7545343902372055
0.6915954816968796
0.812724634488213
0.7261884631958956
0.684723729001858
0.6691693862098508
0.7270995582664568
0.6411969986255497
0.6865318611408445
0.6626634842965404
0.7825270617580229
0.8007009530945209
0.6485117226569375
0.7495945006811279
0.7611934462556466
0.759736896546469
0.7994902661282284
0.6828981959178196
0.7706266310867599
0.9004761545784686
0.7288589768569997
0.7619619100079384
0.7984642724584212
0.6875213761401447
0.9117340550920857
0.6290730754510069
0.6962200029590776
0.7005296603985816
0.8273747252083616
0.6861691027888247
0.6593507684345108
0.7489811640039534
0.5733622070425642
0.6627974462346403
0.6868044353708118
0.7095173384892824
0.6712490832364476
0.6702902465200007
0.7191283751689359
0.7197727818914912
0.5956771101437927
0.8569659565342144
0.692564827645877
0.7563827434699071
0.6556958574011754
0.7766319626599736
0.6274674432528621
0.7680771559577744
0.5866675818977339
0.7849447976182707
0.8589173861241607
0.6941273012253444
0.6939876056264098
0.6216344457575274
0.7300442482932975
0.7224249427903966
0.8378387857261701
0.7520706827452098
0.7990212476814561
0.8041203509212456
0.7621840559649321
0.7162335439163783
0.7747304605505053
0.6663538573156841
0.6967488426077835
0.7253059931161094
0.6814258626231761
0.6619232438741979
0.7497886739680064
0.5583621312386784
0.8532415032537277
0.761767998313781
0.7342564433587911
0.7273045602137437
0.7002953015894015
0.7959586984144748
0.7752649141215416
0.7220440527970217
0.777100129678285
0.6794017841268204
0.7600776867086225
0.7015536858662144
0.7073398265336079
0.5732185586554985
0.6590996609218939
0.6754814584142069
0.738822415718878
0.8961415739363994
0.7818261157536913
0.6805757574816899
0.7306454150687414
0.6985654501343069
0.6583671160611045
0.6904315664554845
0.8506301395211062
0.7896705533922237
0.7095057035194261
0.7761124996478617
0.6648126607307511
0.6032974468965775
0.7027396706925239
0.6805832669388652
0.650569327582633
0.7411598261449475
0.7876133290328644
0.7659401326981472
0.7151805992534163
0.7236660367169744
0.7212930505483113
0.6625255367779084
0.7450227001787233
0.6455643794516162
0.7271277687309841
0.6693030632115914
0.7482097144956263
0.7459911519473653
0.7052999327240125
0.7707385728344874
0.810541212756391
0.8213029830528936
0.7742711720509619
0.7035094471534866
0.6217128731407779
0.797955094597028
0.7305681346398805
0.6489283292022768
0.6880340917682564
0.795913369447355
0.44330899067761026
0.8099375736502792
0.6778594034011205
0.6661582904230026
0.6528517842700033
0.687804158287944
0.7036179456596517
0.7654287344717364
0.8603402131985248
0.7333612342250202
0.7611100846359843
0.7395169717602559
0.8084698059550358
0.7562968241607071
0.7173306029677782
0.7372745604405084
0.7552359575571566
0.718003303521786
0.7395408992057748
0.812399494758862
0.7627014336311962
0.7504165750321264
0.6698660733426669
0.7345533725421187
0.8181037227071408
0.7184177037255643
0.6768830606710945
0.7236089771837422
0.7431123483213282
0.7665262958496356
0.823693244540546
0.7839691114924332
0.5453773305696867
0.8298818922337083
0.7279549618554111
0.7734171648215131
0.7184812471702675
0.699817235377319
0.7055984126663999
0.66814087049043
0.5705552124923056
0.6845902133498032
0.6622761476281284
0.6889536905837318
0.7353787188548699
0.6684899735355716
0.7462441827946021
0.6805637450150052
0.7945335347505132
0.8276281715792562
0.8363219718080745
0.6927090271480772
0.7944781712115204
0.7256763777714983
0.8054739442581069
0.6930243483978891
0.643802159886003
0.6309967760366074
0.7179417845099735
0.6401559335402468
0.648138754333019
0.7494507073300094
0.6574363508222395
0.6759147334741566
0.7458007899059776
0.7301098885481871
0.652802727900988
0.772291271896231
0.7422912483536597
0.6934624386484041
0.7928274217720674
0.813486495990464
0.914437192175162
0.7486182197349397
0.7485344046454501
0.7378347963742471
0.7543711257425875
0.7951615228750988
0.7082128988393054
0.7641893417285979
0.7565028364492911
0.7573571969850019
0.7647243644367933
0.7536396839248815
0.7121661382957073
0.7698724031605735
0.6967264453799776
0.7968037383675947
0.7104251025458679
0.8642190404448846
0.6026273040371266
0.7230024156346045
0.798657070829278
0.6957053245981256
0.6753757728872056
0.7623967641543891
0.6055923372122314
0.7900305180699991
0.6583202092597605
0.8310570131367209
0.7210331488973803
0.6309510505074126
0.7447592288536716
0.8691157029329808
0.7289134911466868
0.8324145437027388
0.7748090809270353
0.7873070326151959
0.7148237386555159
0.6740686397377037
0.7967625074018586
0.8705404831727278
0.6997162292368487
0.6508917327931777
0.6526037064399397
0.7225822263653551
0.8088052200966872
0.7435951960960989
0.6018182165485175
0.8427054125993949
0.6677248969548295
0.6263661821890566
0.7396837454527179
0.7305617519639221
0.742036713936444
0.6590682465764314
0.6461827050177492
0.7120773542633415
0.8295681353278012
0.8585855067608155
0.7531870795203601
0.7583505845619438
0.7282066620998101
0.582781252560522
0.7267049578415083
0.7374023938001247
0.7916159721159669
0.7557050346993095
0.6932992272342525
0.6570598238619924
0.7004377635153446
0.667508732533576
0.6754950651658341
0.6590777540995918
0.7098394720735411
0.7325896920521284
0.7081971356044021
0.7242314722645784
0.7836174061443073
0.6137411815532705
0.8082925881585645
0.8217686928609685
0.7117525910006998
0.7895125020862195
0.7252759159027562
0.6997522657245842
0.6938652359951126
0.7525739888517977
0.7328795309901595
0.7678621485974311
0.6621887344675796
0.7611446588054511
0.6684958174822063
0.7515555152548067
0.8775839838283435
0.7473138535769963
0.7490746329565698
0.8082879108601425
0.6740130244336388
0.7431514772253196
0.793895114059685
1.0805494572356489
0.8189285523203546
0.6916068217773654
0.8051069613545533
0.6073324908650625
0.6883683941978893
0.5462315529969901
0.8863268119950576
0.7162250584640661
0.7219248846634431
0.6294840332478039
0.8040810646049731
0.7274479861920115
0.7400841203711828
0.701093906949056
0.7575493907711989
0.7731545628394587
0.9001867527796434
0.7609807445517025
0.7684092545076332
0.7310294375709098
0.6689471588221331
0.7051787707691022
0.621624575322525
0.7435582406340604
0.7119101869117969
0.7726244875090534
0.7528569530381313
0.6779802677651195
0.6656314718897097
0.7313944738684883
0.7055254771856515
0.7641563378008924
0.8259889734614069
0.726274247995991
0.7051693135204925
0.7879483370892972
0.6465367127575213
0.6449850600664251
0.84767914106387
0.814968017891144
0.7793739861287263
0.7690082405564991
0.7001077679553163
0.7811997820459724
0.7349221882475365
0.7772649014846553
0.7702551971473622
0.627389570544652
0.8122198837448319
0.7070082895332545
0.5569133262872783
0.8107176018752635
0.7660199963326253
0.8889779047618146
0.524924062621329
0.7414257610437018
0.7248094199437631
0.7216414323524247
0.8672115342740317
0.7742518871874254
0.7117812524815798
0.6181644947232116
0.7506545339832346
0.8244427926026154
0.6446185965022568
0.7606727557992248
0.655207003803451
0.8037854067991792
0.8473493073793886
0.7330801306116206
0.7966778020164356
0.8173428873299778
0.8231581424631284
0.7378194669408407
0.72931367230098
0.6443175719379307
0.7590198094315577
0.8122621292657927
0.753341544165621
0.6564891545220978
0.624843400922269
0.7384939256966333
0.7629481644201253
0.7852455973988177
0.6875910097321892
0.7797600909494934
0.7771639794361989
0.6036220979012613
0.7422645452865544
0.7551885967210245
0.6990773907966616
0.7547710300660055
0.6511320224840493
0.7348689568953432
0.7290050154071023
0.7499502367030593
0.6515102097964832
0.8200981414591972
0.8778431814571499
0.7406777332140756
0.664930456781765
0.7539268411439801
0.7403215723657347
0.6968184904319303
0.6759734986406859
0.7485804020681548
0.6986272175779052
0.7710789073217619
0.7499050712622691
0.8381890579283892
0.7106205784352743
0.7512794029462759
0.6378137371899545
0.7659262250582074
0.7312580589900524
0.8434922634521721
0.7263405473308587
0.7801166247879716
0.7025529526935154
0.6339230758460838
0.8009250106649496
0.7280136898854743
0.6694026524559791
0.8010967264012574
0.7829869262952
0.6907524816584003
0.8287426640824626
0.7005661338309283
0.6814122141141432
0.6291471769070839
0.7295473016663055
0.6623087251913414
0.6152780922604729
0.7045182812155723
0.6228753284937842
0.7635427051416439
0.799867951968395
0.777413512738479
0.5957179368238177
0.7093220946917322
0.8103564644753962
0.6349184466697485
0.7590152104307794
0.6518796001523727
0.573202527954821
0.6822211231016065
0.673407403782413
0.7692167208831184
0.6332252582480049
0.7036289094380663
0.81679104991641
0.7889072852057654
0.6614094329184977
0.819302188764901
0.6270661877040276
0.7796092791012594
0.8095672332943258
0.698635358563152
0.6303157511266511
0.658596751807297
0.8224565897428711
0.7475985916576594
0.8274143828775589
0.6190772769281409
0.6825001185944644
0.7058793049069467
0.6408761368378638
0.799972258645041
0.7923591385713743
0.6854238362691071
0.745448114376007
0.729436872467446
0.7487958964078152
0.7174200066883913
0.7515135667971801
0.7262912262497495
0.9054680086955869
0.8053970270668749
0.6216348965207337
0.6330502075294263
0.6178397908260651
0.7450083152530803
0.7351516439658847
0.639977394704607
0.7758340022914207
0.637172245554726
0.8092093664308564
0.6926644295878202
0.7578899787115756
0.7884995638192324
0.8606094660258812
0.7528449719724285
0.7642614218391189
0.652713696985045
0.6207441002348318
0.8379205208119775
0.7859212732761185
0.7867812889731916
0.7072158968774068
0.7697910445934913
0.7595463773554467
0.7489196402288921
0.7740821773001265
0.7853160898713647
0.7714403822176648
0.6760341768194188
0.7936016315328074
0.7445417068688125
0.705494939922451
0.6761003098576417
0.6470550328452506
0.7202006854781491
0.7995635457553734
0.8288007698487092
0.7222196521303914
0.7235540950126407
0.7211009477301774
0.603411985464839
0.6406877013505393
0.7482239022388516
0.6914809984732644
0.8632117870590127
0.694101489539802
0.8096880034473597
0.7831092759021577
0.8776034902903157
0.6240345374491771
0.8459097270667059
0.6619580980281268
0.7719139571112407
0.7392519679184341
0.7450900065324301
0.7102832413460354
0.7018314608057413
0.5977614315034305
0.6757153864818133
0.6277765471907092
0.7427898293655546
0.690386760292406
0.7937861086697942
0.7020117763108588
0.6984269790147231
0.687759052891136
0.7217607591085158
0.8704221910876269
0.6844074133696313
0.7679128481914373
0.7721090844337859
0.6397986295071281
0.8166939741171375
0.8159094411852856
0.7475754017082848
0.8727709821138078
0.684148285238936
0.7939912026250756
0.831340931174756
0.7329769078250365
0.7544071304175205
0.7252614540402785
0.7291750016238621
0.6887362146995906
0.6861153546559535
0.8876316235365369
0.7093880502306704
0.7977186109906795
0.7675344813903423
0.7624950939654314
0.6063160372012573
0.786227971257559
0.7234781719854334
0.817598696568095
0.767740537572678
0.6867344440342257
0.7036429328469045
0.8064184831721765
0.7240036078235188
0.7357569385603699
0.725634141506968
0.7784866710917476
0.5954408273635069
0.7566187114926977
0.7737785500667786
0.7189174276233792
0.8243860918627465
0.7433994400424668
0.6965275456589318
0.8353104423301897
0.7400738037672285
0.8102551946991964
0.8187747508492624
0.7467726241009229
0.7645966115327119
0.7609785123788981
0.7838519443782456
0.5734416814376972
0.7870478370953298
0.8485828488329692
0.693223175814115
0.7084064555490138
0.6912764686716178
0.6997405682338255
0.7588062769039186
0.790088368522779
0.8018686400693552
0.798784992424608
0.7144974184237873
0.7158905426581842
0.77352176026985
0.8866517490051362
0.7409566784449367
0.7608985964824893
0.6747875243174765
0.5987503965810392
0.7983160092695958
0.7283381177397384
0.5962023149428574
0.6740613683954445
0.6202182858120285
0.7800488720667191
0.8064313812727372
0.7104579070264517
0.701806990986236
0.8275326834784266
0.7812719820041089
0.8036640688233602
0.6817359062228366
0.7413304877310547
0.6876542883626127
0.6419337529078991
0.7154291292086215
0.7012746032225732
0.7122921796553983
0.7083277509042495
0.8229750376597044
0.6906189793683872
0.7363599953899592
0.7861364751218776
0.7651956794437993
0.6888008305557619
0.7839051837784111
0.6205338777803634
0.7320985034868556
0.6784441546869182
0.7377639718408934
0.805658002032828
0.660529810533312
0.7399481339286683
0.7202906074301156
0.6962557677720975
0.672195448340834
0.7692147790033995
0.6277260729122194
0.8398078179227259
0.6356821200866603
0.683389099218376
0.6681514010915609
0.7741053896285602
0.760552188481628
0.7505625780747804
0.7784366908647451
0.771089546883656
0.7039853370050789
0.7101371556115353
0.6933119319459716
0.7027371142011437
0.7086671761223134
0.7341809340228824
0.7665873917661363
0.7073538892765806
0.6432049309740319
0.7684411200486864
0.6708253270766162
0.7168280492099104
0.7968303815841681
0.6140699611301645
0.6732915000427583
0.7281983909819708
0.7604008542636441
0.7468602837961736
0.6632263396007851
0.6045788024321883
0.6455235453789671
0.8414247125904428
0.7912112732591408
0.7735065617237941
0.6538869136896432
0.7482062733299456
0.7144636164227366
0.6825078016401064
0.8220349692765362
0.6650367675332028
0.7720355192525307
0.6422761353976283
0.7405513511568944
0.8833931513783586
0.7567560928468754
0.6000237562976641
0.6897363200928126
0.7504276095494375
0.7159624134207051
0.8048664065140654
0.6664887998407807
0.7365542681296775
0.6914463358515986
0.7742979876942448
0.8293367702693684
0.9248575805201764
0.6810777116936361
0.7390917156119358
0.6363772321180745
0.8136333551808418
0.7769623053194725
0.6798546220333241
0.7100650697632599
0.751464986913217
0.6628523728635024
0.7204111306534515
0.7414490892251046
0.7361152078441531
0.6474006401061639
0.7155541818358366
0.6893050798542294
0.8635446880705209
0.7886417312827906
0.7875601665491666
0.780532283082694
0.6888196239704025
0.6893928737281467
0.8118701661348098
0.7050976953077627
0.6793681059140636
0.7307652341291392
0.5956018677166348
0.7709550334766991
0.6823172176210516
0.7477837430237391
0.6439662426236645
0.8201716556307261
0.8217904920614285
0.7249466342051228
0.7441294817365659
0.6542943339254607
0.7328651790844344
0.7352990622795093
0.6980469676150443
0.6563504400658489
0.8082286897967521
0.7844661499145272
0.807505513440589
0.6717004264830254
0.6079707651750602
0.6818975056457993
0.6972552685281771
0.7590481399439538
0.7669521845700632
0.7306763897591765
0.7401838685960402
0.7989325188265585
0.7053495262677933
0.710686286749128
0.7467540476926263
0.7055124898984442
0.7119761492136212
0.5886325505554878
0.680960508923087
0.8421515612000383
0.6724378392568756
0.6393002471985562
0.6526356463707533
0.6689171482844514
0.6690200215231273
0.6754865768672141
0.7267905560835849
0.7077583396477024
0.732179865835356
0.7559907715167733
0.6873266768844332
0.8106741387640155
0.7176741704611881
0.9363449237486605
0.8179660396085287
0.6501338423777118
0.7619306629270914
0.6846317410256996
0.7489608012407847
0.6749736398279372
0.6961980652986801
0.8277589375897723
0.691638615980069
0.7328227967417686
0.7114507539628102
0.8186477550480209
0.8455214151276145
0.637290121702173
0.7129746533881888
0.7246384072575539
0.7624068025219157
0.8310837205169412
0.798003147985336
0.571788224309942
0.7528927604202172
0.6635671099393962
0.7144241564514524
0.7011497047618372
0.74723776080078
0.9242108533548195
0.8540067596197455
0.819095237029338
0.5969166420098265
0.7577382009094492
0.7688109349988357
0.8400604643001809
0.711548008720501
0.7889331589691858
0.6791997284261488
0.7868073572371397
0.7457883801901155
0.7404410499584146
0.7309075124587651
0.7552954703649213
0.884654699002067
0.8151178104057348
0.6837191016860343
0.7020476045151248
0.7567462139101899
0.7586720813049755
0.6051692358216434
0.7158194729794745
0.6750370417372834
0.7478355341397018
0.774532534476917
0.8554672844673803
0.682304768484565
0.7551046404531985
0.8583173531482933
0.7602738297022171
0.6873428487687598
0.5692282964930673
0.7057104315032517
0.7407797783933502
0.7011003808138042
0.5866918608216993
0.7074630730934626
0.757179913105053
0.7745919838128029
0.657555327643912
0.6490204875997085
0.7262941353291092
0.7082432210026385
0.7823601763576195
0.6130028889388702
0.7072816292194722
0.5710371702206898
0.6019166361982085
0.7311424802738095
0.7310056441516151
0.7009657465521244
0.6709628375374681
0.6613303989632314
0.6645932529897863
0.6594301428229353
0.7368224980346448
0.745238864931989
0.6473584632837962
0.6019550383924358
0.6346602591245672
0.7416620968130189
0.6676838457908786
0.7329796777218118
0.6760979145479008
0.6846960156964297
0.7430687850324282
0.7166736379943044
0.7294494251928723
0.6954752064123234
0.7669830177508398
0.6779986306441235
0.7500781373874816
0.7396469076277677
0.7496646597861841
0.7554285631964097
0.7246749947686537
0.7308589677286413
0.7209605981165623
0.8065107270598119
0.8636793755636825
0.6874531380224593
0.6119138534793493
0.8481336825837132
0.7339239510994788
0.7536569594866505
0.7703943785528474
0.7447848993130023
0.8239670276968732
0.7175185797284478
0.6921936784745455
0.7602364464781082
0.7123783285470151
0.7655585461219334
0.7069043785069564
0.6395937723350082
0.8074493452329974
0.680266645012674
0.667123175347473
0.788162981082721
0.7095982599016675
0.6541632969966459
0.791737311393562
0.7364335774295782
0.7528013973450183
0.6887923247052374
0.7000997458527373
0.78002186964495
0.7041662340529268
0.7721493155529
0.6900880840961415
0.6903613273423354
0.7370469970694036
0.7247528766354009
0.6941356169059012
0.8328827623218973
0.730911039864517
0.7234776432147628
0.6590372836385365
0.733887506695091
0.6647167924354511
0.6099058272938582
0.7088419699564256
0.7408843469450033
0.7412363037221256
0.720514632972385
0.8564170961927471
0.6882883930462024
0.6982383664803535
0.7235293827913301
0.736109276718337
0.8605113729384671
0.5019059182144094
0.7807351514631172
0.6838421449766027
0.8330310636346295
0.7283723807985506
0.6057974521017734
0.7701890498188687
0.6778608156770505
0.7538977028670738
0.7370264444379794
0.7940416816806449
0.7809036633621118
0.661358125804574
0.7361506577275796
0.6010090997424773
0.6988495353182613
0.8357671215273386
0.8168440383116415
0.6631966524691258
0.7349115742235641
0.7688700233450962
0.6780646468758008
0.8075611337718929
0.7233973117731768
0.5796941781641863
0.6791039385266849
0.7717758395129112
0.725251680216993
0.8231101296688665
0.7079017710792197
0.6469948186422602
0.805059327527643
0.7013302828084721
0.7341655968030241
0.7871174416240589
0.6924121187998891
0.6901963088982295
0.6965983462231279
0.7057761908416035
0.6692479899051458
0.7733152580877423
0.7448851364514302
0.6541858716560363
0.6769899277289495
0.7796035335560646
0.8055211351868659
0.6731655713516979
0.6908122748791474
0.5321765490841605
0.6873549853077999
0.5844371008877881
0.6666037534286832
0.8464303742393212
0.7660806209515982
0.7671991294680477
0.7636922801781274
0.8379560316777704
0.6328101126525656
0.598590851310875
0.6767358720849581
0.7084735917433834
0.6104101491175958
0.6103485163267721
0.8149757868208967
0.6580773250593723
0.7392597169069188
0.8853047253362787
0.6398115323711964
0.8050224919491448
0.70811064007755
0.6637707810390602
0.7603013041985605
0.7845320114650484
0.6486176404555224
0.773352850662736
0.8364615644000734
0.7947591843572377
0.6589243691057186
0.6905628817956982
0.7559171948863964
0.7908044204102246
0.6893856802764056
0.577245356240341
0.7492238352817479
0.6378467015820724
0.8034365681218951
0.7219147367500127
0.7283462511245964
0.7188013099291137
0.7044601546734373
0.6777888356492604
0.781179200661794
0.6720043430624207
0.6546009719756992
0.7978788164902514
0.6545405619664765
0.7944614630390446
0.7729636288214825
0.686299394774125
0.6573346121463705
0.6874450384386785
0.6942711301845191
0.8166540518640465
0.7488149043456619
0.7551948570635673
0.714001351556448
0.7239514732338633
0.7301505628906177
0.7617800335936957
0.827428149346063
0.8227799489796973
0.7458370312969955
0.6960162267449856
0.7586563046897006
0.7234982130129782
0.83597698530595
0.7005239260886684
0.6087909602665519
0.7581250835524422
0.7130552318095068
0.8013961969620557
0.8419618853658754
0.761800132579475
0.7133584525038575
0.7532057047675046
0.7975319357673262
0.6952944109581952
0.8053412208936075
0.662125961473632
0.7739047191541297
0.7921153393409999
0.7397793689978686
0.7624820331988381
0.653421238611853
0.728735392101529
0.6927732251654134
0.6777677340252907
0.6443619497421085
0.7413914308804959
0.9294783196891497
0.7503743221065935
0.7944370547209734
0.863289607581406
0.6679184982958213
0.7388720307194144
0.7247705044694347
0.7339852634157631
0.77878568958139
0.7244005977071678
0.8161654722143131
0.7608597959430943
0.7522989224183674
0.6770160985899233
0.8402703730242422
0.7380663309551023
0.7875517036238852
0.726703695752061
0.9005915163099203
0.737393161227979
0.6749553554616713
0.6836144624681392
0.6498708761528914
0.7364154430083849
0.6100524862429236
0.6632779122006919
0.7506200918890741
0.6896388737190756
0.7833509847931459
0.7762350775578106
0.7306868364173887
0.7006118647537048
0.8147187611559352
0.8275282535891542
0.7146337095019066
0.7834206470652918
0.6522517540171141
0.7395164732014294
0.7045272785923677
0.7629822476246556
0.6493517440886052
0.7067446011591135
0.6521238912201661
0.8735251361959926
0.8188552473258982
0.7777680805257403
0.8080384555354311
0.7739042989463132
0.6663644794070948
0.806723533938793
0.8321879803084773
0.6697135592829588
0.620605587283388
0.79907012993162
0.7129365269644556
0.7268228063710707
0.82170884058034
0.6487459780990266
0.7375620989745477
0.7389390418135504
0.6717712479971913
0.7059329391455211
0.6488698207276511
0.7566217906785062
0.7896431955113951
0.8283300811082894
0.7600055099454056
0.7897416058796973
0.8061791033328944
0.8068473440699334
0.7417515236204087
0.6748561334145846
0.7382138571018022
0.7483172068015721
0.6919117013345845
0.7239735161770279
0.8428359689204987
0.7839891107519615
0.6664767496036096
0.7242089167440825
0.7479979565982967
0.756547071169749
0.821709273006618
0.6751421890565337
0.8485528163284803
0.6610381467631407
0.5737424805474394
0.7581622103284662
0.6122727734961807
0.7123264229103615
0.6958200514249788
0.8258558334910906
0.7610890650728285
0.5673093634627887
0.7002825477865807
0.6857198725478155
0.8962683053908783
0.7511114890182804
0.7785110760768199
0.7046423303377092
0.7143384604044454
0.5474551780009699
0.6986275470886477
0.7337918937323035
0.6929731522744399
0.7263540217545106
0.7263029727118694
0.7672037561062287
0.661655931608875
0.6261917325662579
0.6419125538813593
0.7597654507542165
0.7243499007249514
0.6794727911034996
0.6350090767606965
0.7567312780572628
0.697219282285589
0.771459121899374
0.8137057052164922
0.7304073013753994
0.7716605883520488
0.8341660015211114
0.7254039549786142
0.6585527821944919
0.6852045649778756
0.7016853704876773
0.7843208098270057
0.6845114206893353
0.8445123748444482
0.8537316509298971
0.7448088731796308
0.6828453412874149
0.7307568159306462
0.5606004423211431
0.6639940696724705
0.7700958995452245
0.6903379767520934
0.80454049022008
0.7232279276414588
0.772231754101853
0.896048214327187
0.7003072929701402
0.591542422873399
0.8492841120076065
0.6343967047834926
0.7505873189851673
0.699063500858927
0.795380974086639
0.8119417046481938
0.7069002711734429
0.7485265946575422
0.7451561524379956
0.7249011510471113
0.7456457839867543
0.7414305116612554
0.7914458065446621
0.6182130297225529
0.6378375872285972
0.7945075016254768
0.6699020016328554
0.9215907180143003
0.6837666325014677
0.8329677990693809
0.7412536232377588
0.735156260124514
0.6596577559628529
0.7600878806110168
0.7175528171016949
0.6540782176199982
0.7719671916988455
0.810073838808815
0.7947784780815874
0.6854213397223625
0.985471655244153
0.615271244989264
0.6690175573328291
0.7496797972890838
0.6568350520697397
0.7748339667437405
0.6966919220141777
0.7888384350858795
0.7087136248406248
0.7682135088929735
0.7194897264280793
0.7805759786006538
0.7173768538285478
0.7122676513504832
0.7761571038763622
0.7779939157577141
0.7462674124752289
0.7692020137554938
0.7151290977216183
0.6775817167195822
0.8466872481916005
0.6036314350770164
0.7310677917900397
0.8040177676562902
0.7216811895252782
0.770462411887897
0.7009455395966211
0.693415586044904
0.7428494054504058
0.7512282927075138
0.8733784893127458
0.7681977500575148
0.748152051202619
0.626501320935844
0.6949985389555252
0.8111097320700705
0.7431052444099453
0.6748982512188159
0.7192318577404788
0.6750134990956758
0.655340654051673
0.7059486180335031
0.6408465318512686
0.7829651559425026
0.7755594311762287
0.7399555362914528
0.5976444586371265
0.8166049668090567
0.6521804865553037
0.7211189167077788
0.6386891274907588
0.8035772042542904
0.7660855367741876
0.7236494330757761
0.7029755183286671
0.6653994073609603
0.7857714383114558
0.6342437041662364
0.7110534273675361
0.7454217934892741
0.7375455316505709
0.6671642303527282
0.65596151417023
0.6951311291178822
0.7267506967478234
0.7586130100726552
0.7374743672468346
0.8096181336048063
0.7034197311951057
0.7153667410287899
0.7448330397575865
0.7691467822157578
0.7925741797228512
0.7217346036814879
0.6439272933800488
0.7046072948975747
0.7999359641995699
0.7132532473114387
0.7666837432471916
0.5696072356911906
0.8100865373912685
0.7452211310075301
0.6819674897052428
0.8501388236585234
0.7780983903189354
0.6577377056284132
0.7155258855352151
0.6761564644246669
0.7469260463064202
0.6588588157318181
0.734271620152402
0.7781766151301563
0.7307675918403138
0.7096278739369964
0.76791250522507
0.6576978634277828
0.6333030483629776
0.6611249116432255
0.6634680277800273
0.7856368567468768
0.7771336103337522
0.7018432107009714
0.5797374925274564
0.695642633276769
0.6812364678771042
0.7536742085064414
0.760867893380751
0.7441567280757151
0.7195994256191206
0.6838991392618656
0.7951065748918443
0.5587698735039439
0.703749843099369
0.7577217745936944
0.7265293065734684
0.7736044810080633
0.6952351299076539
0.6791536655243718
0.7931230404046858
0.7092871117584204
0.7870193709908083
0.7451974678014692
0.6693284994560573
0.7818966018846398
0.7086370273904529
0.6877247469463071
0.8627018233106882
0.6241490930191395
0.7050714650616625
0.6869346596858403
0.6838228419090403
0.6533625056687369
0.6392825677412649
0.7771449919068832
0.923169105619775
0.7637863832349896
0.7255593376338583
0.7323293088366316
0.7385590000573169
0.7372537013203239
0.8209263202121444
0.7844786852993706
0.6733077570676903
0.817440433656325
0.7365957863494704
0.7511819900057405
0.6281378352650793
0.6017453012598891
0.7033061050118433
0.7260851999067747
0.6590212890321316
0.7289228070560579
0.6543058015008415
0.8240461413667852
0.7013445335282972
0.6833663699208883
0.7668466912962862
0.7548477924214931
0.7470388280253403
0.7934875847557054
0.6710353279242526
0.7508537293371076
0.7334577955510104
0.7553295649142515
0.6353278310374392
0.7110068511648902
0.6675893632969453
0.7836769405127763
0.6984914181948381
0.6685285469672994
0.7367602514140678
0.8520261273649847
0.7524869624599793
0.7556596066684017
0.7681580731986077
0.7479869510381115
0.7681655513863967
0.7079919845132757
0.8544186901092236
0.7868162882422349
0.6425589150295077
0.6723447863551653
0.7117399246843418
0.7586523810309674
0.7645115034603058
0.7842789232139423
0.7404987194810742
0.7467965827701508
0.7499799470867172
0.7044675371957659
0.7834978501619788
0.7248930926573784
0.7632961581081511
0.704010347818036
0.6490295297956323
0.6193360728275743
0.7409630396409146
0.5711212294822426
0.7342559495508819
0.7555759962949636
0.675358038110132
0.7188442896346436
0.6966089499037597
0.6903190801654399
0.6728905511464244
0.7789586494341498
0.6748296168356601
0.740736808314559
0.6732625107278144
0.6825579956461404
0.7631959353203479
0.7259592913736094
0.7443605031461203
0.7705995278739236
0.7065341260878316
0.7643607431414721
0.7274971268319546
0.8689816948720808
0.7347632567019907
0.7181747930706863
0.725052121063354
0.7286397650372585
0.7826026087452128
0.7148370570301409
0.7299250108279236
0.7975637675217251
0.6926800317107874
0.8008522326999333
0.7482094112664657
0.742604229752218
0.7247043272587541
0.6540939843287937
0.7375239672091236
0.7853230207938413
0.6140243340530729
0.6623004528131763
0.6951398843032125
0.7839833090062097
0.7788098930474724
0.8128134236997555
0.7081297023452565
0.7490774331742667
0.7580422454226473
0.8699572520662182
0.829150455616803
0.7648666127546088
0.819409622208025
0.6999930432004494
0.7771668206577413
0.6488953384478171
0.6616247717704021
0.7167521171824014
0.821641771586201
0.8123274578816707
0.7685932304118936
0.653448348802651
0.7172356162778134
0.6727183603593755
0.9556258824337435
0.6885854136896533
0.7148823065443755
0.7325162800793954
0.7504872220155597
0.6858060932086115
-0.16622912473298787
0.6573691007483653
0.8045474427060906
0.7156304922437737
0.780880229515907
0.7194478526363708
0.6729372593711281
0.7180294142876976
0.744261844448571
0.7893698228309762
0.6179682994458094
0.6915434359047868
0.7126561416461032
0.6865585726851914
0.719008538940786
0.6790495947934364
0.7218933551921003
0.733051664268596
0.6592603081566222
0.6616428868406593
0.8310756327732777
0.6771610920326879
0.7348906057342558
0.676176352367482
0.733761921329372
0.7606702983970881
0.7325297581717922
0.7036056783391359
0.7800809879222774
0.738861821390876
0.7781174374693933
0.8495889993988439
0.7429418703443298
0.6686471269350411
0.7244821229706865
0.6746512181711809
0.7794775205161029
0.6564724063670629
0.8228042897105204
0.6234483633323357
0.7138976502077164
0.7032280938345705
0.768847906878064
0.8382568960546802
0.7695189772411293
0.6857496246457729
0.693520841157366
0.8527562964018256
0.7640630951361693
0.8175613572841647
0.7787663165304443
0.7790541809066612
0.6801875766386883
0.7144053559950359
0.7294292578769276
0.7925967256244744
0.6527394605935363
0.6756320909984788
0.7241932239156822
0.7129440464516685
0.8106985849773721
0.7693297879715655
0.6181038896035744
0.7308053529538068
0.7674579016561459
0.6922971971126898
0.6658504831590655
0.7765214397144624
0.6732983408749078
0.7949307399470293
0.6405305651732439
0.7451581281664235
0.6470479218373226
0.9332715740891055
0.6929790103041652
0.7678551386341855
0.7564988670647044
0.8779528738057014
0.6930240082049768
0.8396610722712777
0.7210301552725529
0.8466390284254712
0.7253107687982698
0.7544099479853686
0.7164131426252925
0.8438262147409215
0.7769078393468379
0.6120400879522369
0.6157316805487693
0.7463126654964956
0.6425663091046633
0.7201101396219222
0.7897414604550578
0.8153819046667945
0.7599033056272734
0.7572032199169367
0.7739111054225662
0.7663010866238189
0.7468590825868283
0.7938280072051378
0.7242916477845222
0.8061035824289846
0.8186822277287568
0.7025076568325779
0.7006649614477475
0.6498672186559793
0.7465647581668384
0.7994902274249135
0.7203503380952014
0.7251029387329978
0.7093280608713318
0.8269066294305034
0.7837554338313897
0.6771902316645594
0.7314622466068459
0.7027438951246469
0.8000989928825305
0.7032960010056248
0.7379314691851754
0.7050990730017486
0.797531166372964
0.7511543760719605
0.7420680642509461
0.8106331912338846
0.65607524680164
0.7369952563299376
0.7220232663645173
0.6815449728812921
0.6440131938501459
0.8279389801433324
0.7385995992932222
0.7452658486801071
0.7448053403444713
0.8121893738337126
0.7269501691134458
0.7199405577173452
0.7764192316271432
0.6959581100142753
0.7114803087938877
0.745277098159901
0.7254662902392651
0.6533661882322505
0.7345248759693731
0.7149995156714357
0.49332724237942926
0.6917964976311857
0.571580536372499
0.736228952797372
0.7404326054323851
0.7384234051830433
0.6607498035222691
0.8536134371675301
0.5941642054832984
0.6079069730859361
0.8187674559082991
0.8140362486523572
0.7131273731047134
0.6441097156211747
0.7470490138500049
0.570532367057082
0.7931123782697918
0.624576364156657
0.8158885917999239
0.8027262750899865
0.6992469875615955
0.7287426107599116
0.7800149451244651
0.8176287517808284
0.5970658401508979
0.7241528015689849
0.7559481272541821
0.7317445375685119
0.7812318014869952
0.6395887762837376
0.7484762215385685
0.6376109721562149
0.6895295159932652
0.7721933354392689
0.5708638431373625
0.7695044144623407
0.7110187074427755
0.6352904539821793
0.6298674351215644
0.8240560309550746
0.701689188249135
0.7721432102211937
0.9066538525017412
0.7043008935224643
0.7618712837731116
0.7888823141217649
0.8602614080462898
0.7094411628452636
0.8180358954716872
0.683360850124285
0.896411626898019
0.7628776137780593
0.7072952729195189
0.7752738820714752
0.5940839286300607
0.6916932202224277
0.7733216300621205
0.7440636949131618
0.7890459143122909
0.7859836456916703
0.8368583799092694
0.7015365471485825
0.6682203765017786
0.7072756751583861
0.6851760067163006
0.7473727290781402
0.6876771293003555
0.719187252609005
0.7902459886452183
0.8369915836867909
0.7487526542232362
0.6854565220074434
0.6968574937110058
0.7273004317175811
0.8350930681428698
0.7881826527555307
0.6622604373941354
0.6550553213852948
0.720090603438853
0.7535977646892729
0.681423335586729
0.5863925164375318
0.7760694834099626
0.768381260496976
0.7190493593881051
0.7108228686549621
0.6967298259781194
0.6184266958787579
0.7289251267273792
0.7085581396561996
0.7259559462335646
0.8282367149513133
0.6718660913252049
0.6737505238676142
0.700989999335276
0.6894364610205925
0.7694078611938702
0.6865935549365797
0.7217905895612972
0.799942576089264
0.7243448433742868
0.7472551253580997
0.8169187706550218
0.5673694827332242
0.8136734105959954
0.7057541954488142
0.5593533493926613
0.7765950171410836
0.687191820603228
0.7511047290269228
0.7452132424804606
0.7386807714970943
0.6039352031940911
0.714554263731886
0.6474042334849125
0.7839653708853103
0.7293573094169818
0.711541832780738
0.7575075238702939
0.7492166161195513
0.787258321990897
0.6285088172784801
0.704535361114111
0.7317081542182208
0.6834916622885481
0.7526322221222956
0.7772672878756471
0.7440759711191199
0.7548908574130144
0.7038207205549498
0.6461692693229097
0.7238347190023942
0.7664377214096489
0.6602958356508616
0.7114785244449306
0.6759016978696799
0.7735291498961261
0.6822536626869482
0.8418566456973509
0.8059812429133137
0.779048162752563
0.6817945958733507
0.7219608403582112
0.7283158392677067
0.7929451797662794
0.7887423384535168
0.56730058850101
0.7888181201633501
0.6269276919719966
0.7730783279427242
0.7503015716025361
0.6616149666458626
0.7646624359874097
0.7954122934183964
0.8037022327201045
0.6832495529555009
0.6826696266077809
0.6193829385466548
0.8447633420862701
0.7200318681560464
0.7371420488365615
0.7263155063727906
0.767460417417595
0.618126122027952
0.7821559655711723
0.5818064499836724
0.8196277524441014
0.6972920441088757
0.6610463941447952
0.6294114419855479
0.7089025536037847
0.7960429841083257
0.7597080537911327
0.7118191267727325
0.6226405471288808
0.6976083962956982
0.665210594978482
0.6328384929757908
0.6771580801217135
0.78943818597973
0.6929915228999834
0.649099104746914
0.6725939784970338
0.7085649998493854
0.749796776648396
0.7178820993861263
0.763787173963456
0.7322266404386043
0.7894840475004652
0.7365806371252056
0.6438148378889402
0.7580065605310407
0.7155443956228125
0.7219916268030298
0.6201524650739224
0.7832893550578636
0.6273144076354813
0.6482435285568277
0.7500072478668467
0.7291689842057929
0.7306549953770434
0.6994554114147102
0.8255734974737452
0.8624558569516282
0.6656369924005352
0.7391217227014911
0.7122301638450157
0.8952571109732227
0.7177873951608985
0.7412726122951081
0.6374352809227951
0.812877358693322
0.7846008183938094
0.6236066949760924
0.6453850486682369
0.6980431490494926
0.6716458840946528
0.7678236650564539
0.6667999244294338
0.7871928883917356
0.712382108646575
0.752109916931959
0.6495245011442864
0.6492806756675401
0.8130020094687468
0.6771559493230593
0.6487469013696093
0.8822944101999244
0.6819850333795906
0.703723869906928
0.6136861371324791
0.6499550951229424
0.7252433129501472
0.8206291632867121
0.6699177415572785
0.7404021102735618
0.7039539547752875
0.7747813543387518
0.8209815500190724
0.6989120853999097
0.8235016672153632
0.7124661800119514
0.7980140686954923
0.7510948019327788
0.6847211278643514
0.6015137124822246
0.8525714994670552
0.8721818425989173
0.7176341943710327
0.7893295972761499
0.7157226885778294
0.6536450603669527
0.7242157606689694
0.6659487644189849
0.6596879682773835
0.6297452527334519
0.73306509269387
0.7121228099033382
0.5333492465673181
0.5977694896421579
0.7506485357039234
0.7254623345420256
0.7758262935469074
0.7737943500597183
0.616993431416641
0.7266477306165882
0.747252168570233
0.6803152685724605
0.7312983196800914
0.7152406093251406
0.6803334541406888
0.7473659215175971
0.837307346297965
0.7129395853548344
0.7163079624182265
0.6444486404768918
0.7599553221160745
0.7141927206064508
0.7618846113563668
0.7168674814381163
0.845518282262747
0.6633629695845285
0.7389545582174252
0.6390061061974627
0.6262066948119095
0.7685727588574516
0.7354031541992302
0.7628455775090364
0.6507574472191341
0.7900420694195733
0.7366657532763071
0.7132068747047633
0.6797969768367411
0.7245261048745458
0.7421952718247643
0.8045993773049982
0.6776466386255768
0.7357185687874558
0.785306878522427
0.7181172370638622
0.7917953754725751
0.7707970999488866
0.7098412197080259
0.7956596930788651
0.6567300540547135
0.7427818873583891
0.8524836930623741
0.7688985228669916
0.7134211043365251
0.7012266267376298
0.6786570031700138
0.7594846819538266
0.7779688029368439
0.6482111390993449
0.8324742798482088
0.769486842435914
0.6855267331362541
0.7728246676112516
0.870503884587959
0.6933003115938252
0.743559623689505
0.6295264572735955
0.7152615164615433
0.6723084735200602
0.8231358398208453
0.7121192876749041
0.6274847774225444
0.6906332570871446
0.7296248347674148
0.6641472184811641
0.7381440738128777
0.7311043183701305
0.706703028976969
0.7739871021070598
0.7659071215016036
0.7440847430829457
0.7448826189206992
0.7714664724830343
0.6943449116255059
0.6837214353482405
0.6367624516136997
0.727988407539887
0.6451800284301069
0.7196375629166272
0.8537719831249
0.7556044472969772
0.7069901519635121
0.6684981472587112
0.7111976416662742
0.800911176519438
0.8610585106184839
0.789924945229546
0.8227792553170813
0.801369591078838
0.8465471471278795
0.6984748787942235
0.7107731408181462
0.6789493360978373
0.7448614683678799
0.7914129285675353
0.700372713851205
0.746952521645569
1.0360265730118134
0.7676541175355942
0.6506479703675964
0.7736803360608977
0.7121452586633993
0.7869746487196718
0.835314928203838
0.7499084640672568
0.7129663981242597
0.7089480419414278
0.8566325555995066
0.8157833215746116
0.6893062154668302
0.5829226098261032
0.5954934380945496
0.792259812697978
0.8278507407089466
0.6573336993660335
0.6760560204044446
0.6559226150916668
0.7144549077594107
0.7274825967832813
0.7095492518382837
0.8018521101012785
0.7283606429582111
0.6889603286731307
0.6187883321761737
0.8074476001164533
0.6809340558415319
0.7557573547345835
0.718900767098177
0.7871619213549632
0.6160202410383446
0.6676267250377796
0.6834507489218251
0.6759206667640875
0.6835783745553566
0.6640488919926314
0.782704010517824
0.690170472619195
0.6871825605319358
0.598403265853323
0.7775855406437948
0.715305694462983
0.4603333067552534
0.6281340016957504
0.7732102215333254
0.6611225533844636
0.7398362836420531
0.7836802491475992
0.7742255591846499
0.8306834589045152
0.7667228220685625
0.8491699259732873
0.7028209705389831
0.6159321367934842
0.8042633637095864
0.6221976407059178
0.7706811544118422
0.6867456135439419
0.7576059662745855
0.7122492912998787
0.693315926040719
0.7476098251356305
0.6677920106285374
0.6369028429794188
0.708508414818796
0.7396758510862842
0.5790287996385678
0.6512462974507943
0.7539899693402319
0.7517547174415105
0.7745825889213851
0.8601571062356244
0.8514084777742725
0.7172029316632892
0.7332357776678573
0.8862494320263083
0.7887722746798747
0.7631284769443889
0.6936499463207245
0.7564180358530571
0.7442113751180446
0.789213419271533
0.7718434936398122
0.7457135398388395
0.8113514626760823
0.5934674467023897
0.912876479600332
0.7525700928329774
0.6971558776383188
0.7675904556588461
0.6993128291715068
0.7058721464884526
0.7033299795731239
0.6359277685268268
0.7317861141589725
0.7328670010692327
0.8064285555674177
0.7427185611524252
0.7497828770430018
0.8672774310030448
0.7202275869927202
0.7828898964403457
0.6303022353081179
0.731616583250108
0.7733803258835804
0.7817893179917877
0.7440454610765336
0.787647257014443
0.794538567219323
0.7274367937340386
0.7104093201623414
0.6150662564101641
0.8060982444464236
0.6337360926584967
0.6857518686378307
0.8295082700210411
0.7759925872025868
0.7826899506955826
0.6920909486139605
0.7159715153112222
0.8356614551681079
0.659824845050724
0.7312475359203072
0.7554291240566491
0.8106672607753125
0.7437860244454201
0.6671271495920659
0.782190198210673
0.7729615914838482
0.6680555726100449
0.7826120350010531
0.8350768342959634
0.6045069677271928
0.7790416044347698
0.7136918619504599
0.7702376980650667
0.6285634470388356
0.7880107008007659
0.7696397644299015
0.7926372239379351
0.760612116376852
0.707363182705993
0.6959965476032582
0.8037872176560419
0.7572644471457172
0.7475038931167055
0.699879966952674
0.7131275564373551
0.763234417216258
0.6451612062842834
0.8321745319974718
0.6542694162696043
0.680041797950277
0.7793881763348591
0.5663275502055454
0.6985076574684682
0.7911037128182199
0.7859938221015815
0.8417575447875422
0.5605923452000904
0.791099611541323
0.7636219270334457
0.7729081774660803
0.6822868041741592
0.7826566502346409
0.761997312661663
0.6837976198422133
0.7439428956328302
0.7247146184806766
0.7126805306401452
0.6632109445967499
0.7738146677028486
0.8280365424981269
0.7139166340852863
0.6755636336183728
0.745097998288253
0.5844623639931893
0.7921854446463784
0.7804409590336501
0.6538286466333735
0.7502233722795948
0.6613416314272662
0.8018174739675481
0.5880090410939786
0.7478541280654302
0.7054604744604259
0.7893796426065268
0.7142960140075011
0.7260094624108178
0.7548674049556112
0.7999278932932616
0.784005862347416
0.7001595019513257
0.699989223312215
0.7008040675209506
0.8012691603077502
0.7241976333833599
0.674309106312147
0.786085000857651
0.6525671014245282
0.6865626211706098
0.8172262415380565
0.756341877784324
0.6561809417404012
0.7021609546161643
0.6950000645765978
0.6882737035679014
0.7482706365748203
0.8478683102858557
0.6673573475516229
0.7123858682398038
0.6840304229681795
0.7885983507472906
0.8166887898150447
0.7651374790302337
0.7484042550572442
0.7399262330470848
0.7145353969845665
0.6603773223185573
0.6578945679277842
0.8047445894563812
0.7395283758261397
0.6176728576958824
0.687254813722869
0.6834891296283931
0.8671067065042486
0.7752582065255543
0.7298964623115433
0.7179013433232184
0.7298260235331661
0.6845110637580171
0.68192274605254
0.775431491372033
0.7415005719068107
0.6704846609427307
0.65818584857756
0.8861470693775879
0.7886535616556453
0.7096410422734202
0.6645093738027745
0.7665236437995284
0.6908346043650424
0.7383882744438681
0.5648766352540476
0.7317255833262507
0.6745476562913653
0.7825672034897272
0.7389181255733448
0.716610634969373
0.6535362000722315
0.6870336008222798
0.6792227192301263
0.7363383934095349
0.7923910214967314
0.6988961686509341
0.7958807267229289
0.7932089115173498
0.6919220027540901
0.7285039420532837
0.8893973051486679
0.8585808528225576
0.7244144069831641
0.66904390092735
0.7280246030581204
0.7034875299979947
0.7157999282111174
0.8162496803175772
0.7310269561696227
0.6332064674155268
0.6925484712733976
0.7919339343679559
0.6811699061026589
0.6928793691209011
0.7262200927216561
0.6516124764611826
0.7783560016139619
0.7302369563117731
0.8074061926345176
0.7851891793125747
0.6630011358819526
0.7564471934889738
0.771577960667644
0.5276701416395936
0.554554563281913
0.7842894613371397
0.7986380734431481
0.7375836890786709
0.7435898747331415
0.7003068306480557
0.6803016945356429
0.659877958257445
0.7410972123956754
0.6840444079673998
0.7503518437345267
0.8525603814357485
0.7695356760212764
0.7211544434627958
0.7626228172893561
0.7524143957142857
0.7346009835394414
0.813030387158622
0.6615250569688979
0.7716700201567391
0.7334924065810255
0.8698590115095927
0.7611491751516655
0.7835530092200271
0.7140857083611707
0.7277111203665094
0.7164726190965934
0.67378077963598
0.8486658915443387
0.7959972032216407
0.7411351343816296
0.7442302679030682
0.6602880963619016
0.6608957388270903
0.6405484995837034
0.7914268441866474
0.7415593238836553
0.6279658791142186
0.8033961753931477
0.6298027240978424
0.7154655605143257
0.7533362394291784
0.7732638077503802
0.6474346745791021
0.7348696398838446
0.64726605453225
0.7703615356424937
0.7568859992246699
0.74863269892166
0.6438472047907942
0.7078633633683521
0.6404628490898364
0.7264060702612859
0.6625222949684137
0.8411789231542901
0.8223845414321415
0.769910610086724
0.5964147954634825
0.6919731456505841
0.7387761724446409
0.6290630594979226
0.7114369533994948
0.6374628553286189
0.7236128989418069
0.6836966586580208
0.676729547457525
0.8620887251434023
0.7655087822196671
0.8056057549544886
0.6942531082155183
0.6516767726860658
0.7453830090836362
0.7224768146204588
0.7188986025605121
0.8083736574708125
0.6133323805571048
0.673138912831459
0.818323026190596
0.8566674235799506
0.7278668824423465
0.6714336035259394
0.7108811824624844
0.6429368334480094
0.8072619180626395
0.664426720683667
0.7154501093832981
0.763047833528205
0.7236163602511082
0.70034923667638
0.6639854317848474
0.6896340746806051
0.7387682623707553
0.722422103565249
0.6937631478658773
0.7033175148822057
0.8280752850425971
0.6930360445218806
0.6504280121100116
0.7054125596530841
0.7237274774158491
0.7186640717846626
0.8263577361752188
0.7697356440255537
0.739888003586629
0.7257847412195508
0.8126728497799739
0.7050518503811896
0.7051339573572964
0.669050750773978
0.833550414076646
0.8514422356430116
0.7483865564239163
0.7799155312723005
0.6940336345259807
0.6928301293343749
0.6805704511365107
0.7417357586636746
0.7024002561144327
0.6773662928308806
0.702080519311456
0.7559556316851138
0.7266903803320626
0.6963638991477679
0.7103428969085072
0.7108694925313908
0.7282117125867786
0.8300303658681965
0.7586802050792094
0.5482552732428242
0.7806459036008023
0.7250153329306982
0.7008122773218656
0.7076967535063926
0.8400327273048539
0.79207419178761
0.7727925479445719
0.781184169348233
0.7435857433058384
0.7257966663927913
0.6131629274067615
0.7777410617319566
0.7911064702167546
0.6126764556305546
0.7422804299339465
0.7397057747187847
0.6861976745782477
0.7550351775974634
0.8061542557992629
0.6981569232131708
0.7921447221062893
0.7173768301952796
0.6481351130140873
0.7233150929049476
0.7201737779219254
0.7536688454393015
0.689830582367582
0.7768616084895447
0.6098401726305119
0.7939847040261963
0.7284546722616938
0.6008740709488848
0.7143845342387506
0.7747077116981224
0.6742870567984593
0.7829127311874227
0.738049820973383
0.5958139397513692
0.7543613330636348
0.7525476899922534
0.7607178711365316
0.7881568811866897
0.6752261045029077
0.4709450101596669
0.769871974997486
0.6833748598580396
0.7698848442626353
0.8038018263269431
0.7032893594123893
0.6677260553556784
0.6470185224089929
0.7050818325697537
0.7355653511412813
0.8025217413334949
0.5862591393585167
0.6500912272779298
0.734062030253373
0.6668349205750127
0.7027388005541638
0.653950644650494
0.6488401951143342
0.8773643931398233
0.876495368543877
0.7352123909631839
0.6477442828593504
0.6766793293215603
0.7390423422275251
0.6641136220751911
0.8365220641389648
0.7236473553596127
0.5197278595140021
0.8145750035700949
0.7670583779110011
0.6932462804872853
0.6289053583307008
0.6932730664168586
0.7867981772864394
0.6265625487933798
0.6598626599976317
0.6635757460315957
0.6895262033339299
0.7133576397517739
0.8478476204470291
0.8227788058854649
0.6595963456984983
0.7737342514638579
0.7504984309551621
0.731495520164807
0.6937244414143907
0.8077747233004655
0.7259072289411297
0.7583303549991871
0.6901561661662049
0.7708439843985017
0.6945387478823221
0.6117797166634965
0.7649968543347502
0.7722586166546581
0.7901834059045824
0.7389876753877406
0.7297195651842227
0.8040423390192065
0.7458684511182447
0.7404817027069629
0.7300684174123573
0.7484070092936302
0.7346184042467607
0.6730560475759486
0.7117916523483788
0.7346407845144546
0.6835835104480815
0.7760604454969451
0.7931345788177209
0.5729618815668047
0.6660420936475419
0.8220472461300126
0.9100386895888904
0.556248405631426
0.7061816122169523
0.7448950161054032
0.7764486745467409
0.779895881733125
0.7818086495964175
0.7296889037938162
0.7023868188077101
0.6559766738419853
0.7731201125055129
0.6345738457687217
0.7890589434398799
0.7802266443064991
0.7160961551076519
0.6442207683133471
0.6942703401504592
0.5974521409751655
0.6318787714366018
0.5868787612305394
0.6887897391181657
0.7777804427769561
0.7890905795836213
0.7703132204882542
0.6991365015137136
0.6483812837512679
0.7694330782463774
0.7805371436409445
0.8657422933479269
0.7724613919173258
0.7930659422330479
0.6925367497503142
0.7295259717590147
0.7775713594377052
0.6018709782259513
0.9044485543210288
0.7721392502993168
0.8192218045021902
0.8707222632244058
0.6278479017387603
0.6705409179699258
0.739388843146006
0.6838557233950289
0.8256300474217079
0.6796072334681758
0.6952937215413331
0.7779477342313091
0.8092940068465804
0.7380988436485634
0.7097647320601098
0.7295377370347154
0.62150571637952
0.7534247777310262
0.6827478219764761
0.757776089136309
0.788171756874711
0.6872298435714985
0.5579776238547428
0.7641347885132996
0.8123747376568652
0.7651495600225907
0.8539191408459317
0.7390492767838175
0.6935886989416283
0.762529627799813
0.6970244712305599
0.7645213190563023
0.7608604491702557
0.7431766410707757
0.7137439999827868
0.7330813019701614
0.7477776000198975
0.7053934427004417
0.7264498272600688
0.6403413952449315
0.7894051594004567
0.6695754541155952
0.7189543939137369
0.6636339651560466
0.7905668136884495
0.7765559073137364
0.780287362957839
0.7464222471031817
0.611478054751753
0.7402796787428233
0.7809194311954448
0.7727805439671238
0.7416297412516938
0.7093694177869083
0.7152496980625689
0.5748625642832753
0.8331810116921348
