0.8036579647053849
0.8065717036010419
0.7014164769784287
0.6736236119848248
0.5393606920485761
0.6952879064024895
0.5994609776374669
0.6836977405462834
0.7105180226674559
0.6604486557588739
0.668856765411639
0.7456560098621164
0.6754490619984715
0.6685311100970831
0.6554911079403086
0.6296447005252434
0.7118667088573327
0.7255241184386456
0.7638711944471007
0.6641854725133743
0.7052466435753081
0.5813918024730276
0.7332059776181608
0.5693502244615277
0.7489295056514671
0.74489440153062
0.6020952384945927
0.6107554953694759
0.6395798919759472
0.5912252330546456
0.6366900619680913
0.7863235575826214
0.8264454803730211
0.7030652103090804
0.6971392959230098
0.7245523659900085
0.7351035980860405
0.6260522949286624
0.6783428085360318
0.6828287399087354
0.6293015606512756
0.6206183936999277
0.581670058140537
0.6277184313446581
0.6339010653499433
0.6236880320989178
0.6710308988391592
0.7468826170566394
0.5783664876868908
0.6156187951478707
0.6785551372167284
0.8046801611801055
0.6550374173566285
0.6757124274981713
0.6144686180556325
0.6232114999380217
0.6791913858180084
0.6080062995454201
0.5878689834705177
0.5477249416091762
0.5816538549139336
0.7011856142898962
0.5871966743706416
0.5675466121314939
0.6799670839814368
0.6637849043097339
0.6556028624618373
0.7314643422321497
0.730299613621116
0.795902459731671
0.6454849791340048
0.697872382860868
0.6762681432394527
0.6236163955229125
0.7629772928569233
0.7990894629508031
0.6484030612998942
0.606583698070096
0.6665443205471879
0.7800080724512831
0.6908665907644906
0.7253720343204151
0.69725110025904
0.7282813594914064
0.6921631494325723
0.5435547054784653
0.7654472188015212
0.7168733050109896
0.6117657036766027
0.6110094659307598
0.557722267183513
0.7243377294336494
0.6125911400279345
0.6921935603401924
0.6565026573713783
0.6964472903521077
0.6084324145613702
0.6293603368119953
0.6479863389658143
0.5923365742914294
0.5977806443285651
0.6893702218299261
0.6151170624984741
0.75415976316055
0.6614525080142579
0.7570856563709958
0.6306436372368421
0.8446960101047813
0.6793478468221382
0.7234783935957754
0.6156396597770482
0.5928529001680164
0.7465734172185678
0.5680488315546709
0.6472373673170969
0.6037861790997073
0.6507177493173188
0.6553487607088501
0.6908390071225433
0.7626429951810461
0.756828510995881
0.5248022809584734
0.7480236041612136
0.5827470719564912
0.6525493137812233
0.6454120030486444
0.5937605216777057
0.627097129849319
0.8586680998832997
0.6805624006332095
0.6115512228201178
0.703408602882872
0.6182951533375471
0.7329646437568111
0.6798805203699364
0.7062215727275903
0.7209789852995886
0.6611579212452858
0.6989153896817853
0.7816444846898356
0.8941088872584937
0.8776755459007918
0.6380353551727441
0.5763538451608552
0.7605862432757045
0.569304654494001
0.5663272730329123
0.7499725672691095
0.6583145053862088
0.7111955056526034
0.8162039060809009
0.5795340630324345
0.6373947838996499
0.5911949730556245
0.6164321278418055
0.5890031718072835
0.6840874215294908
0.6896794565975767
0.7439986963602819
0.812845982804453
0.7164936740725782
0.6389493347863867
0.6118618324095613
0.6512404782430982
0.6241766747691214
0.6243882303765013
0.8686311444144041
0.6812536974827753
0.6356852709806298
0.6719943367932392
0.6502302117252915
0.783124820026596
0.7013670824016298
0.6525605813176605
0.5242453053726881
0.6892209066814973
0.631585246584886
0.8565874070050737
0.6525862904094945
0.6748031718647695
0.6918756765801352
0.6152613624822033
0.7336240101421618
0.7355258160054887
0.6643834145749815
0.705448974570721
0.6993449326692489
0.7618396576985343
0.6892477280870192
0.5618836471534854
0.6917013783712016
0.6729673903246227
0.6305492921038663
0.649982182197359
0.5964252189947769
0.5059652529462945
0.6447811507707047
0.7278730174515631
0.5125061668181429
0.5896376337804576
0.7275793186031642
0.604514352395102
0.6738127989369398
0.7013612358817944
0.7598998168227716
0.7964981720468124
0.7018481373321928
0.6229822681035496
0.7363651081961625
0.6816378224354847
0.6477470331741214
0.6849985771531197
0.6877550536464796
0.6609505844189189
0.6950525890478175
0.6806753930453712
0.7020750199232606
0.7334786043154593
0.7035676170510812
0.5477144470384184
0.6646346286205012
0.7417048026028701
0.7216711643694804
0.821360301291469
0.6518076010418613
0.7483319170254912
0.665528310038352
0.645902016225442
0.581477893162605
0.69944121384644
0.7653545735479437
0.6871936508412468
0.6185846426715271
0.7334563649846794
0.6442970850624615
0.7154884669471123
0.6736480758612441
0.6786776939989445
0.6906824064766682
0.6262828808500029
0.6952148608631896
0.745691377465676
0.7179689379973005
0.7537508475946028
0.5884292738321396
0.449810435581487
0.555416115404836
0.678201940947615
0.691554493994254
0.611113902382516
0.66243234884729
0.5572358976543913
0.7079101180338193
0.520286716552199
0.8429537147240103
0.7457069140932858
0.7370669592563382
0.7809733537970844
0.6799302950985749
0.6056291236616591
0.70608415840754
0.7348094878739551
0.6488925238817972
0.5625445905175153
0.7789115266493521
0.64139846702485
0.6242601922819176
0.6015121663118491
0.7289585570637879
0.7517987228955972
0.6591858084370301
0.5717314779744174
0.7133118785389245
0.7159395994186682
0.8017895616902528
0.6825876699870523
0.7639828315664483
0.7351942261222023
0.7533727517808917
0.7421135957868065
0.6099608198031085
0.7128238647933556
0.7251781671704207
0.5449599751296853
0.6405616255428755
0.5292605839216725
0.6091547071049012
0.6495459620722486
0.6851771164522297
0.49335078199530347
0.8445165878605592
0.7808739122185016
0.6388715121891881
0.6287060212450755
0.60303047314111
0.6686911649348025
0.7133748569559893
0.7450462714639897
0.6959256852733253
0.8779832935943088
0.6539475074128278
0.6969186429260213
0.7033939200364606
0.6917870151357898
0.7391697432364515
0.8046465038897762
0.6759408998688219
0.6908762041202009
0.6531832916881443
0.5687732480970584
0.6865724657534877
0.734222946014317
0.6859305056087079
0.6659190966363434
0.6302821031066363
0.683373459451182
0.5593785768603948
0.687306467402449
0.6632262192757836
0.7399580849806691
0.8158009044990852
0.6594400907644016
0.5676216094116215
0.6884597391006873
0.6852470574992078
0.6506079440307985
0.6097285927074799
0.7291714738445314
0.6520166079609618
0.5804905247372432
0.7772201238598796
0.6784693434704722
0.6971137600705796
0.5430860644944733
0.6844978613060779
0.5742394626948468
0.6350483989267909
0.6506751086813232
0.5617669499428476
0.7293696117361007
0.6674455494407443
0.5861041231773229
0.6625960160442249
0.704500161396228
0.6274354174946718
0.6625225166495553
0.6542699467661827
0.6075117548020937
0.61819529559468
0.5303656631778407
0.7178033713232507
0.6670120134704295
0.622000002046357
0.6468525952245702
0.6255577918515974
0.7335331815830027
0.6921237414762029
0.6399903165556009
0.6772387660282491
0.5980413421871353
0.6744263276933261
0.6782617426158001
0.7317877020172401
0.6421063409744898
0.6750933360152997
0.7119350420728727
0.648361472435778
0.6411131681647969
0.6913267905787235
0.7944748808607095
0.7033197649120181
0.7249407007968909
0.687011362568411
0.5600110059107211
0.6886760686242172
0.6326031922240425
0.619265837410085
0.6991140221753335
0.6570455801909648
0.6978210939352593
0.6301199014856537
0.6125961197300287
0.6541220476060583
0.6505837378735491
0.7991813865176361
0.6538016859426397
0.664533781569559
0.7221051121046735
0.6578474942625498
0.6527819507261993
0.6851756248395106
0.6653305676214675
0.7452329352119245
0.7443228970718024
0.738458953274562
0.7354853555678721
0.7393206203672026
0.6424232733829243
0.5677108401276173
0.6828639419929229
0.6867196183423236
0.6582310285300715
0.6400801881730998
0.4864200978391076
0.6947415577939042
0.7628342347569514
0.8246029121390156
0.8151450728918541
0.7251296273669657
0.6077751974675808
0.7729451820914545
0.6268729231294636
0.6765858901039912
0.6499965592576139
0.7188298888714408
0.7664739725259146
0.6058354908450472
0.4645267619484863
0.6766644580090988
0.7679387451037
0.6901322842921621
0.7622905028266828
0.7645548861681458
0.7547556985170655
0.6525522078901373
0.6612048806064545
0.6105341105045251
0.6209717681275593
0.5521816121987696
0.6694438425766549
0.6708601989678732
0.581504413719751
0.6490742294665147
0.7681268401780107
0.581153420121217
0.5167086157400187
0.7958515680538493
0.6706923413275395
0.6129458151925447
0.681974262837788
0.7236202029087124
0.6916786385003877
0.6770115702244092
0.6561081400704118
0.6897412363928005
0.727899121349813
0.6942702936519676
0.6801542547552801
0.6455348804902337
0.7895936546898811
0.6735070713308424
0.666361624720485
0.7031949049290892
0.7009075691419628
0.6333406077784345
0.5794886965829876
0.6325576709011635
0.6941135017410945
0.7635029288348627
0.7042582477894147
0.5260062032384561
0.6927965061197608
0.632728226362364
0.6413228361042478
0.6202152293398875
0.7615533678107672
0.7003666220233834
0.7255822496503038
0.6584258287852205
0.6368900313356803
0.6771487021952256
0.5751631820405283
0.6148209401209641
0.6881949474138964
0.7077714546232978
0.587238407861769
0.7465695940215781
0.6115654337456977
0.8339722164077716
0.7413990105608704
0.7003910648798658
0.6078341192230605
0.7345276628332926
0.6923926818471057
0.6639857002745864
0.6145895205787913
0.6836415455795487
0.5792882683238813
0.7165261505365711
0.7203465956792683
0.669499397167192
0.7190803630115082
0.5797354868007043
0.6149179706595927
0.8439126125143815
0.7192684677485257
0.5725131540392279
0.631537998911622
0.5947859204904269
0.622538314228303
0.6046391591451655
0.6773997246877831
0.7391152294357564
0.8438053645614613
0.6654318658559586
0.6007335199742044
0.6861234482264379
0.5607700264345197
0.5529472814070004
0.617765467189797
0.6472764375005705
0.611261426479079
0.6634707798274495
0.734561749935498
0.7765859796677729
0.6768110158598651
0.5883629758660871
0.6487295455087189
0.6334066061673387
0.8174203030197817
0.733964406752467
0.7458608603661171
0.6776723186121858
0.7719738477066077
0.6684787524527255
0.6300637421303676
0.6849475454307042
0.7243173089209799
0.5741238567119908
0.6030857214889518
0.5289824497275718
0.6834903581955069
0.6912178347573006
0.6614715493486921
0.7478895244865843
0.664362029084364
0.6740453686043625
0.8600196035604333
0.7289327380723012
0.6215501549820179
0.6220185070986324
0.6981028468107537
0.5990970803979354
0.8408372089329184
0.5944632687209778
0.862368425300731
0.5360396352631218
0.6667945995354131
0.642535531029243
0.7478798784888957
0.8265300356795475
0.6491707839258033
0.7114634481317137
0.6680287494134947
0.5542149095043021
0.638282427594585
0.6636121029659064
0.7794969345372904
0.7785040277232207
0.6283020061300315
0.5121774429390551
0.7343965247522833
0.6763718488335263
0.7365277295051792
0.7029000934035861
0.5709158773802484
0.7979128847415724
0.7443875044250658
0.7707019435004617
0.7238913355743631
0.7117437951357708
0.6223456022802162
0.7233925674818257
0.626007905341049
0.6557768642731102
0.7997750744046719
0.6732441919889098
0.839066049814468
0.6350878577738837
0.7340201057713408
0.8129398330188599
0.662950123092194
0.7063684612184895
0.7809274655494037
0.6226570984648855
0.6881280530877184
0.6185661662985577
0.6532249431157164
0.6397591496498013
0.6711813615584402
0.7857873354890124
0.8009252267314271
0.6740565553831731
0.6628312231679913
0.6731104176335418
0.7186630494436749
0.5923829139208853
0.42281963614105955
0.713211966755445
0.6992413441301131
0.6377877993288046
0.6165478079230554
0.6266403482448758
0.7329446197318981
0.7262834576266737
0.6321401379299415
0.7804449922571537
0.7309356407299453
0.6552553308516766
0.7038266020976857
0.7202345825318749
0.48648612142909026
0.7128124397229766
0.6444606154461251
0.6192899153176505
0.6014087133304413
0.6545339266806283
0.6233444150631279
0.6998553076461597
0.6910683557017926
0.6595952889691513
0.7499649426632041
0.5496783621456293
0.7182519564095027
0.6930442638706203
0.6537372998923535
0.6504583746287095
0.6557985433251239
0.6841065619441514
0.6651850174353645
0.7917608193465491
0.5793508446567153
0.8004294055400948
0.7298727035384738
0.7901575720853935
0.5695979924819755
0.7691412776999695
0.6292190887794155
0.5840742401182039
0.5750720322829007
0.6421760484503631
0.6950405519734953
0.6344295043468852
0.7073696215383575
0.6755838772554054
0.5818521100171
0.7172752660816636
0.7241273716505955
0.6822988237828845
0.6163524913959276
0.6074736956758203
0.7096025975123074
0.6648549330604662
0.7286801222918489
0.6672191758325717
0.6783857101213117
0.7555880876280637
0.7434256957442453
0.7427211294185492
0.6593382547216241
0.766728931447185
0.663402448452934
0.5999200911302887
0.6508449655044758
0.7859568875319393
0.744142506446954
0.724883015278094
0.7206164203102684
0.6176622590673279
0.6693321490888238
0.6727764378751359
0.7001573601884732
0.6897592703996671
0.6658250101918731
0.5718002058481704
0.7204247962499157
0.6040379239921756
0.3804825154237559
0.598028208967522
0.7100081918742259
0.6175452331091494
0.679623664927071
0.6258888904551895
0.6582005625597678
0.6979074778199804
0.6787657050632229
0.6086932981786709
0.626662895272439
0.634753860568478
0.7718776374711294
0.7150997016650327
0.6298523354239697
0.6610826488489243
0.6363026954293357
0.6428352369623174
0.645728763868387
0.6428632552214043
0.6836912725761558
0.7174010193823636
0.6419153358855871
0.6349099455889918
0.7807854073744102
0.7311462244302485
0.6433851244191255
0.6382494468058982
0.676814069578475
0.7070133382876923
0.7674590537727332
0.7145535670206558
0.651705419572011
0.6779919540198563
0.6699843280127393
0.6410716438309767
0.7175038947230858
0.7141135116861747
0.6257950436287486
0.6789811457689908
0.6780490510520663
0.7520198710063841
0.7271742678940702
0.6969674811551071
0.7210845942406705
0.5969781876032635
0.7008917206376898
0.624467441858153
0.6919254218337133
0.6967617251253109
0.5925956139221885
0.6691655165177937
0.6791599591608115
0.6998842293632945
0.6469697308731566
0.8466485072943435
0.6122792442110403
0.5458657241530017
0.7866323945336583
0.6135141114508632
0.7458928916957399
0.7706117937843098
0.6688906758478478
0.730981001797447
0.6740361101632176
0.6726868515547083
0.6852290688768667
0.6477346330433902
0.6293978193426887
0.6532238022328247
0.5752298869272784
0.6537800121740084
0.5780490123407657
0.6182895118045723
0.7397404097656338
0.6690899967860888
0.8442240471135845
0.6161494193188306
0.7183369541005323
0.6460530622689726
0.5884966016942036
0.7470872087766345
0.63427064759005
0.7437058766775326
0.6828443283039035
0.7202319523603937
0.7232387984497048
0.7392303801400312
0.7765336059502526
0.6512142895869917
0.6374494592391233
0.7469057037263026
0.672026766923365
0.6026151760425358
0.569471092675799
0.6040698888914016
0.7941536345537605
0.6088754596585597
0.6558341805810098
0.7216547366577883
0.7152624011296091
0.6738307887238529
0.7316105361617411
0.7111356737290251
0.6264117483071594
0.5957060956642204
0.6444391423985558
0.6731206305322006
0.6692911306989028
0.6742877687669399
0.6196875264956637
0.611809059351211
0.6883020689867037
0.7218912061918737
0.7264351550782085
0.710043033058466
0.6710997408394678
0.7051941827604145
0.4734682368181929
0.7496560548797222
0.6630926618953362
0.7026128625835151
0.647907902772567
0.575304297114439
0.6488212540192297
0.6450381051009206
0.7373416502866955
0.6937360159690719
0.6498916377580145
0.6794487724005843
0.6578215111406657
0.7487021163039205
0.5406996002642107
0.6929372092016391
0.6365311779255984
0.6742163890259746
0.6381256991556653
0.5780861322994933
0.6282038501815341
0.57368279837546
0.7368658938497802
0.5463272229064485
0.6024862790950966
0.7031756282407459
0.7304842119423233
0.6355088892084036
0.722724033279695
0.6196660384732383
0.578310439500504
0.63259593800761
0.6405201978852585
0.8216375150490072
0.8145905013055341
0.5768863465556979
0.5974253368865029
0.7266603058043305
0.6967521783924072
0.5715180829169487
0.5722503400345034
0.7408716764112238
0.7304426461447132
0.7151654292601846
0.6607488698401115
0.6857075885698182
0.6233683027618948
0.597833908132977
0.6535880928693357
0.5327633515255327
0.6192411879429998
0.7017192076990982
0.7272446038347062
0.5871013285667602
0.6830931199789385
0.6745123646595127
0.5954009668549798
0.5987927407103872
0.5913632576935636
0.6232965489529457
0.6725533027650981
0.691605184632255
0.6031940028018286
0.7332604019097212
0.7248099305370429
0.6659737880093606
0.6015641850051162
0.6519527569160676
0.6386135252994238
0.6925346685916741
0.6227856774347285
0.6899128984026898
0.6493386299023998
0.8218296482127505
0.616187529800061
0.6101175564714512
0.6505525488013402
0.690430122830341
0.6866174418329802
0.752269818415208
0.807478600513423
0.7172452541460673
0.6167843173976878
0.657133059802956
0.6477351619463811
0.7146438623427842
0.6468670232159792
0.5832891190630423
0.6916528203900091
0.6539158461782499
0.6844822983888189
0.681636456670231
0.5893142833942256
0.6523219703529243
0.679791410659548
0.6481546819565702
0.7153249397455382
0.6502062392572991
0.6157792144776126
0.6594585529173218
0.6526681538052641
0.5375848005093037
0.6503581325195609
0.6445796615931836
0.7243510665299083
0.7875504672883333
0.6704616249294054
0.7157394497456753
0.5940466977090578
0.7700068831461369
0.7438692965411583
0.6899621018018487
0.7945530583299689
0.6913404402059521
0.7435198810028526
0.7306779022061634
0.7699781007132712
0.7167548782039075
0.7281261003047046
0.692048152214959
0.6544277776486874
0.5586755421287014
0.677013610950303
0.7637875029933028
0.6002822681450244
0.6607236054182685
0.7863313785606489
0.6711436841218871
0.5464252562584835
0.6328682055256055
0.6140026371691957
0.5693758319982365
0.6613769752628184
0.7152476340088267
0.599884987471935
0.7213101545278048
0.6530876433679905
0.6791261351258674
0.7496849421553357
0.7527191049381251
0.6336570572461794
0.850152717693948
0.6436599925459344
0.5740114271702655
0.5719029104412023
0.7390954636578342
0.6513879888463894
0.7614615344792592
0.5883636541267134
0.6889935162298003
0.7219521483925753
0.5858675733376401
0.6179499443190828
0.605992781541285
0.4935731302385739
0.6858614696853493
0.6423969644988864
0.5621337306562052
0.6281027210021313
0.6218229113875622
0.8207624262798457
0.7863275903508697
0.6310714692734966
0.6508893364596068
0.640548696364983
0.5896878938212787
0.6854578103054987
0.7329928843064729
0.7970654380875226
0.6581541930832812
0.6772603511657647
0.608862529268195
0.7277489776960767
0.6171621260903443
0.7743755947783594
0.6672233741362733
0.6872310294950784
0.6280680445719995
0.717255481382861
0.6573872352844126
0.8747974384499186
0.6383775744955463
0.6577179204038722
0.7432664210956584
0.6468917293007961
0.5420767472009204
0.6072408784765665
0.6426589678990999
0.8127255216316545
0.6563619272022138
0.6524756231559171
0.6887822252051463
0.6944787352714173
0.7577001079878414
0.681195904962368
0.7959792787918912
0.7472294922934124
0.649529839713064
0.6782203031912994
0.7462436088851939
0.6167566777325596
0.5034599683246713
0.664538136596441
0.5688130928324333
0.6813796002292724
0.615820582960339
0.7460708358396784
0.7404607504834271
0.6188613214198002
0.6880899182581208
0.6802795909893778
0.6142116654059216
0.7166307626745028
0.6702415157651553
0.5674811877651451
0.6633145068574172
0.6430362182474021
0.6144438862882398
0.644357434888622
0.6754896367290627
0.6079148091902987
0.7926052847365087
0.6398810980607609
0.42523649179171025
0.6652015351116856
0.5949849049673319
0.710913993687782
0.651136608628085
0.5580968832296752
0.7192191357493405
0.7759965412383559
0.5968361256463729
0.7797589790511297
0.7401967880175949
0.713728160553427
0.7140757148634465
0.6915333716434251
0.823443020189361
0.8149413093876154
0.6228929258648778
0.6691236156747443
0.5852772139476278
0.7642413219502436
0.5557099466725289
0.6694539116807878
0.716136359107254
0.6982921551777231
0.7119339541262505
0.7132680531625074
0.603031252666662
0.6149834304842713
0.625918606022034
0.6618907985951883
0.6272353214862997
0.7475031759363892
0.7612027329716242
0.5861559087655435
0.6558037366689115
0.7107073927050002
0.648927164787215
0.7732995479915274
0.6012750572901728
0.6891726254098187
0.6634792120716427
0.638329296905684
0.5536967967855301
0.6611018607474878
0.7198670933112795
0.7307669985145301
0.5863462331593823
0.5849976904329522
0.6443776512688031
0.6964857026485536
0.629870226634619
0.6071962273129197
0.713021320937771
0.8763618770381202
0.6819691838188154
0.6551250897035982
0.6151570078318654
0.6663649083266533
0.684831501489363
0.6601115392136132
0.7120909925716136
0.7973369282158647
0.6509496001092148
0.7087888091977422
0.8120950424608905
0.5497726883554325
0.6400017623511121
0.6735927552574045
0.7655582599994887
0.7051146456236003
0.7448910556272264
0.522755425850317
0.8233344483331347
0.664402463237007
0.8426996620449586
0.6490587280683712
0.6450582473146075
0.6761814419181958
0.6637432185364868
0.62592311533874
0.6231546169903687
0.5885345016123351
0.6590789682837228
0.7655397055455951
0.7725817117005671
0.5364575977186572
0.7371705274160252
0.5275867028227377
0.6805598478835198
0.6613858297187956
0.7041628684103117
0.6571591198021615
0.7138802610461339
0.6103250828155972
0.7182472601497278
0.6459085765526931
0.5940746903936654
0.7423013980500156
0.6805281820471881
0.5868119160322216
0.648283345264089
0.7365529474947639
0.5931985575532409
0.7060420808548609
0.6409475613053025
0.6639279823760232
0.5491181130298896
0.6175274261887487
0.594513010008286
0.7765582296192062
0.6719076494998227
0.7833225165156701
0.5828813653505015
0.5843051413869639
0.6310153384896975
0.6822100147984128
0.7149367122490135
0.652477037872509
0.6972775378509982
0.6245230622048569
0.6687258143830412
0.5971491336286142
0.8616369023224322
0.7076568931173333
0.7460412701829776
0.6223615142935524
0.6593234730454317
0.6780780516935413
0.6428592569229442
0.6495491389847193
0.7091948794567627
0.6688823009163185
0.6777726763617279
0.8098809538636238
0.6343024477840106
0.8420597258396937
0.6400194785923375
0.6525747086953904
0.7099150990875237
0.6044956391717019
0.6831243568877232
0.6257054899474679
0.6169063281466184
0.7720546726595503
0.7546196431567352
0.5694234205573573
0.6478893732925356
0.9029535287000179
0.515301221344202
0.7018427051599367
0.7308864880411121
0.7562413866683997
0.7628282896656172
0.7529181909396075
0.6310453526803994
0.5772479423577255
0.6558667603214182
0.6684885203605656
0.5759490567101632
0.6393432095534957
0.650569995663071
0.6977145051493988
0.6399208576834634
0.754083148221326
0.6676357170155515
0.6000609573843492
0.6696958280940158
0.5228362858577289
0.6909925352086614
0.8106432575663647
0.6658499782923315
0.6036037010548081
0.7704528188118246
0.8114473141853513
0.7782366942075548
0.5723540050056827
0.7640085481491129
0.7219599666766467
0.7067661441493441
0.6628592829644191
0.7208788142947858
0.7123536858061531
0.5865511243282807
0.5934001104691237
0.5595979036511838
0.7117026808847341
0.7163789248451506
0.7009163297944317
0.6199429847471523
0.6473259438716342
0.7075821526286679
0.6923671018383687
0.635189604198685
0.717306847126965
0.6743303420934286
0.6652040280308915
0.7019605029950111
0.4817593958451061
0.6150487882378542
0.6643034673588678
0.749471078870663
0.6648431772536609
0.6535004588067655
0.5820358159797463
0.6403326123498397
0.7335102674763136
0.6773569840879546
0.5955537494452391
0.7840760723897486
0.54668338813037
0.6627854395121355
0.8005830760124628
0.6584323899562315
0.7201883188297128
0.617999676331292
0.7478399593636817
0.7119857418990047
0.6087766892308119
0.7005627797784683
0.9427021051923297
0.5919456814777398
0.6933949038316428
0.6380271916102745
0.6869756980654174
0.7218780328689134
0.6768252076753033
0.7381601689882287
0.6671833628176773
0.5934451194455521
0.7403268798830313
0.6918937594896672
0.7550783002857796
0.6935882487224792
0.5793168921613724
0.6384030925139185
0.7866531089659793
0.704001308515424
0.8225366302186707
0.6979476845496221
0.6145222780731222
0.6709607869039037
0.731805831764714
0.7829809905475548
0.5088251421965732
0.7124594528648872
0.6696365140298868
0.7167476053019075
0.6512580815076756
0.8162029074237128
0.5807120248485543
0.6526928940038408
0.7155120854087438
0.6115365256881157
0.6234642997435212
0.6309374610821789
0.6307228371459194
0.5666167687241035
0.6770375775070545
0.6126786570700808
0.6235274882482816
0.6895644825300357
0.6854773347795873
0.5385919007559428
0.6368049185563639
0.790248819529237
0.6358723103221694
0.640231870312964
0.6672468299744406
0.6925770272958465
0.6322503964594121
0.695717899451326
0.6456012091525052
0.6756094768179067
0.5815144086172862
0.6133113812980753
0.6205014359978744
0.6694373407082195
0.6488134404965856
0.7494544567883672
0.6601544344463909
0.6942848076497417
0.6342351066971341
0.6632860427022832
0.7496006221714233
0.6730188122275016
0.6628709857530145
0.6782253650249452
0.6082840221708951
0.7126564973130765
0.6714041487832764
0.7062488996686495
0.6894399669283836
0.6459523369779281
0.6486476452629052
0.7980100556194096
0.6101263423559838
0.7360991786556275
0.6317705538700599
0.8200523263667951
0.7074465410954363
0.7182472742937716
0.6569789163612948
0.7499273550048795
0.6598514678964907
0.6692396836667794
0.742701812402911
0.6271433237031152
0.7386925735594679
0.6964208377648116
0.6936513640157457
0.6319855306031282
0.7179319119850522
0.6696251797726012
0.608629588333911
0.7048672891065774
0.6100562932187784
0.6946877002792992
0.6588177833681048
0.718871527379923
0.6251213310697239
0.6408450545568064
0.6284705203690596
0.6615079509748177
0.7791910251282443
0.649975850377596
0.6636687597415651
0.8569548903981521
0.7671705493688675
0.5296099874512884
0.6192063570268185
0.5408704390656793
0.730642791653502
0.5994299569409228
0.6127416850247257
0.6395319433108138
0.7225523743160074
0.6438700252894695
0.8130480134969826
0.6647968848384221
0.6849249967379465
0.6121708322945818
0.6139314964280329
0.7864895215042985
0.6417730041343493
0.6927208828111262
0.6154368747602158
0.7239681358319514
0.5865057076150436
0.5612289291314018
0.5718547170876421
0.606390040709199
0.6777225064190615
0.7813572357209699
0.7070278207984249
0.7026038855118562
0.7852713350197504
0.5296324506383822
0.6836189374293703
0.6314090887056129
0.7637491833179104
0.6177299139280862
0.6911793119627083
0.7316174387339014
0.6294039117167496
0.5911249261144935
0.692059087975896
0.6932721866696436
0.5912798926142057
0.7124629643785597
0.6337589655927737
0.7260862611927258
0.5157670761481793
0.7796163135924742
0.7344516386455917
0.5814476042113156
0.7895312896006526
0.6958878210524324
0.7483196360756087
0.783199077469248
0.6682560596683519
0.715326492804024
0.5872930449501731
0.6509113311907483
0.6690168593561169
0.6180363894981288
0.5570004155861196
0.7118549906367267
0.578865961303186
0.7413169188412676
0.6217909262267396
0.6185602616099662
0.7456449699913972
0.6213305926117513
0.6118648098878845
0.7018440097002342
0.7026333941168972
0.6358378030060874
0.6877010741312652
0.6714954557663253
0.6814827235729031
0.5974988300457366
0.6556530594395307
0.6666497410344537
0.7337612373453091
0.8700779464516561
0.6954990601464509
0.6602547120112078
0.7058132962056264
0.6746855528968324
0.7011017811264922
0.625228320648919
0.7671759387718848
0.615012733715982
0.6959385505020842
0.6962749830300468
0.7084189629560879
0.7551750127340848
0.6690649086211811
0.650869663539626
0.769275944195751
0.7845490315782673
0.6638481971893598
0.6605790141706276
0.6335554897936718
0.5737880669408133
0.6041956447190734
0.631920132822739
0.7560796552301554
0.7444543364721286
0.7330533431808953
0.7121788279384975
0.5419920736676117
0.8268562619344205
0.6084543713566996
0.5451872018012157
0.6965328419561668
0.8792824911959154
0.6869783222521408
0.7251584615202221
0.6683208686257407
0.8454357627101878
0.5902119027745899
0.6581316551455617
0.5512442863664014
0.5677729921570187
0.7553733851064979
0.7856693546633572
0.6907916988151543
0.6788532934010477
0.8100976950216943
0.746909464979628
0.6481755243603939
0.7235945977007733
0.7397531144940472
0.6587549692574665
0.6466998618841737
0.7016697167107084
0.6400579570538696
0.6298874667825985
0.6277116868983831
0.5679155620852094
0.5142204920207125
0.7900368635707673
0.7038105115841136
0.7838585467426227
0.5943311129926929
0.5728351653875539
0.7160161728797846
0.6864819810871804
0.5588802341610463
0.6402190631949414
0.6770158987100233
0.6351535256419791
0.529816782958759
0.5984340506449801
0.7563496158727709
0.6948146480018544
0.7262451811236772
0.7046643528896915
0.7172207082461167
0.5969627325275475
0.6407055730500715
0.7160228662990749
0.648113751905015
0.7044683537118526
0.7319275422024911
0.7259052989861748
0.629952114344483
0.7165949196426089
0.7438649033718118
0.5765662815491369
0.6768633100425179
0.7041027561451152
0.49656196645455697
0.6027498646786873
0.6353879312544113
0.5987327005227039
0.6736759830517935
0.6478796188073627
0.6159289682126173
0.6980503330014654
0.7117788106044716
0.6057278272244572
0.6131896509500611
0.6278007113263532
0.7428723282062492
0.7060767542350369
0.5560602875475357
0.6940636374975918
0.6964152982051317
0.6509912151368038
0.7774421260857309
0.5292027131791034
0.6933074218831478
0.7135434691987944
0.6226934682907068
0.5837749467782624
0.7544037834660086
0.6054807914902318
0.6610672045585084
0.6312145082613161
0.6732604065270807
0.6777989487029825
0.7697333767900062
0.6416607341288662
0.6371484567929353
0.747896588658276
0.5829770829510963
0.609890874111603
0.7053303578196428
0.6925217478508187
0.6830967916401379
0.7137534854276973
0.7005612161166772
0.748094037609923
0.6742506201521199
0.6017834471744593
0.676148836157895
0.7001677693625111
0.7121932735221171
0.6750874802731892
0.5605953707215255
0.6209174629666975
0.6100345965787289
0.6913633110430042
0.6466117514454696
0.6551373144050568
0.512054633154307
0.7463245590299132
0.5740024995050672
0.6572385484456422
0.710219916162345
0.6346164193854018
0.6709560237898595
0.6742632739822344
0.5903660654425646
0.4853686718257995
0.5904273745825894
0.7258038284662899
0.6918310066755406
0.575201564876127
0.5563471074487911
0.7000131137739172
0.5660282949421662
0.636427950029516
0.7217670847144652
0.6997019788532285
0.6712769265018219
0.6556660989294038
0.6190850704566607
0.6754736439287126
0.6725350536544159
0.6103895939465089
0.6198157436087829
0.6490034315067948
0.5991689575930611
0.6624726875532504
0.7116123583464006
0.6946624289381632
0.6554280063552759
0.5969031842207084
0.6045746651687817
0.6564734981651734
0.706428610612034
0.6985862050433607
0.5613438440463214
0.798637375198545
0.6849224397247204
0.8371323281267017
0.6566780818223048
0.6990581201590421
0.6276570441473773
0.7703087967336705
0.5795351218542031
0.7223301628374352
0.60405409830911
0.7296557370687363
0.6483060688497407
0.7014165074222527
0.793347212449679
0.728014818564017
0.782532414623172
0.6986673114208666
0.6386648452287226
0.6863795665386546
0.6307998853188955
0.6498862393409756
0.6517391494320778
0.7683252517971768
0.6059491636836661
0.7260202937528418
0.5792341705718668
0.6320792227788138
0.5991307648821241
0.8106676353194097
0.7577689923052228
0.7284662552548339
0.6380941017933307
0.7097552863019239
0.7603345965362869
0.6986812921176179
0.6567625567181233
0.7500671734562682
0.6555243955276908
0.6590343009342314
0.553231944635796
0.6693166022858037
0.8495109611474423
0.797502898891765
0.6557649392944408
0.6586389380415306
0.7094855204599402
0.8484077237004136
0.5827810204702786
0.7447175620258417
0.6346437556680721
0.7275334925443442
0.610699623550312
0.7090581600348437
0.5971981240870452
0.7264550685834905
0.6296543226196006
0.6218169020238534
0.6147379699526694
0.7068549153996334
0.5730202611157719
0.6707996000592932
0.6925209062196857
0.6505458660439377
0.6727536216598891
0.6960673877972762
0.6756578926376665
0.6061759763821883
0.7763379712040711
0.6320584007418772
0.6972910638068134
0.6258022435465107
0.7291950995346763
0.7295630735390867
0.6832169543679982
0.7496826404906938
0.6194325973193919
0.5363421428984593
0.8085903977610638
0.6806965267581655
0.6503728861441608
0.48207108425474043
0.6717365329602407
0.5798781495371771
0.7438673844825302
0.6512846979225615
0.6246260772556438
0.6280917832911873
0.7420103072434873
0.5646107432658726
0.763657989217759
0.55148284435294
0.6785670833436193
0.6798875760924068
0.6149668853747873
0.6977866232385049
0.7718190108847764
0.6253145658948857
0.7180672879871504
0.6613906236580134
0.6108549670863948
0.6625779540637993
0.8669195024464316
0.5260671114168248
0.5251031655477615
0.6981024151568708
0.6414408924050129
0.7397278951052673
0.7232528454099418
0.7538070336484879
0.6296669543240656
0.5202600745343869
0.7611261779721081
0.7149694159279558
0.7772725033939837
0.7635596375464676
0.6958833466009583
0.7139155419979978
0.6364658951519487
0.3631127118250863
0.6470971984172925
0.5912030304653224
0.6880959493976309
0.7086185196404499
0.7470876840458412
0.6544340078849987
0.7563163449384138
0.7672366796827161
0.7012237144368583
0.6748657951662137
0.7110352176893165
0.5897762995604637
0.6136396243641156
0.6145734670464388
0.7418658466545366
0.639218157981626
0.6540822369813288
0.7054736700827384
0.6697203200652176
0.6478442211080756
0.6938293914191714
0.7627046718890804
0.7344523522559714
0.6428330303471356
0.6701650980781465
0.7066507175234004
0.6536074176315188
0.6952771762360935
0.6037815424122738
0.705262565468355
0.6893107444338828
0.6498932189122419
0.6525263402580679
0.8021281084337094
0.6228814085717694
0.7728101449569914
0.6408921926757823
0.664179477318473
0.6189453006879985
0.7064852982316413
0.7312319418915153
0.6146863450406557
0.6892840389878221
0.7187448021722971
0.7098554976015067
0.7072396024402832
0.7580914553006913
0.5840306118782727
0.6801531557353305
0.7413073000223023
0.632353382225927
0.7794410874306961
0.7309522579871058
0.8484756393563191
0.6948032839319664
0.7772659885494146
0.6772042509653943
0.7680480199512518
0.7470048984960864
0.6532635997379015
0.7289529386163413
0.7986620661675529
0.6979513431010116
0.8080615721355064
0.6440559814551947
0.7457779415368784
0.8186147882959118
0.6119647948549386
0.717721994840225
0.5994047398394565
0.7092057409996669
0.6166887678456509
0.7606858643270802
0.6089177209634832
0.7269174145376024
0.6766504069176675
0.8059791308502723
0.7181384460989217
0.5642196893604994
0.5702190288007122
0.7385715412502609
0.6771236683592408
0.679531568484736
0.7006861949832416
0.6525282877112741
0.5777424969479643
0.6867501593261361
0.5795740558848028
0.620602356193083
0.6679742123621996
0.735139589797652
0.7875647483376247
0.5697335169162381
0.6178404666967675
0.7132160210919561
0.6771543509287974
0.7027022794108415
0.714543195882783
0.7137580574836471
0.6850693253413154
0.6248719748565416
0.7266013841028552
0.5957816112562107
0.6870405906934124
0.6512679849009706
0.691240120543328
0.5040075702016731
0.842915989065955
0.7218101883573462
0.706587571487451
0.6515402372984559
0.73992641127239
0.659791291364936
0.6362562566438499
0.7336829418936366
0.6234994916203003
0.7653620319226869
0.6870714931126923
0.843288619433048
0.7262171162716025
0.6092716646090431
0.7361049767026079
0.7130955137936018
0.6245690145573238
0.6295284468305077
0.6047022343834307
0.6779548360556397
0.7601443262167995
0.6034822421583983
0.6413865697419274
0.7922065240503661
0.6847206564945937
0.764819484805492
0.6504407183897609
0.6663228261631874
0.5428540560610707
0.7451929396681756
0.6726470771805103
0.7294989125317788
0.7184294129348499
0.6672772748060543
0.6705776531844967
0.584398609062978
0.6751362074906287
0.5876187106665096
0.8122551092736493
0.6931591694721257
0.6587277908233578
0.6424015628495399
0.7164608108220358
0.6503198250368479
0.6212124514069486
0.6399376605104505
0.6352251557690869
0.6940836805740772
0.6674248372469082
0.6814390946018561
0.7946822357090841
0.6322415265492501
0.7071645572503032
0.8271411721728867
0.7057584501192276
0.7003154081771218
0.777303063154525
0.5848390208304538
0.5628794763882158
0.6706891798970852
0.7675572071007556
0.7099417042883834
0.7343221923401648
0.598965560539562
0.7358727418163186
0.7022922461064721
0.6201740339221326
0.6219851971610199
0.6873931740373886
0.7234217869561851
0.6619083651888196
0.6706497974247898
0.7731083688865508
0.6179455912176847
0.6786078856418954
0.6878167505847895
0.6445675593152874
0.7717784291162799
0.7151384071135464
0.6681887662167708
0.5969525080968509
0.746723616113003
0.678674178305927
0.6584444918490534
0.7605645905207499
0.6457167312811606
0.815411046751229
0.7459998876224972
0.6450652407037287
0.6139953972015096
0.565436993614424
0.5920166762952223
0.708540311528787
0.7022530068725594
0.6187216336738441
0.6107963961391304
0.667569988391048
0.7764005310227522
0.6974388723383479
0.692343455584495
0.7166503888099954
0.6694486113392596
0.6032369058156228
0.6818847983786939
0.6069034627420695
0.6866002620249021
0.5282374962973787
0.6453204188579496
0.6530365306105405
0.7319184709667739
0.6881186827182904
0.6707418010875836
0.6439027345795779
0.7411265929972918
0.6456825643447008
0.7402884079520741
0.5881857707105226
0.6335831777089548
0.6821794895209559
0.7954803285652193
0.7385196635439499
0.638660319386211
0.6512567727518054
0.674766787303649
0.732406539675092
0.7088145343862947
0.7369032221880022
0.6985137474149913
0.6645451007677282
0.7763513695266895
0.6454709058751753
0.7250846059597235
0.5040922610434749
0.5339414353326478
0.6287384514457548
0.636174121979959
0.6678301717959018
0.7413805016296597
0.8120979187187269
0.645735146214536
0.6042011510950918
0.7020555314035692
0.6472339909510961
0.6696858788175127
0.7056049190996218
0.6427688724355013
0.46607787177817017
0.6946461418123685
0.7638133404182064
0.7379482132447938
0.7216203635614107
0.6795588598797773
0.6733147030631422
0.6485405224703228
0.7457297614889247
0.5721253316542406
0.5985364299683159
0.5350698642662239
0.6817684029481016
0.6930575923220167
0.8598484419749013
0.5482760162366961
0.7590929182953248
0.6698047178228088
0.6375071765315093
0.6771531191662963
0.688687662961705
0.6450555932029582
0.7194145211415314
0.6619949915492065
0.6527542157959113
0.8005016000047133
0.6889818943828664
0.6664082702503017
0.6632809992254755
0.6295721641304812
0.7676256725374366
0.5781722803666534
0.6731177478258864
0.591156947037273
0.5675374468393253
0.5630933510066433
0.6598437920883565
0.5659655038972119
0.5793982528292757
0.6507068474701918
0.7355156378766786
0.6582961519144883
0.7040885598437104
1.0001628939508442
0.7162987405868291
0.5957946044600088
0.6613691265399854
0.6676479816699042
0.6536799921041334
0.8450057372234585
0.7600267186393532
0.602187836631256
0.7932276441467488
0.814473348652857
0.7031094009592788
0.6504402187939038
0.6186322237389767
0.8435817983300524
0.6624506089937351
0.7788189078519574
0.5981903569306671
0.7205423240736845
0.7282911310290513
0.7073513721488093
0.761008844648037
0.6664436074331171
0.752408737292375
0.7878250249800552
0.7602036880430983
0.619582243609384
0.6488263359158545
0.5709476780427908
0.7746719384852252
0.7745585389180899
0.7294177878731621
0.7809930790405174
0.7468414440196036
0.7331755452843486
0.7146051988108987
0.6787126580023387
0.6889608938898754
0.6772546397972511
0.6081118325492748
0.7716715411058355
0.8061518370521937
0.609744882802755
0.6249487924260947
0.7349501193368898
0.7302737241294983
0.6169568024002006
0.772479953307661
0.7031000450501418
0.8539878958892404
0.6837803924593086
0.6193367813162859
0.6233095136288098
0.6632311789042807
0.7931898046008505
0.5818381295643636
0.684864879387746
0.6929426856348081
0.6813621209234318
0.6581261204107741
0.6552623182376095
0.763378289066021
0.5874147121601203
0.7115395448586608
0.630522877103988
0.6235529810737372
0.5068354689923646
0.6564811405794635
0.6622965673022181
0.5694037075546179
0.6839297554497696
0.7146425000635414
0.6930874245371594
0.7010178495171072
0.5800924016717431
0.6042233667324567
0.7107285200893064
0.6900755827024291
0.7055502129984709
0.6519784819244321
0.5260919269450284
0.6817492936773778
0.6632276099156089
0.7672405588101865
0.7506706172148381
0.36997490330906235
0.7137753255714865
0.819551629484569
0.5868320123500322
0.6779708269664175
0.6570085219706723
0.7167788837593375
0.611004780338917
0.5981009844918826
0.6333062442849858
0.6253081054919928
0.6947221910884109
0.7781660647439007
0.6535624773790487
0.6611083166641578
0.589671497264591
0.7042177636891832
0.5864989388757738
0.6971539430706692
0.6272372476391214
0.6771424656961016
0.6957775849125576
0.7705119470589463
0.619962485822182
0.615256319262263
0.7663937764790454
0.7545588407007192
0.59264275506486
0.758607403772147
0.635799041123089
0.7341238659047882
0.629104076729825
0.7123406237029628
0.7510713270804935
0.6540834835148017
0.6673180112060354
0.7421565403456829
0.662418214576109
0.6225444747617231
0.5277301066099839
0.8099593666663203
0.6680482532133252
0.5775398018617849
0.7692140587340871
0.556362665986796
0.6982714901899519
0.6926141879681066
0.6631489167794199
0.6130359518128157
0.6493519256501877
0.6273384429321365
0.7771283322289954
0.6978026475321005
0.7427214601785452
0.6885174445302132
0.7813517067261482
0.8310980336504527
0.6271106399047538
0.6368462399349218
0.7122423612543961
0.724701519867446
0.645780129631599
0.7022343356769083
0.6371173151561212
0.5394341330129696
0.6261424239830645
0.772003616203135
0.6720106841897441
0.6319033217513568
0.6498235390759497
0.6690329016541221
0.6173947553901966
0.570095715849467
0.6224879508126648
0.6589380301028916
0.5202284424984995
0.8078109003302676
0.594105921555608
0.583470407811117
0.6570595621142149
0.6118496618853231
0.6086829296549868
0.6136766912482997
0.648661235883828
0.6464221952442206
0.6181454341219269
0.6418404394332811
0.6743098910074733
0.7394404558789733
0.6620058202304328
0.6646132279260609
0.581201719722176
0.6205014260026296
0.7249269331149475
0.5625096950199029
0.6826612335301601
0.753336850024865
0.8181386124007094
0.7814159261764977
0.7682762159650203
0.622066139952531
0.7750652114347722
0.7137813312712002
0.5777162620901592
0.6940756105222151
0.6478027871198239
0.7295008295521619
0.6175901643979228
0.6522795107498894
0.59899788478704
0.6308862736022335
0.6428864814769893
0.6522426171834967
0.5976615145726872
0.7448813574982951
0.683230495207865
0.585438050812509
0.71811952295242
0.6859053243133261
0.709768538948056
0.6510830967578828
0.7484965241504119
0.6204164084028023
0.6299172352583707
0.777267020624254
0.6143697211691063
0.6834463421324367
0.5966207546850807
0.6451956336845567
0.5854082783225254
0.6142939884275599
0.604263839643926
0.7869981942306783
0.7067171686789369
0.6944116967368594
0.6032812272490863
0.6141627316496069
0.6315212719541166
0.5387129228041081
0.8425393162815782
0.6645137389952406
0.6581417570150134
0.6357955683323052
0.5739929177762778
0.6737843836030548
0.5877599643107891
0.7000681920737026
0.6747974291563085
0.6393285402057832
0.7450980720125373
0.7033333697833061
0.7675368750947165
0.9117164153189709
0.7495682548492425
0.6420128332287094
0.6253066978217287
0.7363210669194163
0.5989366244600323
0.5824631024209064
0.6956558568460668
0.7028877507583743
0.6596152311163578
0.7041842433754076
0.7237698610610068
0.7287785639700946
0.4822667345926257
0.7623091398402877
0.688493880275721
0.7362349486266343
0.6935630971396671
0.734335602028066
0.8422554097698998
0.6296715823541589
0.7025503791459701
0.6657433853016673
0.7279003106911434
0.6181872525894233
0.7180595122343949
0.7999562289223977
0.6775111827419231
0.694794218821432
0.6068875398527407
0.7398622274516949
0.7393022544231626
0.7204076772848192
0.6295589028339003
0.5913142309300312
0.6660778160185329
0.6107482575385017
0.7026973033977444
0.6207557243006852
0.6647358827462319
0.7337129056537743
0.63346502232102
0.6870023819722483
0.686608752207879
0.7151092687860738
0.7086919996894165
0.7254119456537523
0.6499536661733737
0.7349571758400063
0.6204407137077469
0.5837615364335108
0.7088441131533282
0.6341806366932051
0.8484671657388961
0.7362623851581268
0.5975705998321227
0.8022974137747562
0.7496496047570054
0.6972105098065526
0.6922360631382533
0.6800010031025236
0.7390030132630683
0.6549747861837496
0.6490331209167279
0.5670282216083277
0.7025155956292704
0.7243994112908327
0.7012727225049735
0.698828430384185
0.6327796008975747
0.6827607806283842
0.6132548039212432
0.7870999338692514
0.6035001869962731
0.7226131487411636
0.7471757332095358
0.7150514579609767
0.7680437590931362
0.5538694593386889
0.5238367855498519
0.7378814831298888
0.5949266539071743
0.6424791057651715
0.8026704882163036
0.6434633913745664
0.6117572086001487
0.6691724895955659
0.6394996705575015
0.5351974577929969
0.7594486056986106
0.712095130339601
0.7473394677426505
0.6584923364330625
0.5935497194379526
0.7309136500239614
0.6938893040351579
0.6744603348902224
0.6755367858313757
0.6776290398477997
0.6992993823809919
0.6715186765829074
0.6949997694851867
0.7457801162907873
0.6903064777109935
0.7000949135311255
0.6037418017693507
0.6431768942860799
0.6729014054412242
0.7494859100374729
0.6889712972333021
0.6634004015905082
0.5480079400977734
0.7645038328585604
0.6874296729401387
0.6704292866441075
0.649876212782341
0.6444896091674351
0.5407559974268056
0.6550588149801757
0.7930423177049045
0.727360820003622
0.6297994583663105
0.5083782700790636
0.6622423374440518
0.7115463902289862
0.6555408759813969
0.6733925993671921
0.709824197299421
0.6190993316111142
0.5890288456301546
0.6707928971134977
0.6798538284123969
0.7143336294677565
0.5991048487702203
0.7041019302704451
0.7093858212960928
0.6193455021560116
0.5714571616728481
0.7364748133049238
0.8587650778621972
0.6347218918428643
0.6659962154128776
0.592803598520987
0.7208278919966329
0.595171460725103
0.8005107031157613
0.6147067327990517
0.5758012462389509
0.7429259100149121
0.6278479337714061
0.674539048740296
0.7420549640383123
0.6788257062409094
0.5903928414169378
0.741201346140838
0.5938054058411171
0.657977638750425
0.6470405874417238
0.7142543941623298
0.6647281602770235
0.7639723334845608
0.6772224477164915
0.6594442844908758
0.5886676694249725
0.6995106203483847
0.6687819989197608
0.5880041389998768
0.7096867846581416
0.7580578662535324
0.6990991743236293
0.5912569258962421
0.7477018807975592
0.7549377011294109
0.660716040072726
0.6208957206301725
0.7492331532086873
0.7299338016825643
0.7780801646196058
0.7262696891681736
0.6570871344274475
0.5708979100955479
0.5847622005257093
0.6668242096577462
0.6950085449904098
0.6407004702473523
0.5292458231922756
0.6941414517417622
0.7565982186492484
0.6602792766845066
0.7558573163677493
0.7017442558907465
0.7204150062512026
0.6611717766443762
0.6916548526706787
0.5367039325353158
0.6239946804692552
0.6639407066262938
0.8074074601228711
0.6744144666205305
0.6670718513243427
0.7514320844398263
0.7895020362275288
0.6887004161778587
0.5717743586516637
0.7493746119234718
0.6987539928105657
0.7278032030522877
0.6446721340419441
0.5302897864309644
0.722844899253686
0.6833367428592125
0.6451059952180737
0.679315280592193
0.575293291934651
0.7579659024014522
0.6550568208296164
0.710388976164194
0.7854464026827596
0.6095223177257229
0.7014574471613391
0.5947261529365582
0.6387193265635371
0.8458516291906247
0.6559884565959407
0.7775676264381866
0.7511250803787728
0.7600222699662462
0.6161452009493438
0.713450335844887
0.8393308115879147
0.5365424667962594
0.6462514610708657
0.6632696421891996
0.7126432564108386
0.6634066316935017
0.6885749111874061
0.670925044152389
0.6871047848180359
0.7209125592145824
0.6489255111730247
0.7175614859141678
0.6769854126967749
0.6919789720072654
0.8347337893444872
0.728953345876399
0.6421065772968941
0.8323539639305508
0.6734164610313185
0.682838253795307
0.7944056185436312
0.7221393174912907
0.646391398322236
0.8339384399558893
0.6307073213288207
0.6958387727983659
0.5468524510151757
0.5791890649041677
0.6553689267528452
0.740372910878285
0.8407375889200792
0.6919939921309868
0.6122606068936354
0.6003710603554879
0.7582025349186355
0.6148367035733183
0.8406844014342209
0.7282576291144853
0.6732694049065208
0.6089212175306374
0.7133733380945356
0.7241991754856052
0.8485038436032681
0.7062046380986672
0.6680054100583432
0.6094984345228074
0.6357028397253744
0.6163661302690723
0.5994625005431061
0.6138623323409141
0.791872861397334
0.6866400026097018
0.7087359294836635
0.6296597453029733
0.7576298926312318
0.5841595613753715
0.6333603027907265
0.7740315174030101
0.6452888705477293
0.8369149771129686
0.6577447583641061
0.6381104209186109
0.6909739525051227
0.6049234082031104
0.6452569059767229
0.6735234149094932
0.5518169460872208
0.7698531056269247
0.6396705280654658
0.6474906133181619
0.7134833963445106
0.7410425463400447
0.7041353667213889
0.6751815233563448
0.6117122363900361
0.7347048399474083
0.7344709076577887
0.792312651952255
0.5629181697419597
0.6438155906310465
0.6484489479041997
0.594413197913337
0.7723465057071872
0.8135149478586797
0.7229552100756307
0.7963825903390085
0.7238420111252301
0.6553363349387419
0.8460411863071938
0.6445356682963395
0.7504592456566691
0.7041162588911524
0.6674684485779974
0.7710216380579921
0.6760771214147541
0.593675750189992
0.4958530944485845
0.8861514504672895
0.6054465611316685
0.6900814580208019
0.7468152928630655
0.6551792319345485
0.7007372671586425
0.6356995779737975
0.6959123187268297
0.48806002784656527
0.5669803095645518
0.7071474545826438
0.6470993397094402
0.6330508793264013
0.6519592511558846
0.7496594791200154
0.7218834432326815
0.6901350998903724
0.6355157454703894
0.5709131760987897
0.692852442547631
0.7189458286331718
0.6767474073269748
0.6228371094980738
0.6249034368613144
0.6275925566606406
0.658643811696115
0.6640855385218263
0.6249708136086638
0.7457629997967198
0.6652756965449342
0.7081232937363969
0.6669432304925798
0.698065085129815
0.6016163346875452
0.5954190229720666
0.5772086460233204
0.713309590569566
0.6239237050719736
0.5934175292187
0.6358877648630757
0.621375009719716
0.6531040232181503
0.8503108730803769
0.6861289121365394
0.7689912326325281
0.7719424419208222
0.5694227133859588
0.681972555336886
0.7398871436196248
0.6999674925816585
0.6040097437647347
0.6194595033980206
0.6393924745168332
0.5479414010306617
0.6146878781250039
0.6696021590737113
1.4332991643146518
0.5610496662062084
0.6920325191169563
0.6079996492142271
0.658577676369633
0.5981697159764678
0.721978367518353
0.6201608166546914
0.7638021985363969
0.7510894856115248
0.670807955472519
0.5769101983719959
0.7121168919710037
0.6665188183702973
0.7922409783237888
0.7498099857614253
0.6065870262311716
0.673618008142275
0.6419491210740756
0.5524392734023515
0.6756435496549061
0.5903655522257435
0.6188212162345241
0.7063100584726807
0.7389267281703599
0.661829781659073
0.6463696279485502
0.640245027704852
0.706984387841611
0.7150549315145242
0.7279224687338584
0.6510546260538499
0.6161652668812867
0.6124409068622928
0.7214976292981997
0.6885130746059634
0.6030206928709477
0.60833375387101
0.7120856236258412
0.6844002281613735
0.5584190258392018
0.6803839384844516
0.6310639895396432
0.7450822775324122
0.6717327397968756
0.819585115356475
0.7185537418493673
0.7557971421629016
0.7557585084090795
0.6682941612998415
0.6833181788421103
0.6029396248704204
0.7694097825947762
0.5685315498277893
0.6811790596170765
0.6744804156478811
0.7127396232068471
0.7685746732000751
0.7424217837396774
0.8076092020122518
0.6670284813484832
0.6613226519260567
0.6126344494001457
0.5913891794545401
0.6244075231351589
0.6939594953799273
0.7631689848464981
0.7508306582484824
0.5778226641119176
0.784828428987303
0.6532794504395394
0.711924963460168
0.589923403462329
0.6653754386118245
0.6125949858762061
0.726652732863087
0.7017696573245767
0.6090831396756365
0.6842742827882555
0.6810354332352777
0.7758865907087373
0.6310332789124047
0.6915559862247218
0.6625091558419309
0.7060673532618518
0.511268987540387
0.5727387412436769
0.6053216651090243
0.6147743590959662
0.7050342439390509
0.6728138433767351
0.5247505662253747
0.649276458591926
0.6546103036627294
0.7169040123252634
0.7254013294802034
0.5885278697032696
0.6118624208640084
0.539303502015539
0.6634385258388744
0.5872255070168758
0.6961617147485077
0.6931797903786977
0.7366779360031002
0.7104762378416489
0.5785032006854129
0.6134859487853506
0.6925993981796736
0.6523685776136513
0.8044762700267293
0.6062285989786766
0.628137300292464
0.7231865312976378
0.7538620028713511
0.6701866734089746
0.6855153831675092
0.5598394133834304
0.7012007308592841
0.6648720160930124
0.6908628175097148
0.7074844782633122
0.5671115041679418
0.6539982756778985
0.7967231717963484
0.7073040616740706
0.6124473205249606
0.6172436024943995
0.6851939915096337
0.717875858270019
0.6629647494043724
0.6383859269073725
0.6553375707245739
0.6899036041817266
0.7970022989022465
0.6555086510615722
0.714512617122835
0.7235721167185071
0.5173551713665305
0.7101770277489825
0.6338553428223661
0.6622447929274835
0.6009987141281794
0.6901873227347635
0.7842128801300166
0.8129900088995875
0.5904580515368552
0.7186836558556939
0.7426590616240554
0.6124864071642451
0.6908342849283856
0.8463887114637616
0.673155155696559
0.691573468100287
0.5681191316028771
0.7159677764290491
0.7267984394851486
0.7879750363373162
0.6852887002764435
0.5307315329732752
0.6696826788917254
0.6165888009933375
0.5496285385602204
0.6961523909897953
0.6598389889203332
0.6023312904112776
0.8368352652719723
0.6624115713854767
0.758539042184019
0.6590118947033012
0.6065645802983387
0.7623827709256967
0.7638744759047542
0.6507427957695083
0.5972724472802314
0.7529077085217292
0.6925012714028932
0.5751969683680537
0.6260867032037877
0.6851155692895805
0.7164226435487359
0.768023043513524
0.7076053330478805
0.7366518128173143
0.6481166804141879
0.7935838703675678
0.6981474140237202
0.6195633225243037
0.7600326875595649
0.6882305372797283
0.6328719766706395
0.8068197218899401
0.6124687601903522
0.6592426113046319
0.6675298388035585
0.6621718681296206
0.5968801071258345
0.7652803852051904
0.6352468647418799
0.638612014500921
0.7390690890719127
0.6857899427720336
0.6841563174018176
0.6417011463598202
0.7529726172243532
0.7225399598320994
0.6709618342181353
0.5911031161123282
0.6877983675123618
0.6993724086977748
0.6878168476587492
0.7306384750774985
0.7220859225192466
0.7288158862012674
0.627841580210969
0.6481679341142276
0.8895672643316285
0.8093636280524799
0.5770229590421092
0.639312167599542
0.7202911704434216
0.7724617595750553
0.6966677254264897
0.7027719321330972
0.7366186675184991
0.678486133578604
0.677303822908625
0.743762840664701
0.5793140098632759
0.7665501928512346
0.6160088982494379
0.6102912630420003
0.6663585368964801
0.6282196937468504
0.7145390573420218
0.7152572752369777
0.6167773721795237
0.9163048117794683
0.6567119728429219
0.6191641296676837
0.6430414130790584
0.62346059421108
0.6671690585195428
0.5745289760933877
0.7633883542037431
0.7764836570830548
0.5542076834109538
0.8180192992979675
0.6268259418575405
0.6435088467866074
0.7559759537532247
0.5973227972616613
0.7988855363985242
0.6166493219838439
0.7875592870527891
0.6353426240264005
0.6532192524158351
0.7318167406917049
0.6345671980233168
0.6027912473178927
0.65368280611148
0.8210089102227978
0.5924262198279018
0.5983691149943836
0.5705762666303416
0.7248862758315454
0.6339480934998154
0.7042241486566766
0.7068243967461607
0.7255348544244405
0.6815815422065086
0.6798489307346983
0.6976981927627683
0.7818295281282929
0.6510181002426383
0.6648491095715227
0.7498150324962716
0.6268453240917913
0.7000078529171492
0.8353953558365397
0.7111983500547291
0.6599734694053613
0.6901762517566283
0.6724839821181662
0.7223745961738806
0.5831915824405789
0.652557173351635
0.5604918145165536
0.6134584340166113
0.7409395286706222
0.6364410258922607
0.5269611590977181
0.6840331197056354
0.5786203640780079
0.7093212910540908
0.704830425195888
0.7659424361988846
0.6137889443666914
0.8017199388151847
0.5935363694656076
0.6821971495930347
0.6832229128093937
0.7740773222526852
0.6363873025258475
0.6664780711051361
0.6566165221958125
0.7079898618990577
0.6577408078088841
0.6993097119744035
0.5059327418198305
0.7048130606253497
0.718105295885068
0.731858486034912
0.59848191433014
0.7232276685586599
0.6715069761110524
0.671164489383494
0.621260006857384
0.7167332774462367
0.7159817754478409
0.613551249029292
0.715604676420143
0.6633293385819921
0.5768832442083767
0.6257847917917828
0.679843236266171
0.7278231713406219
0.5929480051379765
0.6892524364353508
0.7719555014361068
0.6135577726944563
0.7295011094251469
0.7344910553436133
0.655952223075186
0.7008456357794496
0.6705841988500317
0.7151043906568195
0.79768751297794
0.7780789431591767
0.6956099733290267
0.6648901281112849
0.7298898952312681
0.7003104357328821
0.6594718301979768
0.6177892707870017
0.6121545935582245
0.6530888675008575
0.6610948148098993
0.7730651042758353
0.7048687761901091
0.6749911685128579
0.7169883929708295
0.691769749089298
0.6578054883212041
0.6059589398386681
0.7302601966931282
0.6988343876150366
0.6444311719148468
0.754241718322533
0.6488178876533016
0.6338607571931475
0.6113329611970282
0.7142787403192042
0.8624526040498949
0.6722900264251284
0.6701674585992179
0.6949064146674774
0.6469365219093587
0.6807770602243713
0.7485584211811447
0.6989324956728894
0.6910173861220561
0.6591797489050335
0.6806512148434868
0.6085546419327733
0.6765455260768234
0.6055409714835998
0.6159982748573625
0.638619346244858
0.7163614802042173
0.5806626343491266
0.6923239302177443
0.6448608804403185
0.6869224930676672
0.6977846350364523
0.7384792724887846
0.6699768430429357
0.6628480358530194
0.7358444420337619
0.7189281656778026
0.6598823702907377
0.6638976286986544
0.7375409045208373
0.7677874975629346
0.6111383676046137
0.5862147445926511
0.6468587469460779
0.6915385025215558
0.6956402766089979
0.7747085018650361
0.5826193119918912
0.6876222995616115
0.6520087285014698
0.6584665553754144
0.6184954906050982
0.7334373982176905
0.7037812401002478
0.7349316068074512
0.6675445730939246
0.6065240163382314
0.7276946812660471
0.6246756667048878
0.7733986403150469
0.743311595715326
0.6678354233409236
0.561842236133575
0.6995800159417765
0.6388162678375099
0.7649563447126895
0.7052801981986738
0.7782469452326445
0.6996683957290692
0.6517285947429807
0.6313853559649748
0.8373827083430276
0.7768102818779656
0.5938753361069892
0.6101471584473542
0.6442515449839095
0.813307789980884
0.5284361875108466
0.7005776082108587
0.7793319680595779
0.5414199983756816
0.7760256213584673
0.6757827856189824
0.63142678388636
0.6336278398085732
0.7417398964819504
0.7281608108381891
0.5789130592722548
0.6496403984529211
0.6940837362707981
0.536986310375515
0.68220137847141
0.6516840905833349
0.7554529125781233
0.6231057962778481
0.7635483976823507
0.5731639507132809
0.6690799016980226
0.7594621608869937
0.622917329474784
0.7219695060253142
0.5875408621412319
0.6441845180982823
0.6534591150388199
0.6680478125259882
0.6775686864955238
0.6322661171639982
0.6684386488047794
0.5897578220507419
0.6371356558549354
0.6678012434005844
0.7355559496421307
0.701676188136882
0.5411541270260023
0.6408736256739004
0.6750867348843089
0.7118207095231158
0.7274074259601624
0.5953118406845265
0.630512107744248
0.7622190162079657
0.6742436836271645
0.7203108554941128
0.7658017374463761
0.7774098774214082
0.7405560911934309
0.6271310660672288
0.6585719430212323
0.7011348892058268
0.7251206239118044
0.6527837914362854
0.6717912161548442
0.5877154703014512
0.6396980504003856
0.5255070627908033
0.5949475791814444
0.6165991009843207
0.6559268517882356
0.7922321532246656
0.7000915783010971
0.7507398844639098
0.5410130684973817
0.5992290050377209
0.7364822021276929
0.736184158710919
0.7922265459537807
0.6422026204199175
0.6450618531405299
0.653778505637726
0.5848558099868814
0.6543924221561968
0.7121454883011045
0.6779412538537413
0.7129909147989694
0.7824952719399176
0.654155144721288
0.6227430830811066
0.7927693826227911
0.6797914091113221
0.7282087933154291
0.7451185453086399
0.6016520180078736
0.6575694061740324
0.700004624581008
0.695505358537003
0.7151356103752484
0.7542993800613621
0.7735160183723128
0.6387011571574885
0.723920079286156
0.5681502339635752
0.6818373434738451
0.6491103434433151
0.6040213441475509
0.7080750725103961
0.8340022910016056
0.6756051312191638
0.736993273051479
0.6144591396827588
0.7450833224647405
0.6686053548200627
0.6592376062216703
0.7989514223649952
0.6281378583589172
0.77905009760016
0.5882474863429954
0.6882570250092592
0.6137682667410663
0.8009308619422257
0.7535470026527263
0.7857149260442811
0.6908556276495263
0.5782981660497718
0.6241429974167404
0.6950796364653791
0.7123230561165228
0.7806440176794917
0.6780056510423945
0.6028155358846933
0.6408786646034702
0.6111950975162197
0.7537265223173928
0.6882356197220675
0.774058530786614
0.6147592727311996
0.7578926127753244
0.8088818896547627
0.682037094179491
0.7544275470469235
0.7614445415981244
0.5448558735220979
0.6269533020552377
0.619913014872907
0.7641782176459283
0.6105965353091583
0.776063734052056
0.7258415307141177
0.6720541240138216
0.8205092572388343
0.6692503471409108
0.6959452323593506
0.5409345489388815
0.6222553416897564
0.7800154355591624
0.5922907611335684
0.7569236937811421
0.626757618998076
0.6777515063658686
0.7040503535409046
0.7486069818297829
0.6782377488825987
0.6572935741068645
0.7773537751496763
0.7809440654632942
0.7093148464520099
0.7160924430342699
0.6239476239772648
0.751751380437601
0.6774844301430307
0.6775241853646528
0.7457058192209052
0.6755088854734419
0.713284432314644
0.6685423361487951
0.5344676491691865
0.48166490048284083
0.6098396085143049
0.701954178424828
0.7307050448292602
0.6190845202105048
0.6555967022704414
0.7962517796775002
0.6069454657771269
0.7170107657380175
0.7043167695828987
0.7525285843218008
0.6441516982814811
0.7479952191825993
0.6898442306903264
0.6872095843907146
0.6950390870179813
0.6426153263351897
0.7600803201144319
0.7074600189175888
0.7152461702506556
0.696131367975657
0.6747661458831579
0.7323144136616855
0.6576885583214003
0.6590915661759645
0.6289440678239568
0.6814876925615462
0.5229270039152251
0.6971674991552057
0.5697493486417242
0.6464047619121337
0.5834271293873944
0.7112386297264054
0.5159824648870971
0.7466272677244052
0.7055814982152583
0.6492461756404975
0.6413377350571775
0.6205664228053108
0.5962181147028381
0.7869304711662495
0.7489455013926143
0.5696302927502485
0.5753453191187536
0.6605478067017491
0.6522062290818903
0.66695109883474
0.6528017901264719
0.7104562910945341
0.7665799164575151
0.6481198996789329
0.6459880697250742
0.6782871086900121
0.5984741992368413
0.7246005352767451
0.6624416641340561
0.6762415599427013
0.736996386992806
0.6912942749611395
0.7489124350933876
0.7693367452819997
0.6101745844632721
0.5911943193317658
0.7164986283194417
0.7012879396390723
0.739537486377172
0.6797236522342548
0.6394635264397294
0.654773656134236
0.6397391659453038
0.7865686800380136
0.6901481899397951
0.6274634734514741
0.6589807363952441
0.7065829902637009
0.6983658197055859
0.6670048255324325
0.6425212730343576
0.7426499002299186
0.727729352555833
0.5830834306702126
0.6703915116821456
0.7638990441011109
0.5361192872193357
0.7585580859821901
0.630814735498324
0.722078734400875
0.5417525306446765
0.6334206672585246
0.5523914620874963
0.6028743243851681
0.6714043931158006
0.6021484730295764
0.7047602847229818
0.728300570851176
0.6199972470193608
0.6054945445752019
0.6441145571350385
0.6033803270318645
0.7493572338010496
0.7946528024685234
0.6671519400057934
0.579126571120097
0.7261104407273473
0.5042511610693668
0.7497809718734276
0.7910975939393768
0.616872787279802
0.6197122316482115
0.5791128364100442
0.6680728207718558
0.5819653322762924
0.6803982484650518
0.5921821729268287
0.5937179531749955
0.5467471274639104
0.5382032164422217
0.5786665264490242
0.7429821673021401
0.6412260185744981
0.7568531866341051
0.7039592588834814
0.6852573792339052
0.6559700769997179
0.7099086861333694
0.7109053475712845
0.6793385287706939
0.6007349409275738
0.4800714567139535
0.685857115500536
0.6348974096222636
0.5812973982267305
0.5926529327286452
0.7147734115390746
0.6043152939216561
0.6207991544001827
0.6445706390843117
0.7311478636958313
0.6352423712922705
0.7112718459366003
0.7092424103190398
0.6695849518801711
0.7308888021084168
0.7858443104405756
0.7760902210237074
0.8007692839490398
0.6415786652352531
0.6454852001857255
0.6639171489995705
0.9060191124936278
0.6119024016250507
0.6010511700111792
0.6694872401794252
0.6158924741731665
0.6488119296658656
0.7944119461569998
0.7725651082144698
0.6758315189005651
0.701138268545773
0.6701073332721283
0.5740219518619392
0.644056413037969
0.6736536719857504
0.7149802999398368
0.693934243143251
0.5746519495861118
0.503382172500722
0.6124232437626669
0.68846056107803
0.7540234529178221
0.6702175346966569
0.6772896975746182
0.746198674851694
0.6566589721828882
0.5914772655920907
0.6991889542463519
0.6443471381270304
0.6139184158941638
0.7526499908937632
0.7593746756171365
0.6030594238598717
0.571832489796191
0.6781986387592737
0.6528853762612324
0.5795922554148789
0.685653654974326
0.6997678159897772
0.714410154603825
0.6089211444939634
0.5848232277179873
0.6188006432202865
0.6418286821005205
0.7675686169122379
0.6676798222677222
0.7242602441423345
0.7015158804468559
0.5539158714956295
0.6517136154900467
0.5766945726358834
0.7439713357720515
0.5926978383799988
0.7153340780538069
0.6628488385572825
0.6092844906363548
0.7055323837030189
0.751582122167228
0.7128741457788929
0.6056037510226269
0.70823933054306
0.598042212442985
0.7557226796233528
0.6678661392802235
0.6932830398346997
0.6862325755581024
0.5812364378724569
0.6628547214859423
0.6877964265860605
0.6736586440535243
0.666472481147478
0.5501452982714329
0.7220623185448588
0.7626167567312375
0.7000155146765136
0.7303844009162357
0.5880174062669624
0.6443165395861944
0.7397064730162757
0.6202391238914052
0.65966149994353
0.7051512115634095
0.6653438889182898
0.6689859324992794
0.681062324259548
0.6543132821564603
0.6591174500945082
0.6418456165061209
0.7014799698770798
0.6007400792389107
0.5099233559168931
0.806176168539816
0.6825260460532366
0.6212923873002771
0.6134966674718566
0.7112860841825194
0.6750642345981693
0.683395493823654
0.7570072638272461
0.6514916600379552
0.6247497825549493
0.7031154330482107
0.5543665653374715
0.5892760173417185
0.5963289643200795
0.6242814366631633
0.7124751272138332
0.6890923531718606
0.6215299539650758
0.5564737828760741
0.6511482435593239
0.6096524391143144
0.6202061140063286
0.7315299042270123
0.6017784704801888
0.7524475080385054
0.6991083048335833
0.6983244431307601
0.6959081411583323
0.6539592782348472
0.8279736350090726
0.702655094187658
0.726066602557439
0.7622489654199638
0.7003708900964698
0.6540636580502587
0.5643199803848797
0.7148344105701663
0.6519766015697505
0.7051624653410546
0.6101747465931829
0.6092300476987651
0.7930863989001261
0.7277830230524613
0.6327150238253639
0.7034538654482615
0.5983595003195189
0.8014990263714453
0.6743013341407016
0.6755222076304194
0.6259161241676054
0.49648562485157377
0.7653058573822905
0.6265738469417352
0.6501828958874353
0.6783711843369498
0.761265067336864
0.6722642511499576
0.6734577786525309
0.5637021638040883
0.7140484901052084
0.7298896853978325
0.725225962682182
0.726132986802106
0.6480030937231204
0.6735229525466023
0.6519382504597632
0.7241021560981841
0.7051382462073037
0.6513866380353847
0.6828155463655102
0.5940110985822005
0.6778950640587378
0.6490191276228743
0.5328547583395392
0.739949536400022
0.7162040511331838
0.6818435941392501
0.7077948831643255
0.6922689936200745
0.5420580653423174
0.7001056870132056
0.6415061357169579
0.6729092253099958
0.7752003429876698
0.6854055666292329
0.767891720728485
0.7480340436318441
0.7291961014787486
0.6876279462461838
0.49415122897414737
0.6670355250871965
0.7706855201215713
0.5305707997792837
0.6406504533542582
0.7464408481009688
0.7738167316157332
0.7082300786086245
0.6274945273012554
0.7223944498899003
0.6058830214391883
0.6079543355802891
0.714242539089846
0.8061482718886994
0.8122189319732077
0.8015852262015107
0.7098646623780986
0.76542113833419
0.6520328316218317
0.5776953418075694
