0.7477612148511812
0.7471902945422585
0.7380018865027078
0.7117333752536678
0.8011536262249735
0.6894130830709416
0.7578947363500645
0.708715105753995
0.725593932379438
0.7360943704168461
0.6765876205289659
0.7735559915945402
0.7250858963503442
0.7503307610335064
0.6971580286242137
0.7204199308249237
0.6807204343232404
0.726611854493712
0.7132694446459618
0.6782230290060721
0.7406904885005661
0.6978828064009844
0.6840273461471301
0.7286122237919107
0.7091689704898599
0.7424766312829563
0.776347396657624
0.7380349473835317
0.7265216674787073
0.7141268072339433
0.7556052568965957
0.7147126933430948
0.7136999599700172
0.7533265976396584
0.724659943335903
0.7201732252148723
0.716559396412848
0.7136244163813644
0.7393961196916883
0.7658598180968577
0.7253922185143075
0.7850052728666357
0.6808652776512876
0.7227975504860733
0.7158978279227814
0.7609708229101887
0.7419209669429493
0.6377927383019131
0.705834055591974
0.6673909190397235
0.7215346699889102
0.7329793149904928
0.6970992556400059
0.7296160927746543
0.7363754974609455
0.6990347608526947
0.6958465865490377
0.7885791792106362
0.7292856761766616
0.7506113799648483
0.7764659935283743
0.7260403824107445
0.7795083238718433
0.7279722287172002
0.682052083210563
0.712489997879684
0.7631459203009008
0.6888706661428806
0.7178447217246534
0.7323634771005072
0.7265229594475012
0.7372701871631704
0.7580092163701664
0.7094647657695816
0.7015070573028351
0.7413637302351089
0.6937889768353448
0.7763430576721362
0.7518399653710715
0.7418045930895786
0.7263379950884535
0.7273783571927912
0.7022777123628196
0.7393453437521696
0.7164948665884998
0.7039654241829922
0.7277922235574747
0.7133954593039747
0.6766108593362469
0.716607536198279
0.6649531669027865
0.7115536613833852
0.70894010142443
0.7036841311229859
0.6910951977203122
0.6569410922802815
0.7481946324280468
0.7271578198670596
0.7342251163446882
0.7599955821846126
0.7142217589192903
0.6566552093988567
0.6588462460599749
0.7438015140114027
0.7033322442274909
0.7236106132882559
0.6848831347210957
0.7034822569927571
0.7836527117126116
0.7680904485252986
0.711290724321318
0.7564010037737958
0.7652477560765228
0.6667710634994926
0.7456576029513761
0.7347309145953339
0.7529623110347626
0.7021162147860932
0.7424594180343369
0.7179733544737071
0.7118153750495382
0.7025383603661429
0.6939595923475013
0.7358000987770605
0.7345641064551749
0.7698035387324529
0.6804949950635759
0.7045622160252796
0.7488485825897317
0.7398689185302125
0.7066471239322746
0.6643711179474591
0.7335080071399706
0.7201298387978478
0.7169925960418474
0.7488495784947533
0.6954756410007086
0.7356341870613944
0.7812338764321166
0.6962815057150554
0.8072140402001529
0.6932774099969413
0.7298079020245638
0.7353783076832393
0.7273516229522436
0.7405568275790542
0.742343145447004
0.7068085344075347
0.7096778246356918
0.7081363261767305
0.7133092794286884
0.7499252648372292
0.7500815042892498
0.761762980279119
0.6921843050735542
0.7182005142899314
0.7268958429195674
0.7399490082629363
0.6733543142477915
0.7410145270188906
0.7470509315381256
0.7252242172636385
0.6913628473065958
0.7519196545258282
0.6662450150696048
0.6990207094788031
0.7560290484166281
0.7885156528995519
0.7417130194462521
0.7211846974551086
0.7196804998884894
0.7678214738033848
0.7229759233193742
0.6935346177497159
0.7485330146138705
0.7704413827223455
0.7144223022730625
0.6704288985873116
0.7106646735289458
0.7301954698082525
0.7303298028645875
0.7157374898966568
0.6443217771178747
0.7147787480869316
0.7126347006789544
0.6820413541033398
0.765020942281136
0.7346353449846077
0.7482016548892604
0.7020545416721196
0.7703236890664819
0.7641061041733478
0.7585228001137236
0.7095437376528491
0.712058661180945
0.7148741918530193
0.7344724557082568
0.741329414184322
0.7202090391082456
0.7296222901029704
0.7495665759699205
0.6747537382356428
0.7454231427337349
0.7219819192705281
0.7748386096382691
0.6902566514082779
0.7415740193787639
0.7692435464942555
0.7097089885149696
0.7219027125735347
0.7434455090348704
0.6823151211905275
0.7260533685540717
0.7395881673742672
0.6894280676772832
0.7372630773565951
0.6940884232209434
0.6950867419406768
0.7638280716852633
0.6830465769479821
0.7353943426924852
0.724747735497374
0.7539506218734036
0.6868832320613178
0.745949333761712
0.739621326101012
0.7538808945501283
0.7748726159149649
0.7706988991822972
0.7111210469695058
0.6892802110407846
0.672405678393213
0.7406703916277436
0.7296178639583308
0.7343497208224535
0.7646898327640281
0.7108703052632056
0.7706025692283447
0.6754560792076177
0.7338812224581029
0.7403312334932598
0.7105172263939249
0.6903400779094974
0.6948600262150258
0.725061400927425
0.7331141835003784
0.7200296209105996
0.7079361296101169
0.7707588776604792
0.7353733243064957
0.7446336856357151
0.6909453361874078
0.7292586933840066
0.727941240391328
0.729745015829618
0.7204584599695159
0.6983818793187206
0.7687044321515284
0.7215166669456885
0.7471761298252441
0.7276181727566159
0.7689346104563664
0.7374647610007455
0.74798959338406
0.7018677388409199
0.7679321577074778
0.7197303923897215
0.716109258156993
0.6929738836691509
0.677757613464783
0.7624314965148352
0.719725065025222
0.7552983417139251
0.7059246307343344
0.7386853362849026
0.7567593338181806
0.7435107234498985
0.7260044896798773
0.6946550223029253
0.7192666606783837
0.764393155100905
0.7040015264092764
0.6564877874066956
0.7088732045626224
0.6767283901787153
0.7159659904531507
0.7322210210851252
0.7566560430992222
0.7775446727676124
0.7136567708075604
0.7205845886188708
0.7631493607635844
0.7422162300327517
0.7346049162600574
0.7300231229552867
0.7102283103535652
0.6383407386663159
0.7149131138103579
0.688450449110518
0.7418492641047587
0.7416195286596845
0.7183946907012102
0.6947515221634526
0.7417968409062679
0.7186632134684876
0.6819159466160052
0.7507080221604725
0.7030836789542682
0.801441687413813
0.7099150398875518
0.7741491901203739
0.7503466183112624
0.6884027908258927
0.7157822599340036
0.716531015036534
0.7179210295369752
0.7378005977626887
0.7346231896239619
0.7424778430853824
0.7184290675603215
0.7223544720101923
0.7314309465587018
0.7985904549277063
0.7255372628418824
0.7092495580064284
0.7161858815944493
0.7377785218072598
0.7349163119284907
0.7072941208725896
0.6952313818970746
0.7919804548531171
0.7148279824328179
0.6861395271759467
0.6795887457993856
0.7079424479064028
0.7716109152864206
0.7398308299223826
0.7638473266755292
0.7557629401476417
0.7107616650125089
0.7190053812774242
0.7929436259472067
0.7317273447844839
0.7018828685942158
0.7145677768836933
0.6342433373581847
0.7023788538861132
0.7127006022375381
0.7007273039038815
0.7273200812766288
0.7620445461844398
0.7092278777666777
0.7972089185931018
0.6955210438430458
0.7567824554408823
0.7841773655400124
0.7007836302785195
0.7113598625868145
0.6740842718375769
0.7305081015678201
0.6784460729536725
0.7129667097224629
0.6754007564227064
0.7450208430580921
0.7205197343745088
0.7319187031427968
0.7692278246794517
0.72379790252697
0.7297432655091353
0.6277566701782242
0.6485790100567671
0.6972368111510204
0.6776501695288482
0.6899166330079067
0.6872161935486174
0.7420812106281363
0.7235660058319258
0.7239704827135997
0.7364491012283115
0.7398335837932503
0.736312729294591
0.7890155554195013
0.7560852205693152
0.7657712368640203
0.7908242878998273
0.7304478688901055
0.7201871961250941
0.7016235322481738
0.7367833017489974
0.7290806133997391
0.7272428765994314
0.7350619696631819
0.7154059703458141
0.7094184214082156
0.7313778303430196
0.7687948091901728
0.7036001989250552
0.7457558737494145
0.8042272025895215
0.7499260814612401
0.7262623620941736
0.6734714742302875
0.7566065455622778
0.7234104308429568
0.7656324162517768
0.7213213501613126
0.8073660539938122
0.7517913214098315
0.7548432095121985
0.785605446950195
0.7099589140953612
0.7512827853169528
0.7865635010557156
0.715106748165296
0.7163012967640735
0.7378943488049907
0.7152510694575323
0.7430820698842489
0.7329169097432653
0.700493299963603
0.7164147588683042
0.6857833484354604
0.7381737948052043
0.710855893770836
0.7094955096626754
0.7187853300895217
0.7005894676855329
0.7279295219315629
0.7538674764927352
0.762443483987774
0.7178181260590747
0.7317074057589299
0.7437720295237461
0.7576182262593574
0.708600393175456
0.7512243404138967
0.7046307730873732
0.7146901365217362
0.6880705999715043
0.7034148133139715
0.7213928354560176
0.7317496172835115
0.6971566362139138
0.7398765721768568
0.7188020556945763
0.7709628056137784
0.7403258953579234
0.6550781567193271
0.7745200935736013
0.6830486906831502
0.6846283174113393
0.7554915118403989
0.7252094230665453
0.7560366770251604
0.6856750436085864
0.7119216761075934
0.7136400383658439
0.7435491941043663
0.697764833533846
0.7070320922699322
0.8056879179136155
0.7646272737183113
0.7111368460726974
0.6564760599638522
0.7028361146645923
0.6773150557042942
0.7330188368943236
0.6985829347515247
0.7004347637000147
0.7341887745297904
0.7480094119566005
0.7248421975153257
0.7119992386277428
0.7151678157859829
0.7449648809296647
0.7646258767320264
0.7053252356713275
0.6921410686337648
0.7214504512864022
0.6982699262836739
0.710284354996997
0.7258891681118026
0.7223513423035107
0.7042451153340585
0.7332313241039645
0.7200270072115568
0.7271045395742901
0.7177178363210602
0.7468781103558656
0.7220721403830629
0.7096793549761138
0.7166282885192125
0.7398262242701966
0.6933225275589286
0.7240325272003751
0.7237056737927327
0.7505160393619879
0.7264206459695094
0.7785005487275765
0.7211945227824967
0.7362581887487717
0.7802935430997502
0.66291866422703
0.7467390907388112
0.7114133260998953
0.7428010125344958
0.7519228252430199
0.7636315347614365
0.7580196818342628
0.7077519498113124
0.720790554866969
0.7444768514047513
0.7302536624772995
0.7187293850748675
0.7483193669157863
0.7785804730821594
0.771107004768638
0.7085287424195343
0.7370652947485261
0.7558561131128598
0.7445338721595881
0.7170218596702582
0.733200426432696
0.7511955589808365
0.7272410286518022
0.7402377234431137
0.7134159410868923
0.7525544807957529
0.7191458904160383
0.753833848654571
0.7338263959108469
0.7601835666797507
0.7333879148535921
0.7382445147547361
0.7450856226648342
0.7352316874914557
0.7175192646464219
0.7916113634806553
0.7202029304315056
0.6667584825203932
0.6775080029608341
0.7345476597853989
0.7293377490566768
0.7369704013291054
0.6879679886204005
0.6984768971346086
0.7422608044018077
0.7408105476493094
0.7366332819712764
0.6928175833853382
0.7114809478169709
0.7296711879877977
0.7434718273652785
0.7064949994526615
0.7593757422269665
0.7370507685310225
0.7603927609410275
0.745790332805486
0.7148536072441434
0.740126901806027
0.7175042881543218
0.7593998985871449
0.7135181671939819
0.6661717367628869
0.7622325399520499
0.8033761517711171
0.7384247415227199
0.7078927209600335
0.7348824740649548
0.7248846354406927
0.7464141214062355
0.7349952471970954
0.734080121324342
0.6946436774354114
0.7099308204505954
0.7375654675478729
0.7676791619391621
0.7282088481368814
0.7422085795534383
0.6882724002346062
0.6689909359553584
0.6770680673257409
0.7156144109121078
0.7455427714350792
0.7396374307606001
0.7227317472848835
0.6915190483352603
0.7366483080287031
0.7394039895991322
0.7504571797801264
0.7479293821079489
0.6927332181134659
0.710699346440665
0.6757174762717987
0.7373994587097306
0.6964403197668748
0.7607300160014128
0.7061957392808269
0.7185561711886631
0.6941258636918847
0.743705761593255
0.7449002212529189
0.720596872933909
0.7110715928649669
0.7230790488034101
0.7972421442036397
0.7874864218191866
0.7026115496949713
0.6720908349723598
0.7201864912926667
0.7231274231297945
0.7016517699179833
0.7414398174103253
0.6802812045188225
0.7471412829063884
0.7074372807157622
0.7067287058303482
0.7084701617307992
0.756393460391112
0.699043105764614
0.7056208398806794
0.7461262485876016
0.7608558966287103
0.6800472460623069
0.7632347997140909
0.7358356210537023
0.6920130064875997
0.7105467863838556
0.7748636745122837
0.7775801169678237
0.766224301902485
0.706376466481291
0.6284365861473369
0.6970317532168654
0.7122404435711908
0.7573427305990499
0.7134554513085659
0.7145241146884487
0.7607414930287191
0.7014917360946753
0.7786516434546535
0.7048239524864066
0.6934001794682472
0.7800409236585877
0.6914790640100114
0.6770734485620715
0.7717684890844955
0.7308895706909508
0.7215362562723971
0.6904732217830346
0.7344627919667694
0.773052753206177
0.7574400409487982
0.7151604717921344
0.7466178197647886
0.7768927818417564
0.7527794505871268
0.7661367245939598
0.810190236844042
0.7128697051375886
0.7066137873030041
0.7146109812688747
0.7479180513605709
0.722168955507394
0.7113493692544387
0.7168093041809491
0.7147077806531921
0.6910013453203051
0.7490998608179675
0.7097210446578712
0.6785844488595493
0.7804856578504392
0.7511776035374765
0.7147964034011925
0.7073777774302982
0.7305827153353718
0.75109346710553
0.7379292681173613
0.6884513142907116
0.7400441616838955
0.7621776954744302
0.7010293432010901
0.6853973040796701
0.7513074163190602
0.7011514333370449
0.7272501978265014
0.8085737128611493
0.7139148010730243
0.7794300168722047
0.7183899586795479
0.7204179673829514
0.7038464512127043
0.718371184303746
0.727689760944315
0.7500529281946533
0.7501726125992694
0.7752600034951813
0.6912721849216905
0.7518701085471022
0.7600143091712442
0.6659677113718643
0.7517857432766354
0.7500538107555956
0.7540155757720443
0.7226819418471333
0.7278076184654587
0.7330731239143035
0.7616388761200216
0.7270651209542122
0.743014313721899
0.6944252422295135
0.680278374613927
0.7295472024505478
0.7393312150826167
0.7991802215767356
0.663300569171865
0.7231398645001037
0.7178474971641378
0.7275162724716703
0.7283475466081735
0.8070446674141257
0.7374033594574432
0.7192468829063772
0.7437350284926092
0.6847993826441565
0.6977674440356205
0.7370655167587106
0.716079778434948
0.7017009744329734
0.6552752279467051
0.73298171642767
0.7210764919075321
0.7717601991294326
0.6527334007825315
0.7341263428779828
0.6793491346697943
0.7568488926262896
0.7291423258899831
0.7160634699831171
0.7352534086356198
0.7290810399937535
0.7233419073168161
0.7062803221607182
0.7122658395220803
0.7501426543144449
0.7519270204675933
0.7727364629688379
0.6896317453591916
0.7262988042068999
0.6701879590523978
0.7093886084222847
0.7646758604022198
0.7705441308660574
0.7630334287509234
0.7252391545117944
0.7162400103020825
0.7404843387979061
0.6809413262224182
0.7347311604956317
0.7087513697746823
0.7396928045311527
0.7745547256181898
0.7141628411516125
0.7557649871411757
0.700525215992838
0.6935108104474171
0.7029489857912304
0.7351902338698043
0.7199856547400694
0.6934079190130706
0.753002087108964
0.75123098519922
0.7259696416504984
0.6931614016003425
0.7114452808560056
0.6953298276468994
0.7664632757893278
0.7492244899422782
0.7511618737529553
0.733959310513324
0.7784198794041659
0.7379434327348096
0.6992123247731489
0.7458412340170097
0.7208493839628266
0.7580864551433282
0.7277843510064532
0.7610792334243749
0.7746260508329372
0.7319438930067184
0.7330858002088565
0.6852861714229074
0.7811351540410026
0.746987641956003
0.6797084854177763
0.744104878461197
0.762442617254307
0.7568871746725637
0.7145872827771886
0.7223438823181713
0.7784285644053421
0.7211029129114097
0.7155346189941056
0.7280188380252163
0.6670290910442785
0.7396951753913003
0.7442607453737707
0.7526468813053142
0.7469494810406307
0.7038799739967782
0.7331031936514731
0.7711582203220972
0.7703316890019613
0.7324210750418185
0.689856073488617
0.757493275968095
0.7378412798412515
0.7042626573831333
0.7380188884052037
0.726641462724039
0.7128107029739493
0.7529421058892733
0.7527710569056427
0.7527694000803009
0.7149779270395761
0.7992071701986767
0.7640765726374339
0.6781617781103052
0.7032454780849307
0.7685046586898515
0.7769337607903605
0.713194751204626
0.7113470924149302
0.7307316641925925
0.6765505034286589
0.7527010566291117
0.6991956825968373
0.7325582343018007
0.726378728616837
0.7492371228763447
0.7153160144984484
0.7251458547189912
0.7400351495566229
0.7373881498047914
0.7018223491110276
0.6938400242636962
0.7138623426888436
0.7788391605504756
0.7435139884035974
0.7415380769668847
0.6683766437620025
0.721172871100436
0.7163562381614944
0.6722723390215801
0.7377807812859294
0.7698893451712763
0.7266577830724358
0.733644440646942
0.7166683730626381
0.7221938574735655
0.760204459170502
0.6702284393353204
0.7351454078548941
0.7794623282496134
0.7401607093851563
0.7578410308546049
0.7525198134906539
0.7324047881165906
0.7337445634606122
0.7172299792107306
0.7414919243068916
0.6821893099319536
0.7329497443013899
0.7021780076280587
0.67961895857968
0.7095362280098517
0.7896720775656669
0.6684264286164538
0.7086092631101134
0.7083910583548537
0.6820244412796627
0.7675228156659516
0.795672726565272
0.7184451271273572
0.7138585404662282
0.7476543414149492
0.7552939211166049
0.7170397392588317
0.7253402735458128
0.6736399225262882
0.7520672489455502
0.6822494785041955
0.7083772919014931
0.6623596421984078
0.7361597981485207
0.8082332218531589
0.7206243432954557
0.7428824468494715
0.7585122354712588
0.7387007178303302
0.7495989074663562
0.7049692196698073
0.7067783379097179
0.7456189247934111
0.7462126164001968
0.7498647098912665
0.7274998798477408
0.7122723001331244
0.7264776868866125
0.7696624268652448
0.7720338530546533
0.767769195164617
0.7599239591619661
0.7503101043229298
0.7055429438901399
0.7255901586108798
0.7295018873833041
0.7157688250830587
0.74647508282463
0.7348409343200588
0.6977058380444734
0.6800743598771096
0.7290511380922373
0.7383581475604403
0.7061398534039116
0.7737101445062133
0.703549933268798
0.6626207040449192
0.7238956160213192
0.7312191746154638
0.7333200453062438
0.7118453434234095
0.7465207457276295
0.719051633305918
0.7354092768436399
0.6978740904741475
0.6846096148190094
0.7865000268582087
0.7732356149798745
0.7082808941162869
0.6889035642547329
0.687285929644764
0.7085104952627446
0.7553124826522134
0.7276714002074096
0.7479037805602191
0.7914988234144656
0.6919908791771713
0.6951416253146983
0.6576290628222742
0.733873748356214
0.7185482089080506
0.7122119197929279
0.7431865401449622
0.7096678222313827
0.7158160043010657
0.6758658880147551
0.766653338752732
0.6644106338811707
0.7264970415493864
0.757667386870614
0.7498590205042617
0.6902698272476684
0.7128630984159282
0.7093079162531718
0.6961196879265003
0.7846204796076968
0.638596472338639
0.8062275948716847
0.7520417805897694
0.6962810704190601
0.7509323429519706
0.6942604984343025
0.7525385727891228
0.6810110566552618
0.7704515287802043
0.7218439218345913
0.7374743718890926
0.7358322347650708
0.7071645211096894
0.7601540373138211
0.6510243223778999
0.6623456505337142
0.7116375632576614
0.675259865527276
0.7526616637293927
0.7441659762654527
0.711619257534614
0.7347028745404879
0.6718736411376147
0.7099669569880455
0.7550542571680429
0.6940476731073331
0.671909826112739
0.7253834728919099
0.7735618023033737
0.641114500475752
0.6790338986087595
0.7491227206442199
0.6623757410963087
0.7371401253992191
0.7252713394319044
0.6971380573409303
0.6954187695562849
0.7121220285819198
0.7534921964717968
0.7062679065111223
0.7325158258900567
0.7397150451091562
0.7125335881509035
0.6779860149440928
0.718324631521381
0.7772394657145348
0.7382408867399183
0.7172513808125882
0.7167239817093476
0.7529100903469896
0.7005208359387601
0.7783471624738318
0.7075312963319651
0.7055142813527916
0.7049333207704184
0.7785397881996396
0.709543860540535
0.7422856083167216
0.6805014444004421
0.786153602467577
0.7222026359506214
0.6971322438096463
0.6881974089643129
0.7122632584508086
0.7483671698082686
0.7238215691696356
0.7616016767075857
0.7177012310016124
0.7156714846815208
0.7516292600107466
0.7433910427703393
0.7952969906278378
0.741143456810423
0.7457280724197449
0.7365354254988118
0.7289132806909311
0.6817065893549672
0.7903134585101457
0.7465038749382283
0.7036504392723852
0.7403591491868139
0.7003368830493575
0.7373698338800873
0.706822346167834
0.7672875926741067
0.6869602628526655
0.6334962367447972
0.790050441855875
0.7655846837442434
0.7425695294201252
0.7538674967713842
0.7337783213384461
0.707575116122802
0.7228411557419456
0.7363380675425502
0.6792658184147813
0.687484235913945
0.6655820539433037
0.7333674835395545
0.7647706512267415
0.7147408355522792
0.6789500835960042
0.7633978483996342
0.7058359508954767
0.7331506955472223
0.7149466292145417
0.7672661643923436
0.7272133838347203
0.7706580505283093
0.663047860957089
0.6964644398274278
0.7405481360529342
0.702662414825331
0.6870168429625879
0.7246040657420628
0.6765428884535347
0.7346723682716603
0.763994208134367
0.7092566141468192
0.6669491032022413
0.7922457886064913
0.730724542869544
0.724445347715411
0.7675193752623549
0.771139111174397
0.7272923431283809
0.7598714006265087
0.7690037962781987
0.6656366837318815
0.6925771541077143
0.7337378750300989
0.7407897635767045
0.7229777469848105
0.723074291299716
0.7023749699232343
0.7725231305620038
0.7115968443877156
0.6752579188797088
0.7461394454091824
0.6897757089465046
0.7304326666980656
0.6931845992524934
0.7435392245733183
0.7282124111871773
0.7665411819000463
0.7857709924445506
0.7555308509074525
0.740707115991744
0.7307605587774283
0.7799112082260352
0.6946010260046714
0.6705652024229087
0.6825150739157793
0.7148599798546647
0.7437795654157797
0.7433525442396108
0.654557910136303
0.7235817283597601
0.7253238595192706
0.7579238195422041
0.7192415002295989
0.7663760658767436
0.6872135489204401
0.6652028443760997
0.7569486317298137
0.7506904661317566
0.6890340746022753
0.7784631786234313
0.7106388286166418
0.7260704990869143
0.72550589788971
0.7438173179141817
0.7589272457773857
0.6882530627202768
0.6590221933133749
0.7404058533136674
0.7229276612809193
0.7135531360659334
0.744267108281392
0.7438705216840842
0.7560646757839283
0.7734137255272083
0.7276802088014035
0.6968013619951373
0.7607781717495785
0.6714103365964913
0.6904722523516549
0.7085094751476818
0.7117987758135803
0.7356170126050441
0.6986947933216732
0.7016238329214519
0.7022249925836762
0.7470987065622938
0.7653253113083555
0.7534052254280846
0.7300484091984385
0.739640820848
0.8016796873679455
0.740325713151635
0.7324960176051537
0.714811322157409
0.7507310516042269
0.7197941472170649
0.7264016378667921
0.7277627365609705
0.6819090295351519
0.7175799284684774
0.7175588580921828
0.6958238223050076
0.7098106529734642
0.718501728742146
0.6733032669357465
0.6917795343469738
0.7534880439012405
0.7157528157024116
0.7011591924489259
0.7710762927245479
0.7369542035798298
0.7030427317987821
0.7388767621693957
0.7125784167003236
0.6992862191619182
0.7451661869851195
0.6927114056533611
0.7586511198912569
0.7409428227009413
0.7536442295832602
0.7705555989289757
0.7361939427363777
0.7325826188010034
0.7462759955274484
0.6977621975268397
0.6790377002827521
0.7618263836036988
0.7216351532047843
0.6740687171644402
0.7038718533354835
0.7191328609343621
0.7337860448491516
0.7444958759901658
0.7374839952682214
0.7553903342849633
0.7912671193186197
0.7140773775069604
0.7151188882799477
0.7426211798228936
0.703617151005389
0.7287058445807607
0.7030266149037357
0.7459442616964896
0.7271671772109297
0.7296716329163339
0.7675198546580242
0.7393842311568392
0.7200713855425447
0.727657175979882
0.6904112397681019
0.7188203042616875
0.7015292783349649
0.7476521102918017
0.7305218207458897
0.784872756029037
0.7097084664940142
0.7100612074876725
0.6938079704474536
0.7580973078702893
0.7719059684504855
0.6855370343673616
0.7598424544174536
0.7101291825683334
0.7250084028864456
0.7297022297128951
0.7035146940890343
0.7130290052421916
0.7273355420347567
0.7107092312977855
0.7191778455643371
0.7335319757042852
0.7341244969729879
0.7351894964223182
0.7211462430548952
0.7126837170113627
0.7071269235578433
0.699687950548281
0.7749806551864538
0.7288647442213435
0.7813357604472834
0.7740567118310245
0.7828711124436843
0.6690455583670298
0.6807763552620405
0.6989624633070615
0.6675070858580572
0.734401724249552
0.7153952110081133
0.7568633104334206
0.6994304006689379
0.7411213329987107
0.7354465435293608
0.7125129189576335
0.7521271920379101
0.7279079065764904
0.7689987359684703
0.6826717114964567
0.7134264170631655
0.7230859653175329
0.7281462575620317
0.7565346238801455
0.7761977233682162
0.7150515286993184
0.7270866552745373
0.7750034245533498
0.8039257238512031
0.7586955990078944
0.7413227597723122
0.6623035417685031
0.7136576848451636
0.7429984109183408
0.7265675340668678
0.6970865794548513
0.7315792701891364
0.6983771705292673
0.7353965404404226
0.7365934983982498
0.6980247505353204
0.6865417670859542
0.7313517465828976
0.7623622781221867
0.7736684370162289
0.7266183629128227
0.7168248592512578
0.7449250020380346
0.7650007076800295
0.7643678878865874
0.6475747992247686
0.6735526570420466
0.723251227334974
0.7169494189060932
0.742976314591719
0.6838840122226245
0.7319264817331219
0.7218471992456142
0.6871536771374244
0.6908250694138528
0.67929746330267
0.6774215754320816
0.7046914538318324
0.7404016003622572
0.7809693509432445
0.7743687234893766
0.7417875402933635
0.6960891005402843
0.6851137826834486
0.7536147858164131
0.7184508975771258
0.738113307349884
0.7290250125997901
0.7398002061227562
0.7508060773626509
0.7219392884974254
0.7242590896336658
0.7082652044433395
0.6701373031889233
0.748584966079947
0.7505810037341119
0.7092972574168389
0.7324469625578779
0.7511968211537288
0.7426978983490389
0.6587742040303795
0.7277201984146375
0.7449831277880508
0.7049339629940254
0.6894480360173275
0.775083241290908
0.7361217235161083
0.7456731500283695
0.7555306528946687
0.7170267856122026
0.7599763149233133
0.7454095880774494
0.7152852754635473
0.6896404863923143
0.6709243716083763
0.7238336595256436
0.7096717586296172
0.8182784136137157
0.7317381604513874
0.7428105873672242
0.736055511103666
0.701718186542842
0.71766526825129
0.6858909503963563
0.74517034880926
0.6831954122897683
0.7671510738361615
0.7087418250013586
0.7232986975743434
0.7440351358646914
0.7316367577665387
0.7514352981938393
0.77351602594805
0.7469363583742965
0.6943207586677903
0.6817638844367583
0.6591454035170666
0.756673696226436
0.7285590945840361
0.7427156974593416
0.7436094595066072
0.7469583878604049
0.7356719240177725
0.7621280216191666
0.7148848961230959
0.7253211741216924
0.7265150010635419
0.6896742481500461
0.7365079628911736
0.6696946753413879
0.7551435936767484
0.7480821112868377
0.71190609339439
0.7682727819537871
0.7439739142551272
0.6890739001715573
0.7642356534623946
0.7177282125508465
0.7526628163506836
0.7757051310582548
0.7672496086263587
0.6863047097017391
0.6990229838575627
0.7474866005213099
0.7280724527292973
0.6777869365499646
0.7432506673576131
0.7366921144644675
0.7802368921657392
0.7374326125764611
0.7400305423750526
0.7668973031629165
0.7238015896351927
0.6893253640112046
0.7386088112657633
0.6883769538490522
0.7407797296831258
0.6396028391349938
0.7084976637180758
0.721999980434282
0.7299333289177623
0.7074002382811289
0.7274455486892684
0.7113694121400603
0.7901367057854068
0.728597030774893
0.7582140534872369
0.7225022032793909
0.7337570163950203
0.7304290402460699
0.6728136653271987
0.726436601598001
0.7396219622829654
0.7018547424060737
0.7052192794670753
0.7339255255133365
0.707503551705294
0.7168881513441893
0.7188321789589602
0.7658814769276346
0.707710242447675
0.7263143874906189
0.7466751800464697
0.7202351143873615
0.7382064223604279
0.7447293025684424
0.77464493885625
0.7695160241623219
0.6973274866226592
0.7258182669049129
0.7402592089501038
0.7454221160214054
0.7561736714018545
0.709444892929927
0.7266529707906725
0.6884985088720277
0.7620173404852644
0.7401244397203772
0.717668431792311
0.7171497770944827
0.7555834054115745
0.6755550330153525
0.753950514840354
0.7123230536367153
0.708912650114748
0.7276700644399139
0.682011652911033
0.723691230556768
0.7146156212639793
0.7532972631203906
0.7346373614401169
0.7199304226726277
0.7127915619799235
0.7147693772662567
0.7152531251701533
0.7385068725318706
0.7211854272705628
0.7062176169925398
0.7903676154671281
0.7455823554388737
0.7155922073017538
0.7316272808886106
0.7574318372407151
0.7659628945344725
0.7108441070579734
0.7291314326511154
0.6910156706492961
0.6710846046172414
0.7145701495644367
0.7235874075169729
0.7065140179234916
0.7307427924397094
0.718496630919699
0.6763783134231924
0.7447651339395924
0.7298592355298897
0.6818108220120349
0.7245209232608995
0.7325623696874611
0.7754782854364521
0.731548458220429
0.7218659382189454
0.7262320999135837
0.7622290015241873
0.7952877742667286
0.7247153707828373
0.7360497741074612
0.7125193387865677
0.7880420532856248
0.6529304519772512
0.7248575176780947
0.7155136825019206
0.6829675772854343
0.6938833638539503
0.7294846562291777
0.76302461235847
0.7401692020229673
0.7574245463478018
0.7491509647246055
0.7805233757593917
0.7575697665443084
0.6854625165851083
0.7329282038153163
0.7667420998069931
0.783751551328631
0.7778817455712707
0.706390037140928
0.7283678979988772
0.7125983874382862
0.7470369895005341
0.7679267694182137
0.7056987879170599
0.6940493227999025
0.6930073110602503
0.7374714853677748
0.7567131752785128
0.6787103735176132
0.7279511023073683
0.7468383722191861
0.7115072980397388
0.7194552128018615
0.7843645136321103
0.7181463701456714
0.7310263980870282
0.7151006093430027
0.7128014700717235
0.7544000179137892
0.7256167972328492
0.6641483245504941
0.740203898988109
0.7528653404533922
0.7042860231805924
0.716534533360133
0.7342201151144399
0.7422345635498486
0.7589161858890632
0.7776712664014571
0.742187870410743
0.7663716174688681
0.7506681762227757
0.6850243345160113
0.723679198120174
0.7094761822788505
0.7124071945811908
0.7108412786159379
0.7275126236049964
0.7754213349794112
0.7159857747937012
0.7214382221417528
0.7195067603485628
0.6755390034455552
0.708560234713189
0.7800138776678163
0.705577784195702
0.7346058752729491
0.7816127466344523
0.6680853871467438
0.7351876332704365
0.7353369328653283
0.7724818592292012
0.7278345465562299
0.735027796589619
0.7383408584650857
0.6916663404266549
0.7614205404430555
0.7410067730667123
0.7253511712182579
0.7371177241114111
0.7160796514295369
0.7976554172636019
0.7256719336343131
0.747211164160811
0.7080878329768621
0.7023526941629976
0.7421971874705168
0.7113718714913804
0.7586946620195494
0.7783224788858314
0.7085294630478567
0.7229104649779308
0.6741200284982182
0.7256261223492213
0.6974788089937111
0.7230305712023144
0.7556201132115367
0.6849198207666037
0.7331469167725442
0.7741555127809714
0.7353702292424498
0.7510165796718495
0.7576152097990227
0.7989724260732461
0.7793912795944268
0.7542936783205233
0.729484658686985
0.7129021376481995
0.7557018542182555
0.6952713900762134
0.7960329913509501
0.7797149881717
1.133818972809859
0.7256466542077851
0.6860118973921546
0.6547220840670186
0.7145076390388483
0.6657567344390389
0.6598862546895118
0.7515341285599474
0.8121053405031857
0.7793084140014386
0.7489064931416239
0.6991639749771498
0.7657711246857835
0.699378238655876
0.6959819087796053
0.6915444877336628
0.7070932784300389
0.7615237250589152
0.726827840809624
0.7115577931228714
0.7098320853112234
0.7501268574627554
0.7322819259750419
0.7772918578579541
0.6851275570158801
0.7467152111976253
0.7235137687165883
0.7815026739809309
0.7167052727490593
0.7351420228468483
0.7172039748571574
0.7350550603274262
0.7647136018058637
0.7046566053247452
0.753530798220452
0.7080012169176241
0.6617212906343736
0.7280314361499577
0.7653504925915908
0.676383181811283
0.7210098716408672
0.7270679057427183
0.6954477506586638
0.7431696322279671
0.6789898605541602
0.7113245779063846
0.6570381759878082
0.6745766150845784
0.7734276449866005
0.7739186581899726
0.7281350570905343
0.6641723023230125
0.7288559411302042
0.7208561614249955
0.7141249226798564
0.7827495728228065
0.7249868597910063
0.7162117342610305
0.7215326303752322
0.7072300458190437
0.6709435663800654
0.7173275883613621
0.6869311710321669
0.7427144458141598
0.7787809371660287
0.6342085988923891
0.7460157339057529
0.763309822992184
0.754644930040604
0.670948542984775
0.7015295316643126
0.6457211271889737
0.7151155750170302
0.741474404763197
0.7098035215458659
0.6717520874672096
0.7189418428949572
0.7561849440583804
0.6880631011497113
0.6852809664508719
0.7404553243419538
0.7370628892180799
0.709230961625773
0.7283769615095887
0.6629553491689588
0.7176927632155518
0.6641095096503619
0.6910895831666733
0.7243518593829985
0.7480223768121416
0.7115556899794976
0.6689407761006572
0.7400543762180446
0.6994899264842778
0.7029430617566774
0.7146054435785262
0.7002546033978593
0.6910446500410036
0.6828629596817275
0.7785224358180723
0.6988242246955628
0.6874281769584779
0.7551990783956548
0.7648757992084319
0.7168109400855012
0.7065155956357158
0.736464336605628
0.6975944392117531
0.7882408317804469
0.7334954893668004
0.6878226435722711
0.7776025921996321
0.8179597850288414
0.7427881254495691
0.7515558617187876
0.7534769090659132
0.7310572406735791
0.7182368679919946
0.7444880053361027
0.6663865577115865
0.7864737203786178
0.785256624002401
0.7062933473107197
0.6740357798875015
0.742784010436942
0.7880252340204854
0.6934555109266974
0.7240442127243678
0.7616893442187967
0.6175004071740935
0.7192479933932319
0.7435003785606606
0.7337017250456215
0.7324425819117814
0.7341325855878894
0.7052348324983538
0.7316749277544192
0.7243019261708803
0.7249595391832907
0.7650147762097026
0.7183403848177601
0.7014144158780806
0.7271622165829814
0.6942929854707359
0.7253485781069171
0.7050883091438368
0.7079435937518807
0.7115983748769713
0.7530498752837391
0.7539745954920792
0.774113142268394
0.7195079867244688
0.6967776545086386
0.7794138326305753
0.7680552368546114
0.7216472035468241
0.7217713593005676
0.7510203343708252
0.6879985347694655
0.7005573780934043
0.6900588131935005
0.7532233658095049
0.7872985697306335
0.7685213779626477
0.7277637183418918
0.7120644046459486
0.7075645121126196
0.7759812988137933
0.6895152559738108
0.7282969210666218
0.7506802388191987
0.706636593587772
0.7364240760220515
0.7573226636931574
0.7126299714847534
0.7564856477963524
0.7349876240228224
0.7625382976166374
0.7468814606141299
0.6958385042780834
0.6746268740251223
0.7666195205397925
0.7404850217434626
0.759828091694236
0.7867062254173974
0.72507677241061
0.7504065068003634
0.7460158952526279
0.6754693967762287
0.7151279293483614
0.6919860516282867
0.7358249290065952
0.7341293625297736
0.7379795460261095
0.7657784890492839
0.7221208452645417
0.7215382720431371
0.6979208681089717
0.7384355973827093
0.747400712259693
0.7186236549379719
0.7578530636427063
0.7053582824040525
0.7145922246634049
0.8155884587895357
0.7332646733568563
0.6704990388631532
0.7131849209233814
0.7394711951068486
0.6697430485492472
0.7059789525765413
0.6887790990846971
0.7082140188049325
0.7509801442666082
0.7878282913905578
0.7277371502786816
0.6960194298553098
0.7347118002741484
0.7609469503201112
0.7198868094817601
0.6932030329728778
0.705391917068456
0.7051417974799694
0.7733595545468392
0.697939403659974
0.7127255294953283
0.6830661855115552
0.6810311238277795
0.7138048610568805
0.7064894798881243
0.7237988510889896
0.7044761608827818
0.7135909686831505
0.7472295658450201
0.7210612605548843
0.6897111289257807
0.7383432857178912
0.7437457513039346
0.7450824698675413
0.7365784637591476
0.6398965524962917
0.6960072658643787
0.7603021937328589
0.7136412610707668
0.787897022058215
0.7559540934710852
0.678882618435931
0.7275928633614002
0.7098620071553479
0.7576535092967418
0.6739110146044246
0.6778499410100942
0.712594165781848
0.7271889500877377
0.7179794070694585
0.7412863735605453
0.7516385777958476
0.5997455980325049
0.6899603321525325
0.711240444736705
0.7895710265899065
0.7028641351676379
0.696331910148955
0.7179327677797036
0.7255915693229001
0.7316943060873525
0.7079405675354296
0.7093890324207758
0.6914829120355382
0.6928947650712161
0.675036818647037
0.7335187997687088
0.7640423058936375
0.7242518069092704
0.6967067767921296
0.7351816141364689
0.7022035010682516
0.7390812810494813
0.7868440313030978
0.7490178934040479
0.6861128344519528
0.7164201445502923
0.6891792419976857
0.7010553440583657
0.7224928664165172
0.7264873392327813
0.7843179482840394
0.7054056577192105
0.7133369386296229
0.7553701665853702
0.6792091845843103
0.6989176321031465
0.7092018785719185
0.784702148328685
0.739390826844126
0.6793134080956911
0.7195974466623744
0.7656341132035926
0.7161139174586558
0.7209527328506947
0.7940115738358895
0.7548416685288966
0.7241545385435811
0.770796953537221
0.6913611972129289
0.744086307683061
0.7774966864401669
0.7660331000730897
0.6407643738094405
0.7227336574227177
0.6665745651896717
0.7071306551023543
0.7607066542347508
0.710518159960256
0.7270097465967741
0.6981790947912332
0.7320534317281766
0.7332207896678301
0.7674004300870787
0.7448575078519551
0.7438476561457443
0.7067971972498658
0.7039390458546129
0.8097376358882734
0.7640786101354727
0.6928912280921804
0.6701841501449091
0.6969701243949619
0.7389912683601849
0.7236277984039661
0.7215196700689321
0.7353270609918766
0.6704757757584346
0.7157313315179807
0.7565593110643323
0.671305336680494
0.7631839760632569
0.6895232832804455
0.7196348954565313
0.7586376478424863
0.7258658959694034
0.7506619867700742
0.7242867065078752
0.7385597426090023
0.755924509049529
0.7549768639539931
0.7371223089584407
0.7305309079695075
0.7181021714994257
0.6791984594021765
0.7930163291799806
0.6839575959593519
0.706824284702125
0.7139901933645095
0.7500073304360715
0.7293171545418314
0.7235298351608694
0.7714863165613914
0.7372163474189637
0.7478095169485165
0.731737001065712
0.7352538814078171
0.7283154594833675
0.6906804561800315
0.7259983765247642
0.715164276844241
0.7145492726451014
0.7296415742837233
0.7272891400626118
0.7965934906168104
0.7359715819905205
0.7023466947301396
0.6869030808436541
0.7958568767897253
0.6970769018867208
0.7304510667325712
0.7294674914137343
0.7587680948236115
0.694649295048467
0.7261996724074742
0.7398519199784479
0.6531647443899254
0.728596965756031
0.7436987036511988
0.705573649132574
0.7110506681804117
0.7638574186549044
0.7224106175789229
0.7072871095587704
0.7062626165847461
0.7516708640073678
0.7471046641174405
0.7021270948017538
0.7104196519542944
0.7293926009402492
0.7616919655567013
0.7344250067033551
0.7288049862351499
0.711775745917414
0.7347811291588596
0.6970188382644417
0.7274669435201659
0.7428237073544947
0.7339723697112849
0.720121032637135
0.7791243501088144
0.7337072705610059
0.7759975213193916
0.685656183115981
0.7432763777364984
0.7289448948974588
0.7619948147769694
0.7341123998115074
0.7210775750747023
0.760316497927705
0.7150533048700201
0.6853450451240894
0.7330663475843316
0.7280291134561425
0.6964970878473592
0.7719683787625359
0.7493686435300688
0.6923555451148627
0.7035793606875543
0.7065521190522053
0.7316997600871535
0.7253965341511301
0.6667908346938192
0.7404860695548743
0.7691950704087434
0.7518149194160603
0.7191884400574853
0.7697917755738537
0.7489697710214346
0.7126783715980208
0.692531612077515
0.7437068133879965
0.7759511894082569
0.6807036230681683
0.7138367137227677
0.7783769647439704
0.7329027738849534
0.6991327057331018
0.6749703394376526
0.6854328088578548
0.659085226293825
0.7487695428669873
0.7165865975613345
0.6786952675604437
0.6834361894945649
0.7441869972260934
0.6608651416094006
0.7185276866879502
0.7513652936134206
0.6949129413570783
0.7289151309557778
0.7050882368410193
0.7076278959060718
0.761081503827062
0.769169323611901
0.7086149544867244
0.7225743426450656
0.7747364754171215
0.7399660607211708
0.7401683908746669
0.7411251314382024
0.7678888310469201
0.7756096661735781
0.7403727236328728
0.6746858969222779
0.7005516040816314
0.7243521536437788
0.7109198893431138
0.7606871724595429
0.7504287090148004
0.7127702406847591
0.7193751134169308
0.731494833209503
0.6866320125115254
0.7412834345437248
0.7311302485455698
0.7911149094800576
0.758396445536954
0.6711268777830327
0.7562313527220617
0.7585287560614944
0.7247418649653796
0.7296918129162391
0.7233586846504967
0.7615899409306843
0.7133310922077644
0.7218471172863212
0.6750075927743788
0.7643158299900865
0.6997483067900355
0.7717136392881405
0.6808511095949918
0.6840945719720755
0.7630431235698247
0.810541340080413
0.7342503067992504
0.750849245566463
0.6837225776966182
0.6414196151212214
0.7324605081744355
0.6982693117169615
0.6966167226219538
0.7335969560883221
0.686076024437401
0.7842791704156902
0.7742260030378525
0.7225520802493316
0.7510073964757314
0.7326525522161589
0.783823101602554
0.7453759724410214
0.6803477855744396
0.6924435635484906
0.7841465946129225
0.7159861018384497
0.7140818386713169
0.7539197128288309
0.7286554175093872
0.7363524353251366
0.7020660923038103
0.753689765136101
0.7427086570521584
0.7050910063539452
0.7173290878115558
0.7364076921701612
0.6954021704680025
0.671847882500634
0.681660352435897
0.7075255785261348
0.7073444462467385
0.7356521649228676
0.6615355683908345
0.7374305329108569
0.7055010165405321
0.7325733455384856
0.7402106516411565
0.700337859002488
0.7023514714510395
0.7518512145934946
0.6913519963181424
0.7049902358178562
0.7442896188863464
0.6776492960553756
0.7735014362962949
0.6838747032891966
0.7196106274359597
0.6601427162028348
0.7667567322367727
0.7257525939547588
0.7672798788047566
0.7285904756939166
0.6899606243727724
0.7709988460436261
0.7077504434577851
0.7160898578902652
0.7123943848115561
0.6876355466044995
0.7244186328608646
0.7082683837556343
0.7040520215889211
0.6586365407529079
0.7190302681582692
0.7496140474798592
0.7700266729409554
0.7207588812324268
0.7130775480948972
0.7020710543388873
0.733315594375593
0.7082309107299515
0.6892447931090455
0.7882563758948261
0.6969859106315383
0.7420205518058647
0.7126273591414505
0.7398176709514697
0.7472615663378672
0.682888478107313
0.7175917105258636
0.701546300679898
0.7197946037262275
0.6901950471602604
0.6734622901532351
0.7234426129837753
0.7586523803368301
0.7102341635373958
0.7431267782840245
0.7450193377866032
0.6967543285228625
0.7044167441844998
0.6858269242788061
0.7080931079329883
0.7467151505784037
0.6877481078490312
0.6866110126044492
0.7464679834706736
0.758898443492635
0.6946965223464697
0.7167461462265887
0.6923491630537054
0.731209342517387
0.7216663029738927
0.6982593085825484
0.7510773167292942
0.7640095374855418
0.7364579512933767
0.7327519864663606
0.7160227694636147
0.7068321280091577
0.6647939280443064
0.6917079489936112
0.7576515344409273
0.7104609243150791
0.749368466423288
0.768601550411073
0.6544192599532234
0.711586065891093
0.7080265450951636
0.7765327982860757
0.7809909121849323
0.6973139232645105
0.7359714312685588
0.7622748342688306
0.6990211064711086
0.7157234090575565
0.7718609744429472
0.6927564791873976
0.7504435913280462
0.7080146574838008
0.692533125514184
0.7184204267295616
0.6825604598230584
0.7533748026715585
0.768670680882064
0.6909014820292504
0.7570480535794488
0.6948454591017399
0.7013356526624295
0.8135954237824276
0.7122064631907874
0.7098136590650529
0.7142766301497941
0.7957095301192149
0.6969930433420441
0.6062473100267847
0.6788694719203525
0.7161818665273723
0.7840986073728861
0.7740581764969308
0.6980901113508559
0.7455476340763961
0.6536097825768538
0.6719084933985585
0.7564468436472548
0.7055332586790063
0.7648379247569889
0.727313955112149
0.7119059597184515
0.749652674302904
0.7326985781746497
0.7280367325867234
0.7729551803521093
0.7180612556113517
0.6478485831133791
0.7714078043066792
0.7339572812163775
0.7138061880160249
0.767517712892267
0.7380903242361607
0.722856444869499
0.7392661613906695
0.7753441066641429
0.7335666709323483
0.7563119452276279
0.7589959632830664
0.7564050349148214
0.7841215651592225
0.6992578016161971
0.7484281485287241
0.7420517550014738
0.738736907188374
0.6990730214773627
0.6987601647904448
0.7457125156238846
0.6866190692398565
0.7704819399742454
0.713579220012706
0.7825837869219188
0.7260290755803751
0.6976477836299653
0.7587884515037491
0.7114455935954335
0.708066210073253
0.7271978388078879
0.6537788598067239
0.7929352185424626
0.7360590387917959
0.7131080804932983
0.7535058244443432
0.7191516536561755
0.7562395731104439
0.7039559249726033
0.7291729495356061
0.6722484266891456
0.774540570418757
0.7702753606786268
0.7202337906255881
0.716322758630055
0.7320182143537959
0.7113145075552859
0.7105274849506324
0.6951527274101362
0.7194111065196975
0.7079660773521071
0.6779999264394699
0.6725887903889282
0.7332878702343109
0.7341004837505651
0.717303305852232
0.7389677613838987
0.7197693309459323
0.7429651601522289
0.7722551164094816
0.72335393639766
0.6515518908052546
0.7046925083704837
0.7061958785098487
0.7449419132247991
0.7801237973951048
0.71376374518952
0.7311942404926146
0.7469798639634156
0.7114655589659827
0.7386319618439764
0.7321575587240655
0.6838197810811794
0.703784311016315
0.7312427514307932
0.6515287678308793
0.7149551352092693
0.7026073026657141
0.6794778724386754
0.6873020977029874
0.715336752137485
0.660368588570655
0.7484544363414846
0.7930151435722422
0.7023788941418294
0.6894202323022083
0.734883226883705
0.751097825588819
0.6738335967203295
0.7011711877305759
0.7554625520142927
0.6659876077435237
0.7082522534460419
0.7386607084425151
0.7492764828206907
0.7483938181460377
0.7490010130672409
0.7729635439039263
0.7376663195059044
0.7562705769295988
0.7647424597412218
0.7551293057752266
0.7039024444706227
0.7398826756844605
0.7708629833085894
0.6832785972273672
0.6922844656943321
0.7460528249762641
0.760227033825555
0.6977831280429413
0.7063574224851038
0.7341197353710585
0.6934040043346948
0.6764725068098949
0.7542932392166546
0.6629704750025542
0.7371446855825253
0.6569859005934973
0.7385703519652607
0.6925224909109363
0.7664947088999808
0.7881777797034702
0.7507826646738712
0.7150265390198547
0.7537011352742626
0.755578663018732
0.6950877476996965
0.7379967883781409
0.8016785021442976
0.7688909913952495
0.7188747224480343
0.7047999180144128
0.7375924988633883
0.7350503724796589
0.6976328968140602
0.7098320871691554
0.7077668891286084
0.7233908881160496
0.7288713478299349
0.7435072729297042
0.7045758205361294
0.7386707508192591
0.7008819091180573
0.6673538275890398
0.7492728156860693
0.6934083096634659
0.692326382461115
0.758428253598859
0.747790788304811
0.719531806838759
0.7751880125151702
0.6802984242585597
0.6942848304402959
0.7425912120974061
0.7013370412137017
0.7803013771924594
0.6513572584817668
0.7843668240785436
0.7729652985438213
0.7333232481164624
0.6822829407610771
0.7404339153049322
0.7170033902892445
0.7720099369505563
0.7082855485252667
0.7570370593530944
0.7565447064319194
0.751212267178914
0.7181538208824307
0.7221695143959033
0.7255847586358339
0.7191954539109053
0.7391341333347949
0.6828657408171539
0.702301765817949
0.8228423931214641
0.7041228440993857
0.7520932958919097
0.6984340725584709
0.6894567944830458
0.7313810966800439
0.7110237958635316
0.7047232084431072
0.6608396015750293
0.7030871398676544
0.7728283987028416
0.8047526107403886
0.7223813986939026
0.7353603864561823
0.7294635838395611
0.7475572842687971
0.7969684315610891
0.7085587693022902
0.7436250076914787
0.7232400603884362
0.7718577627208498
0.6795144170333346
0.7007470261595984
0.7542006658754887
0.7534818310823512
0.7649263528150226
0.7356987256993779
0.7370154190064803
0.7181619953692222
0.7731897459393451
0.7127892889237277
0.7256864499832771
0.7145380681555996
0.731134895958292
0.7341382932877314
0.7647915051938678
0.7515217649137552
0.7000621214810752
0.7251642800583127
0.7297648169896414
0.7704705534051286
0.7124178976289474
0.7461919039771304
0.6853849588791511
0.6904208852034753
0.7014605235529046
0.7089142627635248
0.7058867897049349
0.6765483863726401
0.6964041527251186
0.6762561144834783
0.7365892818997538
0.6835976004242176
0.7134604795958721
0.7029498076073416
0.7026969234091927
0.7340949299767855
0.7068727735161056
0.7850105120449443
0.6924568099122397
0.7137660382276159
0.7563228637919734
0.6935484767098986
0.7378755473688962
0.789161641283439
0.7009824835637432
0.7451959804163648
0.7263174776088583
0.7280732599955475
0.7429681606746775
0.7609205457936429
0.7010581159671434
0.736604462733981
0.6701841582242768
0.729661101024931
0.7411338798582278
0.7584705008795712
0.7431306385309082
0.7184563443699674
0.6979881873456911
0.7413275720768913
0.7378007618968656
0.713905705886411
0.6231667688279224
0.797346454704136
0.7520650955600316
0.7440033048410062
0.6852550143723518
0.7436477251676183
0.7225934278284704
0.7648123222974347
0.7233209729612413
0.7807867152137415
0.7640843562886295
0.7130450756143826
0.7153625957211799
0.7347973473276661
0.6935759798173186
0.76787026990006
0.6547560506091182
0.6792012917557114
0.7346529326556795
0.7030550707439238
0.7104642936235231
0.6791271880768357
0.7274064464316076
0.7172135526392545
0.747615823167736
0.7574649803025455
0.7847327419877118
0.7258835955598533
0.741722462985171
0.7621117649605443
0.7065939730977361
0.828256817152974
0.8709718407908416
0.7403370787370933
0.7350484548232522
0.6805560308498226
0.7450107524445999
0.7611952783457004
0.7532542359254226
0.7831324866171427
0.7081751370235436
0.7240383919898926
0.77206923644204
0.7369616161955866
0.7518919323552689
0.7563438506485601
0.7009954386865315
0.7050367144057488
0.723451644228558
0.7922674709412867
0.6944526973320829
0.754400895900867
0.7825097657940394
0.7592738470999026
0.7402047533822801
0.7347204059940866
0.7392830144726276
0.725892418326894
0.7212793142394099
0.7094158525064794
0.6840221781600597
0.6871434601752412
0.778576214255111
0.7389086230763613
0.7168937862410867
0.633901288530227
0.717795222826038
0.7689990493657232
0.7031581287063388
0.6843237207762426
0.7266975775096582
0.6831284064090966
0.6943380975442826
0.7162192564272636
0.74817257368701
0.7487701782915892
0.6970669366247141
0.7518799374997447
0.7776416712623995
0.8074000138805242
0.6867587801143668
0.7107801327380677
0.7492553627755519
0.7348615304222841
0.6946652040705362
0.7141789088757806
0.7342310004660673
0.7641481634435698
0.7158906448362566
0.7153214941976017
0.7159328487441753
0.7006219868902194
0.665912788244834
0.6755164198940684
0.725420279375762
0.6953802615079886
0.696096321197782
0.7645720942109147
0.7297973387108887
0.7243660246100961
0.6836889014922175
0.7209794016657833
0.7064678570398497
0.7097775645340108
0.706382139687206
0.772975386933067
0.7078965186213604
0.6981452437066781
0.7615528630353059
0.712909017256312
0.8179652232456918
0.721643769967189
0.7324144764732308
0.7306870354057284
0.7521261302647578
0.7554802775031593
0.7193621144283406
0.7456318438805122
0.6805018272226248
0.7134047765071805
0.7376688053140886
0.7755308267416273
0.7721804027806243
0.7336039279313139
0.7560185161216754
0.7211845448281071
0.7432235354852293
0.6667176777850786
0.7369124398569553
0.7078198091752133
0.7178285989512047
0.6943840433748955
0.7582141478731024
0.7927956224033363
0.6653507999161157
0.7166057343438281
0.7394477299186494
0.7677134468359188
0.660810749635563
0.7107557631164213
0.737611353968894
0.7041398618776197
0.7086550530517812
0.740655137725776
0.7079808287233309
0.6847704877028031
0.7567103554031629
0.7109464217477437
0.7892316619249351
0.7645649075748958
0.7220431656396705
0.7502964466150016
0.7133368305735605
0.7354692199484234
0.6994668954866438
0.7059436672980416
0.7766654608767739
0.7048545246144573
0.6692442230561929
0.7212838877372328
0.7581514310459679
0.8096920969668823
0.7679840439067162
0.6979699878234347
0.7373865782360691
0.7138554177289188
0.7883979813184456
0.7218373933305361
0.7207504939994133
0.7435895683020101
0.736189504123765
0.6960861704252074
0.7069113217223343
0.7471590820669745
0.6733975303317483
0.7091434717616444
0.6924187657739561
0.7287201226734559
0.7160855669429317
0.739906650226389
0.7169527483704257
0.7812170766226806
0.7314563517909174
0.7566839050639356
0.7134813759948939
0.727996058507069
0.6921302349538607
0.6839614903049649
0.7502659592301066
0.7200324536460783
0.7905588564037573
0.7050543538394474
0.7592392647733058
0.6953506413014111
0.7676957551568836
0.7196179425376832
0.8047156905211419
0.689975782691173
0.6785388390394435
0.7481489439717371
0.7075243923878568
0.7046738600627723
0.7575627314865071
0.7171848578690982
0.7480534127485249
0.7671911402969372
0.7469631318604154
0.7408436713170042
0.7132234392701824
0.7436550112907097
0.7101526237989693
0.7204023834997041
0.70841209426614
0.6951058500427517
0.701322198638234
0.7517522798965399
0.7008937922048184
0.768489240715049
0.684522117374164
0.7608661602368347
0.7148979538113938
0.7358716593485615
0.7407689015160261
0.7993680798206708
0.7155675688277544
0.7470565560736917
0.770037108488889
0.740341195398064
0.752728284211421
0.7251333745959011
0.6705015655718558
0.7610559246593158
0.7351047342364361
0.7212626788366465
0.7821021549991716
0.7460797703415407
0.7072520256733699
0.7951340551750465
0.7972851066682459
0.7602646969375014
0.6837445517289379
0.727433303068118
0.7173459864711716
0.6978820785307897
0.6997809446297346
0.6753865110890559
0.7418666513722352
0.7551176008406031
0.7107578545181943
0.7144901758720639
0.7051717577862298
0.707318971243086
0.7504808632275366
0.7489725309303492
0.7386698616971994
0.7208429020673265
0.7289507406106441
0.7226210830254938
0.727726205824929
0.7043589173367422
0.7390584702677667
0.6737837800217723
0.6682727278647365
0.7463117522966375
0.6872474908408848
0.7415603352493509
0.7722799921332408
0.7569023779739759
0.7188041522549552
0.7606651127636038
0.7667928497103145
0.7467345648241963
0.66580793338797
0.7362214208549844
0.7702781347265286
0.6726270107411761
0.7529610636927426
0.7043740281351075
0.7166774019944467
0.731515117176335
0.7110991620077566
0.7140077917082284
0.7326545696971711
0.6926806434370898
0.7749458451886746
0.7480484232359182
0.7847574303107321
0.7230310349004682
0.7539205037554197
0.723735484707036
0.7322041213904994
0.7383259200190316
0.7500662920341048
0.7719326584387943
0.7639454243316004
0.7378282573422247
0.7982793844863587
0.7153604090603677
0.7463498848309817
0.7324828236566162
0.7227848879885503
0.7306571443565963
0.7552377841840515
0.6954550012401344
0.7036310267518777
0.7988097621095004
0.7424930768401758
0.7718349936985002
0.7108126352714762
0.7647014906664205
0.7119272352388128
0.693590563091118
0.721753698579235
0.7697469840756491
0.779948576703764
0.7064209613772628
0.7138546373667547
0.6432803334726732
0.7030372566366284
0.6816071841160972
0.6886579460784645
0.7464412117436114
0.6966296528707002
0.7160649848784422
0.7467494445974523
0.7047938506193425
0.7369191580801676
0.6670416602146807
0.6846836088241948
0.6946859388476773
0.7500092873351143
0.7638943766570423
0.7348820323312438
0.7711773991338223
0.7683572191979701
0.7779443092314442
0.749718335930728
0.7505086395253723
0.7663848252043224
0.7195440741047976
0.7989995074285505
0.6979786146326129
0.8079750412242099
0.7294843829218708
0.6867949138212394
0.7299232469372967
0.6850566639583519
0.7538162476754394
0.6968405925954172
0.7401285575045978
0.7707189214215804
0.7707066041755384
0.7708003840468991
0.6764358986466766
0.761299237298338
0.7328328368224658
0.6850490678187112
0.6902853614447696
0.747240913752482
0.6906607712798066
0.7602410942057153
0.6487794932064831
0.7479852807154762
0.7096779155227022
0.7313072465477516
0.7634320633670162
0.6983356232515532
0.7341141141684449
0.6565748039512135
0.7103615924894506
0.723073434273241
0.6847779787448146
0.6652222729154887
0.7294390497316191
0.6819194830935508
0.735557198738199
0.7351024851059513
0.7194746857678047
0.6759499380063674
0.7746095175532194
0.7722236734889426
0.7099315424825577
0.734603391509942
0.677779540919786
0.7647923632584964
0.6930307972380041
0.6901966402724906
0.7616308177753954
0.6694755156819955
0.6936633604056333
0.7021397369689555
0.7404217289834157
0.7758098435980555
0.7642197018213273
0.6865091035016158
0.7143153537366965
0.7364061892716702
0.7021359109707884
0.7220029540873798
0.708229074845315
0.7790803821131639
0.7062234707487445
0.6813683736033855
0.7011434704488512
0.7333316204010317
0.7528115037163982
0.6832723027674662
0.7436847876574749
0.7484636116350997
0.7330668491097759
0.6831698440451867
0.6692601022120875
0.7507503305835201
0.7526932644658059
0.6947715492589045
0.6776996299486648
0.705292917914161
0.7203607432813357
0.764355421669863
0.6667393206067264
0.7467387167908703
0.7010690888478183
0.717980176987511
0.7087094910013338
0.7072616724057265
0.7057874026520464
0.7299908265410948
0.7227961626067376
0.7009827429720229
0.7685346408027134
0.7742947089647403
0.6958187125136208
0.7248960713196025
0.7120236914672503
0.7209631724218631
0.768298923699699
0.6939988336923801
0.7037280549535732
0.721902472845546
0.7286828038967849
0.7739065445919456
0.7275918705591188
0.7000268443274298
0.7407383043860278
0.743162843126463
0.7183355492810781
0.7111422669922199
0.6875876450049819
0.7354793249453132
0.6724613962241469
0.6999661397384668
0.7899026256513972
0.7222759532850326
0.6840708917269582
0.768031369055004
0.6940883441129548
0.7382199740022383
0.7295851543802485
0.7299766092277965
0.7155809980401451
0.731846444820147
0.7404957263860408
0.7290704127555375
0.7530224452804755
0.7141983588913234
0.7154185472888462
0.68429817094337
0.7499082143594957
0.6977111816567398
0.7618830288243144
0.7570802921543677
0.7591100253389532
0.7350967243782578
0.7361473875347813
0.7397825103558461
0.7601834562191583
0.6850992997129066
0.7123103761922085
0.7175794065847827
0.7343469807524468
0.7085184801762018
0.6859368374118596
0.7200939537402637
0.6973808116976491
0.7181704914840072
0.7030258424478375
0.7642919777412738
0.7602606675507713
0.7056417025727919
0.7379302561679421
0.7002184890467823
0.7503963650879333
0.7379336174516388
0.7228279660070999
0.7097060321282899
0.7166485018092024
0.7287803880527802
0.7435770955283505
0.6875184269626337
0.724137385925802
0.7327748585885422
0.7305158748974582
0.736375222610385
0.7341518891809065
0.6996526466054195
0.7448430042713173
0.7039120072956866
0.7327996485727902
0.678679354043408
0.724894755564874
0.6635368381064198
0.7404386604427028
0.7269568586095838
0.7221728596024981
0.7383195820430044
0.7043869670347708
0.7428772195157792
0.7521204884574079
0.7185410249251987
0.768813363890303
0.739161275713702
0.712296314855284
0.70179526609873
0.6461032867983434
0.7264774929708505
0.7233723831792763
0.7147785170646541
0.7499969065932122
0.7359598237402616
0.7603329674591135
0.6834225178809895
0.7309096310999825
0.7607456789703386
0.7095487209960325
0.6757338404327653
0.7130740411306645
0.6614981596782314
0.696424329577493
0.7117701562048521
0.6559483315454682
0.7344986642013752
0.7388246080280156
0.7123331050585254
0.7221749574345051
0.7265320059319857
0.6745069813345812
0.7267736744297167
0.6875428223543287
0.7087879292851332
0.7338585202577456
0.7369109160912093
0.7397111094676668
0.6593696195150829
0.7273304268654032
0.6388294765867715
0.7076203291889529
0.7186037119625917
0.705041960720887
0.685020118330453
0.7585816695968828
0.7188186040763143
0.6943965404513236
0.7772548638523181
0.7073415390207796
0.7384541163612215
0.6979606484289717
0.7594257936682907
0.7079042835748907
0.7271483426205695
0.7547134952369818
0.7347340906037889
0.7374292403061099
0.7170830808073567
0.7028373246021481
0.731576624731605
0.7039297695622936
0.7172276661942842
0.7187949776868652
0.7481732078303943
0.7408255530908693
0.7600556562045234
0.7490361228798381
0.7436149835924372
0.7022290560695743
0.6762328804780737
0.7571075593321955
0.7078447194263173
0.7409917711797893
0.6511820329180495
0.71282660159976
0.7523551122809811
0.6743723932290653
0.7667838192139
0.6696106474758786
0.7601047420638443
0.6895114151025027
0.7701311205739172
0.7511030322943215
0.727048953072298
0.7207408831762645
0.7595101793562269
0.7360876225502798
0.6560236158322671
0.6517274187949127
0.6946488733192401
0.7475577110388553
0.7067958975069698
0.7414360723564394
0.7432717300004897
0.70073609200034
0.654722634164164
0.7176041890572863
0.7113693543296533
0.7859422097508928
0.7791608088164983
0.7123149319636243
0.7459429126958612
0.7212546855483963
0.7433413749265845
0.7100250495068227
0.7158633711844717
0.7379778648616263
0.7519720274077424
0.7725007907300027
0.7223456208662873
0.6646885518272204
0.7058658279492516
0.6982252136740504
0.7011371878678264
0.7797453282883554
0.6963283851204981
0.7118747519658408
0.716357310697312
0.7126040571077051
0.689579227982075
0.7572646679302648
0.7597795744616894
0.6960836859186578
0.689538679890274
0.6645543867362417
0.6934918852797527
0.7195794874361121
0.7570512342036034
0.7766059320375186
0.7238454977730525
0.701587115084701
0.7175649213443652
0.7338807772623924
0.6691820782749475
0.7294173379802451
0.6970719371300631
0.7361870179831053
0.7607469181508701
0.7028269996054931
0.7493826697859013
0.7886333944115662
0.7952850540218518
0.717359323722635
0.7379205637497833
0.7369756903676832
0.6624858898365421
0.7323644020395519
0.7471435701682605
0.6983724312001026
0.7264357012292161
0.7951777471476178
0.7317632409634165
0.7172019443784547
0.7492138067257594
0.6742612177110697
0.6576397965882791
0.7696159214294439
0.7019843533054241
0.7392855099677472
0.7001768651823892
0.6981732959264486
0.7177357575057944
0.777645555810548
0.6632124637443165
0.7665415355262899
0.7122441770718579
0.7252031994103896
0.6658933086336677
0.7632902892221972
0.7986992243864575
0.7543187360150669
0.7003768253429614
0.7189514536819803
0.7815501790980434
0.6920767012364003
0.7041427646533802
0.7124525128929095
0.7053855464311071
0.7163614427151482
0.7479260548414797
0.7482379615384258
0.7365823275913568
0.6582164226930023
0.798129435894874
0.6615337154155224
0.6932268738145003
0.7127662824292528
0.6800433518734997
0.7430185609720392
0.75378923898311
0.7103277189286511
0.7390141292643687
0.7287664397888445
0.7181569344711121
0.6955465986661623
0.7134255273770868
0.7223806625161338
0.7509000194530158
0.708765915242866
0.6969459912135862
0.698249630732397
0.7425039819665656
0.688956757880205
0.7184359242563817
0.7309117180191989
0.7834897887980143
0.7404287892456518
0.7470294460892963
0.7206842964092453
0.7100212147047374
0.7162529272966109
0.7484553220788399
0.7178852808992522
0.7114928377472175
0.7092432558692736
0.7254532887334422
0.7377876784622008
0.6701271148921637
0.7136472443738366
0.6813501183870242
0.7230967799320722
0.7217345654330699
0.6976135843360923
0.6982685920124239
0.7326065642802934
0.7334916401849305
0.767916989338647
0.7300588921478318
0.7366545790314644
0.8044623365243728
0.7131654722334498
0.6693190449342402
0.701337076023769
0.7294011275212163
0.7110363704152927
0.7734742540925733
0.812152328411065
0.671167983930791
0.7414859303488593
0.7417344689775265
0.7534697307889171
0.719040885936611
0.7478515051268783
0.7354962604303559
0.7423627194279284
0.7367712858979404
0.7657945274130992
0.7868666328021219
0.7525653186118801
0.723805499654234
0.7933902868639239
0.7720459069693785
0.7600105453612351
0.6952322479510943
0.7584599834884688
0.7038525447055921
0.6823281412749156
0.7224396337550505
0.7720880220863502
0.6911900599075209
0.7058896857422108
0.7198182994421299
0.7248663522564281
0.7494943533545335
0.7454163739245663
0.710790782865117
0.6990208097434499
0.7341051276803916
0.7169465633919551
0.7150709046143554
0.7004088306184955
0.7244345621473783
0.8084827905661958
0.7077052639222261
0.7422091737364298
0.6524322343379737
0.705717487659158
0.7339527882004877
0.7563904325845778
0.7258886402120589
0.7391274188982471
0.7149869434070066
0.7968114525468587
0.7227612436337721
0.7254685576676004
0.7415595197529792
0.6571680326076531
0.7242394482576241
0.7823442627682844
0.7054616897690329
0.6559172745613012
0.47557400927086946
0.7417258761943568
0.7164285052618042
0.7322631332083096
0.7638696653678669
0.6723319916697584
0.7627062153057802
0.6972291838658685
0.6970732330909772
0.7689615844638108
0.6951587758673254
0.7194296883045423
0.7636204938773008
0.7140745113051862
0.761939000361169
0.6958861248540821
0.7244978661814275
0.7178184698727981
0.7420746550983874
0.7373910441638692
0.7446730741732672
0.7776175135758117
0.8073363756237191
0.7457530852581135
0.7319040321433791
0.7171626347605806
0.7610558741816547
0.7070611344840247
0.6783648441123642
0.7476452360408303
0.7329555342628978
0.7447633493941148
0.7347322367290562
0.6760061702975525
0.7584658543086571
0.7242283843532584
0.7509029391852315
0.7194484830592267
0.6924371656533039
0.6836179909109649
0.7093674489284433
0.7375756907202557
0.7007567437823546
0.7967960387638671
0.6568179043897949
0.6816186464406683
0.7364033534722401
0.7051812368415603
0.7273606267981794
0.7094255367914851
0.74052596449
0.7069295087823031
0.7382496573309825
0.7210236803514914
0.7807833205527936
0.6893077185560147
0.7193209886703303
0.7447048241258393
0.7683192299970109
0.7526688801159882
0.766811906302383
0.7423828644525572
0.6958708396866692
0.6854904887356558
0.7171818392051615
0.7126582714934723
0.6819049788948176
0.7707397712854664
0.724366510091766
0.7117786481488939
0.7176983496195528
0.7689173957200566
0.7322242118449567
0.7287312869861193
0.7584326096044719
0.6985767883028474
0.7177271731229435
0.7656964952065153
0.6985947686322618
0.7893171791894456
0.6944790703500204
0.7539241784376335
0.7641695337056105
0.6748294308941115
0.74998910947759
0.6977280170290188
0.7545277956852383
0.7130452668598544
0.7605574535725563
0.739394594612818
0.6840296612030701
0.7091487330518444
0.7580949274517947
0.7639303270470863
0.7572988242114009
0.6824809088345926
0.721558528516338
0.7973206928381275
0.7551758877687844
0.7935717404437901
0.6506837825407453
0.7439971494189068
0.6969135675390846
0.6886524539463559
0.6762477621744046
0.7531369129885166
0.7122267321411685
0.7031271153520138
0.759631840250418
0.7421835543336794
0.6547385908746453
0.7885874965459642
0.7175835942268096
0.6993177518280382
0.7589297278394003
0.7068261111135378
0.721745425144326
0.7127889752814771
0.7513010165039434
0.6853466368926446
0.7115066456023765
0.7729243909137883
0.7028700879993011
0.7424257604765534
0.7219124094271587
0.7405738350561841
0.741957212015923
0.6737889564621783
0.6829474162020767
0.7161484626526144
0.7486204530434433
0.6882419174713488
0.7036233731174458
0.6792573711212161
0.752041676404125
0.7007001783422293
0.7821991648423801
0.6598304911849967
0.731103282801539
0.7718645827945237
0.7714859043725996
0.749326767566323
0.7333507326751798
0.7499646255183137
0.7331037762067931
0.6691076436817706
0.6944222184163561
0.7777322640727591
0.69260361832915
0.7570392746614131
0.7637248030846837
0.7578401599157101
0.7378265212338548
0.7676991844190709
0.6884397687964366
0.7059055900542432
0.6801298766562657
0.755529916205699
0.6793749561686967
0.7209615161609261
0.7281514827777217
0.7551951901753102
0.7623695425707498
0.7223220199912652
0.7222792714793262
0.7502241667362097
0.7291571360446732
0.7250376629358587
0.6989496459626042
0.7055460210132465
0.7090728397845457
0.7873727411127889
0.7320405942163225
0.7555361602645237
0.775782264384423
0.7178473450968251
0.7549344303674107
0.7489262990944217
0.7024405103021024
0.7969483836929624
0.6898486888496257
0.7975738808316557
0.7124006860644223
0.7447960318891832
0.7106002323930787
0.7153936918621294
0.721406384463893
0.6946140607110731
0.7770768631343001
0.6659322061601705
0.7176313942141351
0.7470253656861705
0.7642628623381786
0.7431173875941134
0.716519749646692
0.7463382218363528
0.6752810068391316
0.7085196569624163
0.7256589724952579
0.7866832317458922
0.7198312592411594
0.7737944275316988
0.7456787143704677
0.6610232641898091
0.7494712295633787
0.7601801123368592
0.7676792805636097
0.693663341337755
0.7660069800866776
0.7664419293861137
0.6616056274669941
0.7032213745240831
0.7423248724491561
0.7475520417306041
0.699561488231236
0.7550051600289339
0.7548977520319367
0.7189170154580475
0.7428490217779367
0.7736495589678551
0.7318713131651103
0.6975790375232186
0.7147596187446925
0.6971840663519512
0.6752494017636249
0.6739582782074689
0.7060634527273225
0.79149115383885
0.7239204473433923
0.7470919965234222
0.7433541997429212
0.746060098942321
0.7470497963418836
0.6677899391374614
0.7321287180877871
