0.5671753790634465
0.768628965549263
0.5815044783526898
0.8124418314436068
0.5845635360289138
0.7373746850671928
0.6579183443699306
0.6556877853225788
0.6269793661431821
0.7129119703768323
0.7571348840775146
0.5447964848469203
0.6891566200658847
0.7633676457196633
0.8028830216312991
0.651195007330188
0.5167239591523316
0.8098238939361719
0.6861865792029174
0.6848847844539526
0.6077507120418204
0.5595314756795641
0.5870148529586845
0.6553813358336307
0.6380022879495892
0.7854739455477305
0.6788903103174726
0.6454320432248412
0.5879020027327198
0.7026866604219656
0.6897794862636579
0.6944171708186296
0.7473073031957759
0.6302937449835672
0.7003548899748906
0.7081000177982525
0.628065695145561
0.7693629791680111
0.7198301397618123
0.7094531027024352
0.7395908934154878
0.6209232293040953
0.5772301396206969
0.6967469803848912
0.7015487024935004
0.7930612897843052
0.734536754906172
0.5093265921941005
0.7934183093835709
0.6515256962911066
0.5640765712130565
0.6515108010827332
0.652344558355302
0.6199925819264378
0.5230797483137523
0.6349239453116335
0.6515493140442934
0.6866373916444026
0.6189908486982092
0.7155174598873267
0.7127362927270752
0.6321009364284434
0.6087329427447182
0.6391302748438322
0.6794074522416624
0.7334113454107136
0.7211098262559157
0.8393803408772176
0.6946697698171237
0.6772240844339971
0.629967366131596
0.6100100921609245
0.6670912039808226
0.7293817417771148
0.5726441996680649
0.7437423670066629
0.8164113490082764
0.7622422953774719
0.738135233270452
0.7576816826343796
0.7009297232148939
0.6929758999336649
0.7827977661673381
0.6964621969165817
0.7148437235209071
0.66887795087789
0.6585674949566176
0.48790045889554734
0.7761422922908054
0.6050799222240936
0.6657503688022862
0.7486958257204687
0.4942845165949926
0.7611225772555211
0.8026425805485811
0.7188661131042637
0.6582598964805778
0.7906153480069245
0.7098954847630576
0.69043220250167
0.6080662608717079
0.6900920328052919
0.76034554899315
0.8275580888831968
0.7307490490819056
0.6015170568855059
0.6838482872299233
0.5659012238299471
0.7526238536011834
0.6723584774560651
0.6007172739180793
0.6115451386645081
0.6460266868867284
0.7652814445522444
0.6520030007643819
0.6777312142610579
0.6707410299835207
0.48939792953645217
0.5825395892611626
0.6587473654954007
0.6752665176086313
0.6524138014390337
0.6869041910644516
0.6209480680134848
0.6731908986579666
0.6529377797622491
0.6993442602210557
0.6987740585538794
0.8146154646632113
0.7653730841058735
0.5664960897155201
0.7452508896897252
0.7586512008674237
0.7534025078362447
0.7557213195326982
0.7351884448182542
0.7075833660334053
0.6077791216472611
0.6411991262950191
0.6839402730196461
0.7049529823669411
0.693455502475176
0.6977007231374323
0.736208550126568
0.7244510364922531
0.5769715954754019
0.6637649506270783
0.571061611866882
0.657763199518532
0.7464918855192424
0.7101164114308096
0.6184837236402956
0.5975358506385454
0.6698945040818167
0.6283300530949243
0.8361119790772559
0.7352974097388352
0.6338387192559748
0.7195452631830929
0.6876212840458674
0.6476137180502884
0.7524421671461045
0.8149326216439288
0.6477535210550714
0.5230619214880324
0.6425344624340855
0.6745420446957251
0.6185629373682506
0.5962144801828146
0.6197491790123136
0.8028876372279538
0.7843765713223843
0.6937346359133866
0.6618407589804701
0.6874331077451917
0.6162939462163971
0.7256845331175498
0.6357081720624365
0.686849335757504
0.663212558089175
0.6833923574382398
0.6369186607674382
0.8035096711902183
0.6188456088446693
0.7219632061141934
0.6651563133101037
0.5703034651373807
0.7842321720627989
0.6757816199471501
0.5667623729541422
0.6846215428062453
0.6161162025955312
0.6696142028826073
0.6362381925339915
0.671466404501878
0.7419751988676487
0.7589440666790551
0.6351743368465387
0.6402861362782164
0.6895907948047975
0.7007075270753997
0.6831695695832569
0.6586609103267581
0.6370122285349994
0.7041474140921266
0.6013821750663872
0.701004011767499
0.6343081294953214
0.7244744920469454
0.8180478598447782
0.6611826192512897
0.592779887036249
0.6434119497561993
0.7031036653628577
0.66980072949303
0.6353078754832667
0.7879763440599559
0.6676356780861258
0.6420285739221593
0.6721800393162746
0.7804275559568448
0.5789593357418568
0.5391594292326705
0.7667105509794114
0.6009325423190042
0.7201486504442153
0.6110458051435251
0.6469510017541933
0.7303296381023313
0.5254014432105826
0.48334481473974755
0.650517606014968
0.6130102905788557
0.6592513847627864
0.6113243744751119
0.6268978373375956
0.5558418518315199
0.7019313278310682
0.6963606330757183
0.7592213270040866
0.7727860896708314
0.6995080610136652
0.7364562252773712
0.6591239206504059
0.6442988918691706
0.6101597863201668
0.5557350155716767
0.5921214024935827
0.6259279169507429
0.6650449671320852
0.5943977283138179
0.6431903502713541
0.7258005958447531
0.555340926525789
0.6453801883639324
0.7052072226531961
0.6824346322841247
0.6178604368133015
0.7110184245996133
0.5998734685766434
0.6499897943820349
0.6865941587793571
0.6621234346649392
0.7419252210054388
0.718713559193394
0.6797771572265043
0.574229828848492
0.721584115011834
0.7949938926217189
0.6384876422411195
0.5661103660008173
0.7122657328244731
0.6364025877491816
0.7264145128385691
0.5759181202444087
0.6767635397695951
0.6922784464208072
0.5833735734096859
0.7368697969933027
0.6139936835617844
0.677474248209713
0.7341814077715334
0.6995017034893874
0.7273696934038401
0.5749253245829746
0.6012702193651026
0.7455300610491574
0.7632814454227944
0.7684394388646785
0.6557845184214953
0.6364359193551635
0.5793791067320697
0.6870891780157371
0.5880722683301366
0.6964436714813594
0.6749723620311071
0.676237032644191
0.6992919139165169
0.6392801404503179
0.6897096380205258
0.6241323667635046
0.8143405501217966
0.6382763174936064
0.5809510743698846
0.6863525659357258
0.7045397035855839
0.8043442846664175
0.77235518795521
0.7370605632044304
0.7255174271309502
0.6921878041211174
0.6789520278031537
0.6137690687168481
0.5600473141295735
0.6869866208231372
0.5623081532584251
0.6634270346887079
0.7146271648700535
0.7329019684770273
0.5381979788231971
0.765726617851817
0.5338116357129964
0.676461091238772
0.7360978512263316
0.6204287278815547
0.53611475845877
0.7136580880721229
0.640436037908385
0.6434682717285951
0.76599756995781
0.604969104082112
0.7678725678641865
0.6061334741131852
0.6945042242993195
0.7162696598803983
0.726785274036746
0.6518820446793632
0.6522963211955848
0.5857701536731749
0.6347406279915186
0.6713551545314295
0.756806837165617
0.692597788075195
0.6252772472183148
0.6828987415520658
0.7435530854126355
0.5420193010630624
0.6657165912894888
0.6794573744517601
0.6763967044014416
0.6349442469946772
0.8427783387830212
0.6575460082067804
0.7287671181277388
0.5872424481930953
0.6292319312489184
0.6563815920339694
0.6831359073425021
0.6298454534118701
0.6477358829314782
0.6274738585277998
0.7184802782688504
0.7454755083506951
0.6504727604158413
0.7791842109257732
0.7354044729849395
0.7059571435827262
0.7359768934045844
0.5601731320501329
0.5649520132614528
0.6328287656841486
0.6980591387598113
0.5656881285221128
0.5965250465477349
0.7364800429754211
0.586223737363386
0.7474018100909031
0.7185830019624239
0.6779598762927934
0.63262016084213
0.7037909202613856
0.6809835147818103
0.5641600923589093
0.7225725935564802
0.6117641940807644
0.6630230655150693
0.5923891743075868
0.7749985885807195
0.6751075199952029
0.7642422018537498
0.6806451770030293
0.6998549716966581
0.6389284883273326
0.6703975887252437
0.655386763010586
0.5795682686375327
0.6586873762997754
0.7348978792073818
0.6615929407022046
0.7341958663813573
0.7455076461165455
0.6970581589246099
0.5843208132843192
0.6341754828888857
0.5694812211760628
0.6930246041695343
0.6826223067431147
0.7158911774507892
0.6490664603819298
0.7816700098076728
0.5766564300456719
0.7646554646208878
0.7467658344761956
0.6711258815496095
0.5571847112966702
0.6346899565915677
0.7150174611388916
0.5220583418359582
0.6483060912619621
0.6427819182297547
0.6178609775712067
0.7516644916402071
0.7496626977110006
0.7347454155418501
0.6381440843303999
0.7159705572426212
0.666930934745767
0.5829313904000437
0.6310733086547649
0.6693109739025344
0.6507580121312811
0.6578590275825242
0.6672211181529052
0.567486463080793
0.7055849105045192
0.6756536283302425
0.6148063888791495
0.6968332147214887
0.6754099317041237
0.6868349987762115
0.5811498961183607
0.6128671126708247
0.7846388637661688
0.663942925452039
0.6926024264523041
0.7954016666192331
0.6421427692784761
0.744022208049239
0.5625996700914161
0.679946313187465
0.7437458761661409
0.6800839881906786
0.8123443630377383
0.6707435933117337
0.5810204882404556
0.6009862547867977
0.6631746965826345
0.7204376032847625
0.6465726031023885
0.7434889741274662
0.5370431630515444
0.596468442138839
0.6440737785520633
0.697100526736593
0.6605392133325715
0.722345414495294
0.7409500828136892
0.6841517018265676
0.6536861461525212
0.6905258477985907
0.768737294192571
0.7207889008192223
0.6431947749555266
0.6662605951917682
0.5408698378122128
0.5760987423573217
0.7471938253345186
0.7797375805883094
0.6254173147937456
0.7486082440440807
0.6433432047623378
0.7307094360429325
0.6807572944211077
0.5017829339345415
0.6988930063563172
0.7524627696792577
0.652972521994533
0.5896002647836359
0.6827980415517091
0.6974055774148638
0.6651437431928573
0.7098076668209674
0.635807676441602
0.7018952665948633
0.7047350878217958
0.6848963696461351
0.7384484756313002
0.7290479526741164
0.6613324459400377
0.6841179159649377
0.6463959263970739
0.600176464066781
0.6498388248468024
0.7260672055717089
0.6762790887647642
0.7126566227459608
0.5793259878181881
0.5768437809070805
0.5337180547650128
0.5728064885706033
0.6574675637923628
0.6812702649295287
0.6532431301689886
0.6406416552911964
0.6023991790614264
0.655688115031531
0.6276198981783571
0.817453889557649
0.7333021769785584
0.6107705098250031
0.7305484892769591
0.6413829861637501
0.6242446574313366
0.7026098340429626
0.7623442189505955
0.7973146280544486
0.722955972306727
0.63700014748563
0.7294152785695079
0.6352795177604016
0.7241634146438587
0.5793434435170166
0.6534009596793757
0.7500220054601814
0.7424854012347468
0.634342738632526
0.6611573581015979
0.7516807879224359
0.731021410883675
0.8005439649215443
0.7297276886997001
0.790612856047699
0.7194743786471198
0.7625103313261192
0.6586240159737944
0.572770417436835
0.6959570467498964
0.6214774127121406
0.6057910082687683
0.7403051907386763
0.6048540692420374
0.7037666073532605
0.7694234057719133
0.6865951212441946
0.7077300586248253
0.6438479682987007
0.6075276693407203
0.8424071541670999
0.6142662347050954
0.7719049287437413
0.5990485967855953
0.689092775394319
0.6331330800462208
0.8235159013193649
0.6303708781847291
0.6432581637171462
0.6227707688148802
0.6516867713884672
0.6924240250180688
0.6233057645392792
0.5616614142770354
0.6784354074824415
0.6838669349063293
0.6648168041458905
0.5671442539467884
0.6383265782565507
0.6016114707988383
0.7414233698426347
0.6846437595856684
0.6551886815069269
0.6985066368810975
0.7115011173206295
0.6034830005655122
0.6857882703932736
0.7343161508851219
0.6734095878081228
0.7065065134689326
0.5999302991648157
0.7281422097488146
0.548426652462763
0.7655569538959202
0.8578572117852958
0.6856060155822228
0.7004252496037214
0.8372748783497266
0.7005851030859035
0.7151643812521846
0.6904411669704725
0.6245524921993909
0.5826526970254658
0.6702442429626044
0.7362565747047852
0.6702239567408875
0.6839489111467132
0.801257049448751
0.6302023603628405
0.7114128141399867
0.7196998215419044
0.6040667414635305
0.7368061770280054
0.6594244244788138
0.6608152533331666
0.5947565156333101
0.6270944919946614
0.7624581331654762
0.6922803077772596
0.6810647410758134
0.5873766216767334
0.6943350022142182
0.7312840359231044
0.8430813377430538
0.7896041663994866
0.6389754735679521
0.8143960164668846
0.8299067901317346
0.6106004779637305
0.5528938352062491
0.5960196346894917
0.6991290042497026
0.6996267094975028
0.7921364672367316
0.6919208850793231
0.6853075140348405
0.6014933074544525
0.7064104029755861
0.6895782004998895
0.6831365083917611
0.6409966782678144
0.6905488859957947
0.6286522401247406
0.6524568581976956
0.6017580177978837
0.5465411583135303
0.6223367799580936
0.7270620508887222
0.6481915537650712
0.6653887502227948
0.7206879157761905
0.6910179251613022
0.6116706571741688
0.7329029734439606
0.738097999072945
0.6914634971360318
0.7336919483689509
0.757603993323176
0.6896228106835274
0.8160447704311099
0.7031530929347708
0.7056348855282641
0.6657211007394953
0.7952279100189781
0.7682917462449537
0.5756750769874508
0.6443887674562219
0.6956606179257848
0.6451372475504505
0.7548270744685265
0.6393447833492131
0.807667228156173
0.5562133752981607
0.7042313514518813
0.6721442529973068
0.6388819223114778
0.5370214544202643
0.7412087268993148
0.6869748927547336
0.6705464691573347
0.607393126873324
0.8276799221864901
0.6784994637747391
0.6814521783500235
0.8000524032385135
0.7875065708312178
0.570535935469764
0.594099305634945
0.5879170894069784
0.6047485043931522
0.5775663351886513
0.6353796308598859
0.6711659012880802
0.5665161976567101
0.6269383728333472
0.6833785111361702
0.6101290379939881
0.6615443028619485
0.6931091784105982
0.5116563246667326
0.5688048163062299
0.7349085717343491
0.5997576882035558
0.6002548986252206
0.8332992821491855
0.6451714029532017
0.6912269512951001
0.5888631687961444
0.750468849980651
0.6433507361697887
0.8260237789690039
0.6912768073229779
0.6321526432112772
0.6351854182507499
0.7204778635689344
0.5563462704749387
0.7575292674832137
0.7163145615400728
0.6270831576406534
0.6439418191441997
0.56657963505586
0.7824622832598901
0.7003576923554099
0.6597779451624212
0.6738356976505067
0.6140652810623192
0.7316010281700398
0.7871693548817161
0.6718475703005089
0.6716339493321124
0.6367068652832789
0.551896986882829
0.6517762355704794
0.5655041286313767
0.7458468537260646
0.68231698378734
0.6140020477360921
0.713320408370997
0.5164457286749844
0.7929231319154766
0.75821113849469
0.6892698679377128
0.6831846362141384
0.6161932396496362
0.8122696867508483
0.8083880441663703
0.5700944868047698
0.664044004852863
0.6033303580128475
0.6824358013323544
0.508181037002042
0.7248469422719357
0.7270511652072014
0.6977407471101735
0.7275916004257554
0.6947250928342971
0.611075605768006
0.7460921017917158
0.588942122944036
0.7381039652905403
0.6631224590353054
0.6748674559570591
0.6342636389459267
0.5994979315900233
0.6496752269298648
0.7722329059840086
0.6045013168729284
0.6836411696762017
0.5385416789458586
0.6462951538154018
0.64604373902544
0.7795894564317454
0.5557603617020324
0.6743962471190859
0.7410162737086377
0.7075025072552708
0.5799104412369952
0.7302563244861668
0.6206471495096819
0.840474261166775
0.7694071437847233
0.763088898918567
0.6464716938906826
0.5812367886020504
0.7895223835592069
0.8666572020147814
0.6540366397223686
0.7566315822264349
0.4822264989195307
0.6745333493063965
0.725248035548429
0.5927653634795322
0.7716972616485316
0.6850363835516016
0.7289419825277723
0.8228062467251305
0.6393359389506205
0.7482882422478592
0.7491294590799208
0.5351298722116208
0.7138135544860401
0.699375659570343
0.699466230747094
0.6517769010864882
0.5991477851559374
0.6275290801642467
0.6084073209248902
0.6516927034384565
0.7201262278572264
0.6697092398197787
0.5902842751493005
0.7492560382077734
0.6639287587719882
0.6690878608448784
0.7177763988488196
0.6283475354055418
0.6697251204568851
0.6818011249125377
0.7014153135797699
0.5958785649806742
0.7279050741479507
0.7405736376139632
0.6861116655786267
0.6820737548993098
0.699046613982517
0.6540219955868866
0.6717638220567275
0.7145951078240564
0.6047113743954426
0.6032004435582049
0.6122881715339185
0.6519863535901921
0.750397116716424
0.7787466948036725
0.6965067371665192
0.7001361204099926
0.7047053601889072
0.6581568384839285
0.782797759293086
0.6189717623381034
0.6465560243385913
0.7333944258121226
0.6836244377746695
0.7051024021496571
0.6794182738835132
0.7440206875894942
0.6991275231747784
0.6750248806657861
0.6634334973097274
0.7658903423343482
0.6497852484377232
0.7078244864214475
0.6229013236061969
0.6320484369464329
0.7526126536700134
0.7187071760853292
0.727782907653818
0.649970825228307
0.6087131952690951
0.5723268314794425
0.7111321048780174
0.6465155079866843
0.8085895571593077
0.7912936690122502
0.7066299205713061
0.8181125962659757
0.803021428408993
0.7026891276118669
0.6374091551079296
0.7842907397897784
0.7031882937379824
0.7807159776343034
0.524725061730414
0.6044302263877821
0.6387981177026875
0.6693939689109556
0.7243775352411574
0.6133673411184883
0.6824983341160654
0.6661279193626491
0.652030516859651
0.5993687293521383
0.5242853271263368
0.6366909967397717
0.7386802707581184
0.6340040773141605
0.6726448753565236
0.8163501092089602
0.6972443627088015
0.6396614474200698
0.5533823397387734
0.6620689974819597
0.6988211159327475
0.6799610923792887
0.5790825431679512
0.5904550360233939
0.7057098986949262
0.7352428813904345
0.6294582452463403
0.6936179195036641
0.7579976596325715
0.65899424555698
0.6051786777352229
0.7681271389123066
0.6938323099156211
0.7936248599917418
0.5859490195696379
0.812650013107034
0.5975236388898122
0.67589192090151
0.6527336210301017
0.7838494107649836
0.7394365913863702
0.7731588145776664
0.6393414611569516
0.7443871841375351
0.6302251745218285
0.6615572525378841
0.6028912803067007
0.6392677951223128
0.6277568411480031
0.6646060049509894
0.852636574617039
0.65777154097053
0.6508199774761382
0.7113342931954061
0.676475390484955
0.5468372403312542
0.6367253977415928
0.651799545400805
0.6007168502035841
0.8709580590739147
0.6718682683736454
0.5601549137857466
0.629316248486122
0.6284343612581479
0.6362055146228905
0.6796557200695139
0.62587916272251
0.5675567194486963
0.4927745268271445
0.6361517467608436
0.657920436658734
0.6284981845834621
0.5844533059465196
0.7409111028028073
0.7043955578966108
0.7448147918682617
0.6375147821964806
0.6666686763092541
0.6973921352117501
0.5602194696292315
0.6518530896323614
0.7848966268713938
0.7793452320836003
0.7179904995044157
0.6562118936020687
0.5753138013579281
0.7493475339892199
0.6388019564470767
0.5959858621173879
0.7368105116657508
0.6347866301808661
0.6403139999679551
0.6210066214544522
0.6457660389912709
0.5548341633568236
0.6565596265459708
0.8031671502427844
0.705239172877673
0.6955595797288385
0.6225319296965836
0.6741271460358668
0.6533223524768439
0.675562283805676
0.7192838114413392
0.6789722651327308
0.7233465586084588
0.7505299159930375
0.7513039150679404
0.6148483473368352
0.651791412450204
0.6557897756286427
0.7624096918978361
0.7162484937661754
0.7264137347126837
0.7462996932928623
0.6653568080123325
0.6910549456841587
0.6893921187937805
0.5355477729780568
0.7185890748454111
0.6479069963907192
0.6916536441524154
0.6617452418250181
0.6071627233538327
0.7565855550641329
0.6030157574400321
0.7037285987078992
0.6046974901255081
0.6063425852689538
0.6843007579774212
0.704653407410697
0.6430801237303065
0.6550580229937458
0.6398863989811829
0.6568734253412591
0.6088746810351499
0.6639467498888103
0.6715905840522877
0.6170598691947514
0.5426847331295654
0.6686304445904452
0.6320970548301015
0.6745899031628151
0.6813319226872233
0.6816878061025734
0.7595800098144743
0.6930348637687546
0.6534730877866782
0.6271641874683606
0.5945556285751904
0.6767865933989121
0.6736441098921466
0.6565146100277532
0.7458134737057973
0.7137369683559093
0.5671451188357647
0.6796203009978179
0.641291120246025
0.7272528069879118
0.6743992556571468
0.6678001300351725
0.6339534355992316
0.7611949092026028
0.6706313957657442
0.7596174826278335
0.6521828256577917
0.7311206078295129
0.6687662905495335
0.6341106061235378
0.6606558016621754
0.6337094399637071
0.8325139231050906
0.602726452823095
0.7940140642589112
0.67539385885019
0.7780958774391108
0.7396237451435709
0.8014402552809317
0.6482236806388942
0.8279832222637763
0.5715990416601093
0.7327426776026206
0.6588503174296719
0.6158063126463541
0.6397107796893273
0.6695832697594309
0.7596013411164325
0.7158253074094924
0.584612778451905
0.6379466602131966
0.719646112166353
0.7283249125861564
0.686573991175099
0.6317586181410856
0.6367927759216916
0.6606151204231573
0.6170254685276363
0.7119013394728146
0.6198538511202049
0.6465912592926867
0.5938040667951624
0.704271095875191
0.6053110817624584
0.634775414194564
0.6968405900759875
0.7575369295243468
0.5835042729614867
0.5483788881148345
0.6809734474407058
0.6995467428596926
0.6101136972016286
0.6605860968956411
0.6777842083033107
0.625502590519781
0.7465786923647566
0.7523600737077907
0.6580121242700543
0.6796089229936778
0.655406951566509
0.656603691803213
0.6938502965583585
0.790969605379295
0.6912419057463026
0.7530451536780176
0.7054684082262493
0.7600039824568827
0.5853763609191223
0.6533257990556366
0.5362358721426715
0.6296978701070443
0.6550497268738177
0.5534400196625502
0.6221994476123681
0.49983404780093704
0.7058613614629989
0.6364797181450934
0.722389126906256
0.7191466540290528
0.6914905554315728
0.6355385341564785
0.6373483956161868
0.8529559147977762
0.5634332902271072
0.6362968522464494
0.6583891176198474
0.6819492123591947
0.8482992380702855
0.6811511221566557
0.5922274213687558
0.7472161074531859
0.6386909026555613
0.6213165345247186
0.6858273268229979
0.7128752372258195
0.684552306345758
0.7880318406606276
0.7099692874775542
0.7147087091217039
0.7279337128176461
0.633206930403751
0.6736834635904315
0.5897793733811547
0.7819564433957124
0.7262256766099668
0.672899315168491
0.6195185018390984
0.6374781783010878
0.7698873792718968
0.7965313025678085
0.6462826416418932
0.8526908380893572
0.6896630562096546
0.5826699285718436
0.6020295212014365
0.6679711428854288
0.7129183651384784
0.5667459643269498
0.6375790718398646
0.6748487008915395
0.7599115788548256
0.5781986219270563
0.7089947898153214
0.7530258465023223
0.6501776801319571
0.7346998316736926
0.6176485404903526
0.5821669272474201
0.6516928465590168
0.6865787993108212
0.5610158017273704
0.6762111803479427
0.6607798012851166
0.7417166260178587
0.6273292416455853
0.6997719380833541
0.7994691748036834
0.7113719350754734
0.6734479691546537
0.7287821891378035
0.683978311924445
0.7600402763304834
0.7045387575094463
0.6715144839012983
0.6304095531965349
0.6475694379197686
0.5906733586751657
0.6957337855863454
0.5531532500492222
0.580585285307992
0.7273477510826953
0.7078531811096902
0.7139661869811879
0.702373198789139
0.7138790713962604
0.6561461863849404
0.667407355561544
0.6944459919499669
0.5919329944135142
0.7045395320456385
0.6855354817335256
0.7631836434023244
0.6840348552609026
0.7376078983613995
0.7348739054108236
0.7548089360268242
0.7165089178823495
0.6981511355072656
0.7008177356235884
0.6323534409998208
0.598323259675544
0.724383277850745
0.6490001515740728
0.672104132858309
0.656066451409058
0.7106511752891987
0.6365772333194833
0.7135141472840832
0.7289939056665091
0.7102682768996319
0.6725114905633799
0.6963776554015313
0.7468624335489572
0.6665506432484674
0.6931214873921419
0.6868195886417777
0.5853200756807229
0.6198468501312623
0.7933024319455795
0.7241820691296764
0.6978546326179312
0.7694833379984629
0.6116076597700159
0.6702722445114663
0.6790647135245232
0.6346832289807813
0.5484020583408037
0.7423240935468284
0.7790944296037148
0.6294756827347954
0.8452376626688787
0.7008595670346663
0.6596528949747936
0.7337490696892759
0.5774031502671628
0.8151267814952481
0.7446639351522848
0.544806210246508
0.6407542542875658
0.7021387857788612
0.6525844012566516
0.6318967632871273
0.6350229548918414
0.6590537387468898
0.7065441095128864
0.6349287107123688
0.5545787711431589
0.6576292545412805
0.7555429001476855
0.6994325156721678
0.7275752062259271
0.6688160335489819
0.5858213445108923
0.5857275788573396
0.5896784707897238
0.7033128404471154
0.7077592236209889
0.7035755518334955
0.7996277810943685
0.6850174428210631
0.5489471837260146
0.6742087632783416
0.5753854960050774
0.6827154920594416
0.6367811677462729
0.6974644660001559
0.5543864705486298
0.7177556292776416
0.5843239310846718
0.7859468550234624
0.5976085027026488
0.506919705459699
0.6166472511822279
0.6080216561674718
0.6858014721001526
0.6083239875942001
0.759759327532325
0.7098980682304709
0.5888512897802207
0.6354025482010975
0.6443910891284875
0.6558192691712004
0.5214615330315815
0.6381990934795919
0.6945405127438948
0.6801268831596835
0.7381377066522302
0.647501703363016
0.6568858676959232
0.7624959299487518
0.7529783950225992
0.5383015804890167
0.6787431268638475
0.7092427128439676
0.7095892120888004
0.6905959021142041
0.7047528483784622
0.6892221709421623
0.8106726972872861
0.7329299174761956
0.7534545494426407
0.6623484739332377
0.6452265867883488
0.6943066567325223
0.7673756792365058
0.7522637131925334
0.716819563178665
0.6396619646849223
0.7147784512199695
0.5709693103956991
0.7363280050818664
0.7541117040283658
0.5975378718374449
0.6986621204061838
0.7274941246168323
0.569818000455481
0.5852627947513613
0.6819817315284967
0.7343322298066741
0.6188989605384274
0.6894913283051027
0.5894892174710488
0.6854257199966858
0.6923830425694071
0.6440789865877321
0.6370560260482456
0.6214810886724806
0.5889713312305731
0.7370235935509047
0.7049664347458383
0.7435018432673526
0.6233867177223454
0.5837880951337269
0.6326515838644758
0.7458072931655451
0.5343949530381266
0.610616205990998
0.5977202890918447
0.7862545873199694
0.6974707053157463
0.6397539565633127
0.7738116678512027
0.6840835159048483
0.641518410521229
0.7876015677795412
0.6313506237593168
0.6726147534808373
0.6769973718019442
0.6317736142562701
0.6459695327623057
0.6717970134017887
0.6583892221223827
0.5140631210257548
0.7024195682900954
0.6717328203912541
0.5969983943337956
0.8220841081277545
0.5544389299848723
0.8101075047431104
0.7543275323800694
0.6189322580916053
0.6731228001047066
0.8348314460378413
0.7233036212714128
0.5927046863938815
0.6201474764719608
0.6430667130520721
0.7840345006887632
0.6101412947484458
0.5648195834338859
0.6678031140341264
0.650877477846698
0.6708239144454198
0.6912721355292818
0.626866787375405
0.6558625206124574
0.5436433076148918
0.5717541432758747
0.6483375907703962
0.7305201056877537
0.7445007563091707
0.6590231487760783
0.6460457436944815
0.7214630108631579
0.7259018361676985
0.5796791237445306
0.6698459134945877
0.6697642476107284
0.6854724568856952
0.6192788704100991
0.5385750587290314
0.7744400791670368
0.7451825162125006
0.6510307384077684
0.6749800486434689
0.5903541243142421
0.723328535121929
0.6288474282570473
0.7507633962605993
0.6651855193114161
0.73853458542139
0.6392976891614467
0.7724847297072607
0.7003388182063409
0.6809413570741997
0.6300404561750447
0.6563693874595512
0.6329061267694973
0.6387916865064972
0.7395214716186796
0.6253683919565189
0.6928916182807418
0.7444371626764335
0.7308315492481559
0.7509334215315394
0.654241813537034
0.744636472592513
0.8789495154467093
0.5667138262913897
0.7415568039411538
0.6116604231324855
0.6405175173515064
0.7085889539521718
0.6524715275385211
0.7285235494428015
0.7574564648915035
0.7116636450945627
0.6712703491419154
0.6961228193150758
0.6714712769693075
0.7525069861805407
0.7655657409264078
0.6958873274758214
0.6974615733366264
0.5019201530243538
0.8516591702480065
0.6619055791054634
0.594206173385223
0.6904517470164033
0.677415574715536
0.6714069930045716
0.6697973795894696
0.6093265740553847
0.6558493745169826
0.6095778569100431
0.5703959467672263
0.8549429314724751
0.7034661421867333
0.6253836104688232
0.6836561008856743
0.6521887483258474
0.6505097023781737
0.7288140012189835
0.669209086970075
0.6153134793178544
0.6049838217210642
0.6636098476259856
0.6590821998149821
0.7663927444547847
0.7195218476005099
0.5671384732895509
0.6221258888076115
0.6646577348272512
0.7602191282044868
0.5702841935080607
0.6358290095499731
0.6123899549504063
0.8224260524871619
0.8254510908672618
0.7009808402448813
0.6146320204215457
0.6499572883501288
0.7664217839269462
0.5764932404795907
0.6803031221806553
0.7937554817446428
0.6317610785368499
0.7575154621916018
0.8175794551147121
0.6565733827275594
0.7783432248315354
0.6744425339540884
0.8144368061233969
0.6408245685465831
0.7529694392983628
0.6304432704455872
0.59743600664487
0.721379542048726
0.6999253237610509
0.6406386462018041
0.7186902485766115
0.8693937037950223
0.6435378357539469
0.7226399663116542
0.5980814412688958
0.7657670395145042
0.6395164716121746
0.7858610881095183
0.7069176333570218
0.7076737105240082
0.6611666458509865
0.6280865675852498
0.6751849307540069
0.6894154263877594
0.710681732551649
0.6928591659714803
0.6095420843993092
0.6681499893602139
0.6882087777909752
0.7196369740263653
0.7165242191488688
0.7486307717421955
0.7881330857528442
0.6050533676371296
0.6518386348274477
0.6288154603332634
0.565255787660457
0.7071236190710407
0.6768595581059064
0.6824227421264051
0.7437461395784786
0.506683338728004
0.6775667789413343
0.6023535318378586
0.786362696619382
0.7254449022529131
0.626924246765055
0.6482964604338409
0.6989735321218694
0.675410452933397
0.7786639918233664
0.6669752055929025
0.7320297190153514
0.732533014285448
0.6073545409899778
0.6638260757070643
0.6958560553953961
0.6169639081864378
0.8372373265187153
0.7244509640883782
0.6340865837876447
0.5896576987445908
0.743095398619201
0.6140445274330393
0.742294774072036
0.6863991195333408
0.7148232855443668
0.6094615772798415
0.6493925528363168
0.6170303755474521
0.6861661203402276
0.603852097130969
0.659923055825932
0.6867446674149493
0.5867675346457626
0.6254484205134588
0.708163247033058
0.6576870303272928
0.7961413635211473
0.773168097272291
0.78268985940131
0.7286221225944626
0.7385193473518724
0.662903985492247
0.6906081862687303
0.7514970935423249
0.8718285270064314
0.6963536177586891
0.7020472098393902
0.6671081630279061
0.5097253511141537
0.7528186606919847
0.664054028847807
0.7562782107573792
0.846117154759525
0.786200745980421
0.7521413379835445
0.6383352532062695
0.5480526245240745
0.6292960134495874
0.6541243942772124
0.7041970718763252
0.7024604504340077
0.6983788175246762
0.6096393341033421
0.7276646493951706
0.7086478512424382
0.6728993589595205
0.6296003378494537
0.6309338876573856
0.7972774869491959
0.7918255045507002
0.5938917625375582
0.7009370446735601
0.5999247718000804
0.7004735892522416
0.5867881629179116
0.7268465786747585
0.7003848877643896
0.7093882074015414
0.6485764079385179
0.6293424791773637
0.7551025955563812
0.6659630910900737
0.6559239099575731
0.752146532388129
0.7263058320940489
0.6630947008356615
0.5498011334583423
0.6831176357371094
0.6129709729602013
0.6375201910038513
0.7294883338104026
0.7280639471294063
0.6468346303113276
0.6466251836527714
0.7245679383109702
0.7022319812280645
0.6605417818993967
0.6565142416302234
0.6665881221773061
0.8137942356061194
0.8069892007641013
0.6676584536315264
0.6986257453528908
0.6744071941087733
0.6721018232755203
0.5903983737070381
0.6733968918759283
0.6068290782486826
0.684104886885341
0.568496263491967
0.7153788977351618
0.7369665022207063
0.7037011405465393
0.5982415041050294
0.6906797560915946
0.6369125338678017
0.537562047310899
0.8380531587939442
0.666116443365721
0.658383723787506
0.5899949430287947
0.7172465767993805
0.7301179042376674
0.7442139962643267
0.6433232776442044
0.7461079473618811
0.6039292458786297
0.6205909042152505
0.7039454492111904
0.6665429283634938
0.6518125514947187
0.5691584256248631
0.7004634549704133
0.642349649333235
0.7627460642154545
0.5645740133154417
0.6268637066676032
0.7402413891283846
0.8118272056273202
0.6408754797637104
0.7713094957391323
0.7121265617104662
0.6134307232801787
0.8817949854775031
0.6517925338715401
0.6729357253643187
0.5732949378278702
0.7649641032421195
0.5971631800450263
0.17145483706260148
0.7285137708575566
0.6779201078470516
0.6182104480826848
0.7187643705199247
0.7338243706009362
0.6394911003833217
0.6062609278566526
0.65707868283391
0.6626701886409478
0.6136349234803488
0.6825643242642807
0.7822580478439235
0.5982932364030024
0.5827875227268412
0.7290995236549138
0.810364231585003
0.7052690710481785
0.6309550031173741
0.5377915987385058
0.5153505142881024
0.7421761408885883
0.6964760289336553
0.6027253261511762
0.6923338797961245
0.612605465986764
0.65318259526674
0.6917934652709455
0.5468796834692452
0.7212087838880288
0.7709509946025687
0.6788549684227182
0.6928667168626126
0.5852981964999424
0.7239869424037333
0.6994629832158683
0.6937063686071933
0.6819475984819613
0.6123115566592529
0.5561057315157734
0.6324983966225616
0.7865146211298498
0.7073475770081198
0.629391528975467
0.7060068228173189
0.6687790919744018
0.7315063609567485
0.7044872798079713
0.7352288565143649
0.6094737843712195
0.7291495344583729
0.6732878900940883
0.6535611670150463
0.7276856335366741
0.7581690738179103
0.650788228418631
0.7418748348761569
0.6237968430043319
0.6581305410653011
0.5440136442900059
0.5941558952800917
0.6449271662674586
0.7006053873253306
0.6034676621744943
0.6573334402727942
0.6316065294699791
0.6146338751393352
0.5883381463941518
0.606664546491726
0.6035784693479037
0.6283705329221848
0.8134901750412945
0.641095181772149
0.7469368349607197
0.6966250394939588
0.619759278150765
0.6631692470152316
0.6954788159507822
0.6573344617459108
0.7454795622393076
0.5889176067000575
0.631694577691055
0.5947811441439863
0.6671013185492449
0.6763676320089664
0.8046338595032536
0.6553352700558985
0.4959494146606637
0.8421325208070837
0.5918613866276452
0.7741573752593932
0.6819472858015856
0.6157991734339482
0.7042259129995013
0.594179879250705
0.6694838333675933
0.6340984772458319
0.7067047125264357
0.509268516534088
0.6779890951506826
0.7155907848475765
0.7376170984219206
0.6597833509159878
0.6512276379361196
0.6666910861544765
0.6764558362860074
0.5614473689490583
0.5998425827867131
0.6489038700355886
0.6744452466808796
0.5771333336684906
0.653652769364641
0.6988762469018154
0.7724998002339617
0.6620065169572238
0.6645386073852007
0.7375676313447662
0.5961486910688443
0.7567070965305758
0.6795287834012012
0.6115558214167498
0.7216839846224926
0.6472016328955514
0.6106925701709712
0.7817981931696646
0.6920954541642809
0.6655042822477886
0.7104728593644208
0.609612608922202
0.6437185966202521
0.6934515059740153
0.6553351915204593
0.808687847706494
0.7335283718288934
0.6166735117335754
0.6248467352499184
0.6966646455784256
0.8163097892086218
0.7501235501033628
0.5914974657172847
0.5940766406230324
0.6845485033946678
0.6242586097421867
0.6997360367010163
0.8127783062172959
0.6606555943990391
0.7625639389222028
0.5758753818223453
0.6997601210903651
0.6647842878851099
0.6188603990024343
0.7133297911045798
0.6855346239512363
0.6803792614793988
0.6942078356131589
0.5719435892581459
0.6145163522346114
0.710304597020055
0.6640289432864699
0.6328720678450906
0.7082565463252428
0.6962418208073243
0.6319832877688122
0.6306404899421125
0.6461861905566556
0.7440371807698767
0.6720967467487188
0.7396116763609366
0.793566607869359
0.5752873110612637
0.6297630847559353
0.5834554825809225
0.5581543463385947
0.659216234844839
0.6923588683067264
0.7013596665757249
0.7301580935674848
0.7632471145345894
0.550598795921442
0.6986405282814011
0.4376191484451154
0.6907076400063185
0.7344385108355663
0.5944972275903795
0.8131795898260276
0.6071150921810619
0.6625880379025572
0.6985980159115789
0.7009778258915872
0.6474876399764479
0.6556937899344638
0.730678325120298
0.6090984743198272
0.6656484683260011
0.5294802041132102
0.5006855560718023
0.6368013312900357
0.6987072788770793
0.7036684278911899
0.7487729971857252
0.5914956236587575
0.7408096395041756
0.67939079384115
0.7286535649242853
0.6768339209659168
0.6395906914304512
0.5054088011847442
0.6290444675412545
0.5563585702476935
0.6858440985058935
0.7592084273389929
0.708156922159832
0.6934865513475805
0.700358812676236
0.602481248321069
0.6683361671092806
0.6529894936889991
0.6825945416741226
0.7056494001202486
0.7337161502763392
0.5523207447234083
0.6918645622190885
0.6568332914904238
0.7306398670871357
0.68750871745973
0.7059968024394706
0.5616150038225
0.6038841227621345
0.627548570762857
0.7998290332086231
0.878552628457588
0.7013706520159968
0.6529672047504116
0.6129324552250837
0.6529090525599067
0.7497904669220057
0.6168661037227473
0.5881484745661844
0.652600170525128
0.6968506453486044
0.8065059359514699
0.7114792296391674
0.7038422462315296
0.6798538165430896
0.6371284990725947
0.7127851980494772
0.552586998666631
0.753008458120887
0.6707005779533078
0.6578923269686651
0.6999942468664957
0.5588549363998849
0.7075126231860044
0.738961680439313
0.7029951263256242
0.6123572775257031
0.6643543286941525
0.7117267753946733
0.7042554450671956
0.7389331285595088
0.7272021921321625
0.6470758867228515
0.7137349094134624
0.5620307261672245
0.5840978694481668
0.7402597778137829
0.858397481601187
0.675325288723759
0.5871155300375835
0.6278986548298294
0.5787828752225783
0.7338495904164155
0.6179693016436937
0.6837426347645974
0.6758740247760934
0.7424468978265389
0.6710019183465552
0.5924808625724162
0.6923690475394823
0.7315855564572843
0.6369252690953522
0.8020724324100359
0.6091218316096184
0.6183438423256178
0.6271387692623879
0.6482875816896946
0.7014066321142689
0.7575310416779303
0.7118321632644584
0.7657177552806195
0.7758168136732344
0.7173146429145489
0.6518809427100312
0.6315237832697342
0.7181559137338237
0.49685734834821405
0.5576352275971593
0.7434948786000886
0.7658905608949987
0.6378154483572133
0.7089107893426952
0.6502396253820627
0.711381634150848
0.5833801773178887
0.7574261458045296
0.5476120597024057
0.7372545490564771
0.6006371817901509
0.698946252794144
0.6619552415753606
0.7049425000846639
0.6994414157031308
0.6668929684449021
0.6850269060481723
0.6465561507284914
0.5380088810808176
0.5863275810847984
0.7869161297324302
0.7061466683129162
0.6912760147636616
0.8095886515492156
0.7214060559772603
0.7096429426164034
0.6738683027192636
0.7131771097766554
0.6985869408678369
0.5427732270184723
0.7523489629636273
0.8449323081875308
0.5430911289853377
0.6189921681716801
0.6687300852002912
0.6149819979249443
0.6888395256212029
0.6759060588289111
0.6231285929105157
0.5941806345203055
0.7505254197194473
0.6734357288161131
0.5899857335253121
0.6678948438021343
0.671999632508423
0.6579747264316568
0.5808706658920615
0.6909578538168405
0.7832498572256459
0.7120753398337883
0.6707040298391096
0.5754264816581366
0.6189229475797332
0.6764514777380938
0.6669109995781471
0.6454620256512654
0.7025643277228458
0.6970261555650767
0.6052968845283065
0.5515202698034094
0.6886617848717907
0.6921722443966616
0.5913349394744828
0.7296556870020448
0.7667040045949503
0.554869758715681
0.7234434516854531
0.6937445620048095
0.6760126690415008
0.698686348484732
0.6050057975659925
0.6575880535185853
0.5922266138916529
0.5416631539425366
0.7184667123113593
0.7019431283616332
0.7777620536628214
0.773462512159826
0.672841739037689
0.6388927840302069
0.6850208089080161
0.6271749060083832
0.6210034080273052
0.5716370881989951
0.6576575423501141
0.5794542559428627
0.6710486608949228
0.5153086973074325
0.5515948914305304
0.7093970377059877
0.6800147402542825
0.6969612525552477
0.7636555789292949
0.5416448404831464
0.5775714636533833
0.6887989229608238
0.5717646560778552
0.6730798533627894
0.5441247736788514
0.6333257012943675
0.6094852386032003
0.6137870382990052
0.638883999583857
0.8323596513544034
0.5816489244494769
0.7476901948022682
0.6333253643342217
0.7639314532187477
0.6651459496625308
0.6469322897587256
0.7942278237347384
0.7621848354827923
0.7041876791491388
0.6004264628914594
0.5859992757390258
0.6117262697029703
0.7180996157288565
0.5857441742821413
0.7839694820739429
0.6812584354620119
0.7206990658563376
0.6397782360742066
0.6816765763210917
0.7360038945942061
0.6864312006217023
0.6482673727303676
0.6003200550013666
0.6227864411601792
0.5971088039676886
0.719826526742664
0.7359281843911215
0.7075963647381772
0.659598207953323
0.6451038742337484
0.6637893460052692
0.6225065354214413
0.6044748208302384
0.8005970429837729
0.5511088893599715
0.7030216708734823
0.7006153437128415
0.6594808766168176
0.6421952282652107
0.6358306115164077
0.6502697733183597
0.6283833138317712
0.681202138851749
0.5163479320911174
0.5511627543553282
0.7087970200173329
0.6539754831947108
0.5801315673994873
0.7032065964627988
0.7373027196524269
0.5360011764050739
0.5434999400084934
0.7256457673640335
0.6850200308130083
0.685413832574548
0.5664393535220102
0.7273418900568728
0.7243100286817312
0.7264699950470088
0.5381552806230768
0.7032226857735282
0.6565079828899408
0.8003818755651169
0.6057968142451813
0.6639897745971348
0.6528610990111441
0.6075863794811829
0.6372068343418053
0.6050928664469482
0.6424502488413827
0.6649482215380007
0.6408281384760796
0.6109847092104074
0.7059001031113644
0.6395847910543248
0.5820461606617143
0.6154491460448807
0.8115441362343536
0.5806006590501789
0.6977203931100985
0.6970813960472043
0.7129737924943194
0.6827183647196207
0.6895126160306243
0.6742415522158115
0.6259011677594049
0.5538437753371682
0.7048255829978193
0.5182377596221703
0.6980829465278777
0.7133487099666257
0.6751192027022875
0.6756968824527584
0.7066152370139891
0.6227520752542771
0.5278982509738399
0.6801206969183958
0.6280451227586271
0.7397159952287915
0.7834290548772639
0.5740086852332793
0.7159762325933344
0.7273155265223591
0.5875991217052133
0.700276231922315
0.7135247100109757
0.7188201442317667
0.6865129191216953
0.5932110407280589
0.7866285688923029
0.7723983233499685
0.7213932604421572
0.635696551157701
0.6287962306717124
0.5896260357131421
0.713259776810201
0.6701249856534816
0.6306077157158114
0.5994872379411849
0.7827323547578915
0.7031961144932909
0.8073871965678867
0.5882482104295531
0.6513855049520166
0.7289002740489398
0.6047716568138322
0.6591713233708663
0.6981869213953069
0.6953228971564619
0.5536240688001042
0.7147177847616353
0.8100633873101863
0.6540868344328218
0.7708557249558272
0.7622066588844802
0.82139395189047
0.7253610256360528
0.6556728932189727
0.679626116292269
0.715652964712292
0.6314574806193414
0.6460662064483217
0.5653537719469831
0.834686088720924
0.6616558994497505
0.7491360462712484
0.6050214907208107
0.6506263445533995
0.6929730370635137
0.7108370809243572
0.7091079332382427
0.6724576388700146
0.7757054299444831
0.7276413662522103
0.7370117015674595
0.6621098321160324
0.6994595448075597
0.6562227022705918
0.808092612815151
0.7198870509275199
0.6137557587937104
0.8318718447810195
0.7036049041154772
0.5799084863620448
0.7219113712427261
0.6249259765647568
0.6369061630835753
0.6589341972026403
0.672720546912432
0.6803063656982663
0.7442296963725564
0.7236039801643738
0.6136849968055575
0.6633005239037911
0.6364786204279382
0.8967646346058831
0.7672420590547316
0.6944850352472819
0.5798581668875727
0.7314227738038871
0.6644748354374216
0.7163974359038365
0.7320583946159146
0.7217080463110053
0.7130414804682839
0.6148611578492255
0.80786215725334
0.6588384988946585
0.7591969393187019
0.6674787780399686
0.6586668264744785
0.6828330719868432
0.6482976375652028
0.7835872157022733
0.620473955948489
0.6815150938530844
0.642165605245668
0.5998254849644039
0.6083579161557261
0.6824829984969185
0.6250067165039086
0.6327457591283671
0.6029686125595676
0.5886890124202957
0.6170398461786443
0.5898490813416262
0.6059884066155325
0.7160137641607658
0.6518081729344881
0.6916206146044178
0.7129616433467112
0.7550632042312497
0.7322524830519695
0.7205482340175443
0.6925023173952943
0.793439164085926
0.5392295063679537
0.6073501362229017
0.7250749551411075
0.5091650015460275
0.627869409527268
0.7355116688697203
0.6591717423276418
0.6559770701180752
0.6305264132422297
0.7168184487729304
0.7176601288223411
0.7238738268687209
0.6982089245760864
0.7188993630652624
0.6621009198758157
0.603928122701756
0.8385351484973498
0.7091487015734882
0.6660212656577116
0.688354750743848
0.6098632721607073
0.7284217131517706
0.6192448438899173
0.5813631194698421
0.7724868751166315
0.6120278573845758
0.6719080122136926
0.78857486531836
0.6359367026174505
0.7157878499333628
0.6990569777446413
0.60714630314019
0.6213662981322514
0.6500610375748567
0.7640780539410534
0.7115637953100775
0.6649359195646879
0.6821309988483751
0.5660373007161468
0.5972218591833003
0.5968642877245158
0.6357581792497552
0.7035083925418387
0.6708833687061664
0.7365470941119969
0.7323283463449053
0.606556710739244
0.7019491667269332
0.6266593031334255
0.7878563297929007
0.7757946508220961
0.7539208463279362
0.6387224613997947
0.7691357615373908
0.6039916345295755
0.664624622838021
0.7172318520182948
0.7281232632290694
0.6987258470730131
0.7006763860876895
0.8240417744964059
0.7754377640924222
0.6740795413424118
0.6526968713926286
0.8095730731338022
0.6449633849261475
0.7976355906628105
0.6256808549043787
0.7501942401889466
0.549547416227499
0.8681499112180493
0.6797673925971845
0.5815339836730843
0.7080484516845772
0.6966257293476726
0.6775299624007441
0.8363902190911858
0.8308481573522736
0.6875712295772359
0.6424723103155422
0.6695710291889667
0.6412445713931051
0.535084436399457
0.6419439636636911
0.762007518985186
0.7574080343703748
0.7097558145868409
0.7116257962902769
0.8165678200461952
0.7840324586918711
0.63263397178702
0.5477596274084603
0.5677719865672474
0.7862668302358542
0.6927930384236695
0.5911705814690649
0.6521725376807567
0.6376588997418228
0.6191088312045882
0.513389574873418
0.6485234125992316
0.6260248403190378
0.750355145406135
0.6555313742111574
0.797788437835967
0.7499331077755151
0.5317648514616604
0.629745274577687
0.7502564484153595
0.6998997617140579
0.6681636499908173
0.7869698473168266
0.7678592949817244
0.7002034532025848
0.6816892242897787
0.6696640938875504
0.7030875069548014
0.5881858527347642
0.5557711610423421
0.5524428207984129
0.7519326342524787
0.6695292059658325
0.6265828765950746
0.6593211453537837
0.7040259987387475
0.8237341146257005
0.6424948707893275
0.6571557492461092
0.7563639139367346
0.6016705850849823
0.6596180225682062
0.6431402269378439
0.80950432025556
0.6711487649730542
0.664971433265351
0.7326041559850812
0.7673621682803564
0.6695171502697194
0.6316151315435089
0.6328637759043937
0.6520479253303882
0.8898251392199688
0.735732875017329
0.6584284678786196
0.7284960861429391
0.7150381770329594
0.6216080753789195
0.6625273208620213
0.5683655680210346
0.6207610869798329
0.7131420869898352
0.7221465142116003
0.614663196904456
0.6394245820889505
0.5719713371985755
0.5845989428708641
0.6714435244032139
0.6652010688800299
0.7409753885574126
0.7547248718841159
0.7326358948696298
0.6469228144060614
0.6892736806927989
0.7074603608714984
0.6640656436944722
0.6637584655430788
0.6913915063258627
0.6656720287098887
0.7156626345501544
0.6365311992836534
0.7203211502047943
0.6410927358097763
0.6533639570708624
0.638953434908931
0.7798235335664435
0.7084868820977771
0.7369724341924226
0.7520011079628341
0.7204226099202035
0.7335874755341236
0.7085407929405858
0.7403304806924605
0.7146621263116574
0.5653974740508723
0.6567155018864864
0.7849469699514501
0.6979429773623498
0.694429756850394
0.6882580791437438
0.6323782265108027
0.6631327302248006
0.7126491796619021
0.6385797725768332
0.6817913279931588
0.8549358437362535
0.7829334446839435
0.6550944476955254
0.7033937042448192
0.7023088133278774
0.630897443134554
0.6273580446793972
0.8171416102843337
0.6171291699804445
0.6297231804999376
0.7099205671585959
0.7068152433938905
0.7153613132437587
0.6313260066494643
0.8092995735965307
0.6828745768089179
0.5897115559395818
0.5730036936876632
0.6331082293177038
0.8371974916453988
0.7172256192832016
0.6897677939105874
0.5957016565260764
0.6974135916505252
0.778552626152834
0.716054287766767
0.6913233419015974
0.6542947017189445
0.6087709317631282
0.7272518615011784
0.5532202087502552
0.6853570238004747
0.6340537613252129
0.5851033929022608
0.7112071999344659
0.6790341457515678
0.7162224849716681
0.5263061599461383
0.7230556955994668
0.7231109619931716
0.7231817311375025
0.698348068809969
0.630228911215838
0.5917609344677442
0.7064565362048377
0.6156304074555875
0.6296118319366667
0.6594655162158931
0.7448561771379243
0.7433828832704186
0.825415822765474
0.7002261758961342
0.5811309612244964
0.6280235751821772
0.684152892861693
0.7901264585431841
0.6451751586331008
0.6447831174220594
0.7649618335568723
0.6751125346200615
0.657744107835486
0.6423887552600764
0.6416271316404868
0.7437044077265373
0.5898049298099303
0.6256858252462861
0.6343983461421966
0.7095684850181186
0.6800903198327168
0.6572866914106793
0.8033730896911988
0.6164980331086917
0.7697988657138589
0.7324675923030958
0.6988672188940104
0.7561692475039965
0.6813762748610371
0.7279172133178444
0.61704424584452
0.6405576257530564
0.6567806429486186
0.7374671448966366
0.7114783297553792
0.6722408992125211
0.7325479702481625
0.6468093624172727
0.661506199636233
0.7589221571107335
0.7688501107396245
0.6495348640271449
0.6251158933454806
0.8123589810188832
0.6061890528652073
0.6007941081465775
0.6727620490045122
0.6140271911265572
0.6819537077571501
0.7173660495012191
0.7857810473989841
0.601329149727988
0.7040244748953236
0.5816451770894645
0.6757521175017139
0.6792627342441798
0.6714660268407645
0.6883945360415338
0.6945853979160095
0.6809684161051559
0.6002335535786675
0.6957682236314497
0.679648290095435
0.7256710416808246
0.757148742029371
0.7368659390821377
0.4941963799449637
0.7820825157884298
0.5839187099806726
0.47576815193615685
0.6866513411833994
0.7173373552554854
0.5812116992350546
0.63294680945066
0.7086786410060354
0.6762584414512772
0.6779204301455419
0.7120597354316639
0.6335091202969875
0.6722212736190062
0.6716106881228757
0.6840843020027904
0.6784849614124839
0.543731750249401
0.6257209980342657
0.6751507444558532
0.5434271823803799
0.7921759435840691
0.6881538288773585
0.6596510261020578
0.554433461899227
0.5971187729637206
0.6847346252121653
0.7721525199141817
0.6793799233389088
0.7646025553990311
0.7600945484212485
0.6985614626478684
0.5301943578254701
0.6340895424158856
0.6441010427926394
0.6686967355774975
0.6997266321389335
0.6672701709908919
0.6920697969666924
0.7885628949509261
0.689146067310772
0.6572139758269763
0.657727104501989
0.7158632452692567
0.7789231055388354
0.7907642068169667
0.7809422655127687
0.5978752349786055
0.6342363929988757
0.7072242509732682
0.7313247756684241
0.5881455127706513
0.6494756281009808
0.674192743412758
0.5950743593297848
0.7741131975942483
0.6583466886741726
0.6623147379264963
0.6561156663994477
0.632330458046377
0.6054851194555123
0.6139437619835281
0.7072600240081784
0.6226669005046663
0.6841166631852825
0.6293248039190642
0.6776436138145097
0.7168341689404972
0.6726755986371701
0.7458048587670079
0.77037869645954
0.6684275156568369
0.7211720395316845
0.6371478722891688
0.7460264093797139
0.6906958587094761
0.8389761083218833
0.7057844711602037
0.6641029969556725
0.6941106839750014
0.6728458531561332
0.6451250678357213
0.7000110282685762
0.6895527416296245
0.6940048473871152
0.734707358251788
0.6529090797313446
0.6791468691883255
0.7480374235405872
0.7437934151173751
0.6883992405677515
0.5969092669839523
0.5985778041141985
0.7020281281668581
0.6835684179299071
0.623606563521035
0.6262177216573522
0.676199243244755
0.5823686542513367
0.5740146333988729
0.6548156959166889
0.7676626446936089
0.852373983442213
0.6520078755914201
0.6087694967151114
0.5510818820698805
0.7210315327628357
0.826283394226699
0.7807275327213096
0.6777883023995879
0.6685721191653663
0.6001504756568782
0.6224223654186992
0.689654999445316
0.6382342963106028
0.6743480592879386
0.6378812528074864
0.6584181150658054
0.5916129372833657
0.585944814569512
0.602449049131364
0.7159370285999943
0.6847743322039073
0.6603045257138912
0.7193082885204166
0.6676298004266367
0.5675118574595142
0.6693593402261765
0.7865084699739494
0.607604235680693
0.7146415063802813
0.5758352209622372
0.6369677786422274
0.6572338749765237
0.6794947745632739
0.6726837961795408
0.7512422407751057
0.857881080833155
0.6480702347328191
0.7174929998788098
0.6278421531474461
0.5428445099292887
0.615922814459948
0.7400903587256624
0.6090979161594693
0.5811533312478201
0.7032959964430902
0.7209070241097834
0.6471773527684689
0.6104585811360946
0.7171497658884236
0.6774086405565006
0.6445903779851596
0.7578623476556491
0.721897605811967
0.6480979996588208
0.6134319184936411
0.727347411250087
0.6813245201188147
0.6697984037284835
0.6348501711578997
0.696669175697413
0.6379739981525034
0.6748629492555894
0.6724696757108062
0.5417644971212557
0.742339327939441
0.6632491735754684
0.7340244739881857
0.6316308914392325
0.6274592424441992
0.6396397529186801
0.6426585396800327
0.5453331026002594
0.7299520336128397
0.7241613797372339
0.7108268973230891
0.8345463198978254
0.6919413506491584
0.6784956861710251
0.6978770582499413
0.7315589443849706
0.5451790905134751
0.7410191216390805
0.707924609697597
0.6164688072464396
0.7688125612010803
0.6874743064083052
0.7309419593086166
0.7469018218381895
0.7447214484922776
0.7459277482559963
0.6596956622626106
0.7679105127529903
0.7235494712123827
0.6110846779881856
0.7083500090909326
0.6753911671793853
0.6762432002537226
0.8474769212048003
0.5765477576506687
0.5596098828830686
0.6499356432389249
0.6796326093198408
0.603475672372712
0.7946553179653122
0.6579305034663264
0.6392830412692297
0.7624175502572126
0.7910768716071683
0.6585117225435448
0.7270013335694608
0.7288858090421861
0.7151968478924372
0.8296703117346439
0.6834521600404829
0.5011499775249413
0.7233638557483534
0.7958255026383763
0.7387602915587639
0.7305127813483245
0.6505417295774419
0.6643781895841061
0.6840538389040703
0.5654799648764909
0.704549203537236
0.7041669900434925
0.5377367329861324
0.7036545885806332
0.6739170830197461
0.6833916233135668
0.6307197219162334
0.6631468368304979
0.6831841093568727
0.8343834952065629
0.6711856237424838
0.7192138380890435
0.5830398897924928
0.7185302296911883
0.8295694265359029
0.6323315245990266
0.7228324470059612
0.5895883305119024
0.7798533015937528
0.5600790974665035
0.7440760520222225
0.6946922559247359
0.6835198953059799
0.6499984989809732
0.7269606330710292
0.6456644593919717
0.6550571898271544
0.8082974660827233
0.7379865766299414
0.7735855136660416
0.6022193152661632
0.6510300901450584
0.7535073584224484
0.6597631354306088
0.7613203102306031
0.6831484082399418
0.6597308069465152
0.7663792308316184
0.7200626548514085
0.6455216234735017
0.6962705972278656
0.7179715336115601
0.5246198051964057
0.6923305040808219
0.6872373575869575
0.7246925444925144
0.5900428270868993
0.6631787597876012
0.6870062633368649
0.7239208787898258
0.7608470928845692
0.7253826397453231
0.77806004892182
0.7473839391354569
0.7723927944189507
0.7547353992225487
0.7913699626782185
0.8106262625760993
0.7145864906219763
0.7779569643539362
0.5365448850665921
0.7454447916072064
0.7148769780234817
0.590729818524489
0.7411213096232503
0.8504443747978253
0.7383680986471453
0.639367495527997
0.7823631911721357
0.5531381353098407
0.6098971787842767
0.5845006504462997
0.5624665748679296
0.591682111625918
0.7099308480141718
0.686414136272432
0.6520587274637307
0.6286406828720913
0.6796278594313833
0.7179538166105682
0.7766300874522102
0.6403015677999891
0.7350272570374417
0.7675220643979617
0.7456316464091992
0.6527704567155365
0.7087548584852038
0.7443421843039886
0.6887180550250943
0.7124443230578869
0.6702903001564756
0.7007952610036329
0.6957348048168296
0.7583040648773975
0.6272989080376584
0.7149823920143932
0.6492599062900467
0.661151527047103
0.7476928305483064
0.744752764022172
0.7058244342637786
0.7328852548298673
0.7018687823546651
0.6714450292908333
0.6265140838638391
0.7692922946603291
0.6718368339158932
0.6215088034362534
0.6522972502521562
0.6472699227687388
0.6932833164466193
0.7023006463195971
0.7578352145820688
0.6336121503704067
0.644818692449518
0.6711755285262876
0.7497277561371163
0.5460870151101943
0.7064090511679366
0.6815686672439106
0.632851380765216
0.6520405711978049
0.7909750110627239
0.6435630035818664
0.7612049660135818
0.8011753631371688
0.7452235479279175
0.7294199717833406
0.6176591654116295
0.7045827929420768
0.6149893800277638
0.7090840649322215
0.5598753736898403
0.6705254984539244
0.6592533604996869
0.7322318933561534
0.6500200623974853
0.7320068382006635
0.7666707930504358
0.6639051040046408
0.6073108435334311
0.6310988792051817
0.6582874086648646
0.5636464934192321
0.7327451148399066
0.7136695719563719
0.6771062981285435
0.6625377972446725
0.7878900969594747
0.8080144617668535
0.6511089961790246
0.7450400319823444
0.6546432283379523
0.648483024443975
0.7067090532875461
0.6458812419420541
0.6786361902869251
0.6567581601940295
0.6992127861834283
0.6922306099877087
0.6839154547712957
0.7045129213776193
0.7305384052411463
0.6120098359385546
0.7899704962886339
0.6215580639066653
0.6105149484804908
0.7499887988633069
0.6967010795741362
0.5971231696936308
0.5880306609758031
0.6101031483217566
0.5984533564787481
0.6793807139777663
0.7743058656762232
0.6985723325400232
0.6529942854844246
0.776217641659616
0.6960700357260552
0.7296283448801761
0.7064655190079167
0.6599125779920487
0.722465686814048
0.6202314851531048
0.8094530180234972
0.7161507463328287
0.6851210444820499
0.6724734657774062
0.7444125135527802
0.6500477007131168
0.7776782660620186
0.822899601811286
0.6186074602325654
0.5769078722387375
0.5632871991717128
0.6673928357827489
0.642503890443189
0.7943797762287882
0.6275678664156888
0.6823363399993466
0.6078911084409598
0.6932680147063393
0.6019741289977172
0.7219175076133495
0.5884202596958813
0.9471207483799182
0.6717736545917403
0.7923081547838067
0.787036283646177
0.634236770381493
0.6449913096636988
0.6026265332632567
0.6893699690608541
0.596313143387353
0.6259901055647501
0.6683280720917354
0.5901850573726833
0.7840403499476695
0.7323183533534936
0.7815253386051861
0.637980871431139
0.5865716171291836
0.7390036664339199
0.7528569199615771
0.48766466317784873
0.6398977224664848
0.6756219721056927
0.653392861683929
0.6124102670438702
0.538431969243121
0.5652094659732626
0.6952650243081545
0.6607973608567858
0.5543500128672018
0.7043818197907525
0.6033075488494277
0.6226129308292475
0.7726212597273333
0.5637855545279428
0.670336638482704
0.588914274308885
0.7057825865257904
0.7849064556233243
0.6469547698164209
0.6879682734748599
0.7031022395942887
0.7284226235546495
0.869257514881068
0.7164650959618009
0.7019046787682539
0.669959601697562
0.6350957590128172
0.713038786300907
0.6865533407587837
0.6478568932570572
0.7464113745683557
0.7044336332653119
0.6482456012182425
0.6482306461903969
0.6115828774094255
0.7356757372985487
0.6413593634779972
0.6949918212865499
0.7438234299337722
0.7191003976784549
0.657881725824017
0.5858108325693276
0.6716033451640046
0.7191056041346867
0.5485815719080861
0.5696985193194254
0.7018112807445279
0.6500302671052822
0.7114810477447864
0.6143382688407476
0.6799466866481761
0.7198788516956888
0.6576076142242068
0.6475337130771843
0.7075884298729945
0.7869935043155609
0.7166923438917299
0.733002146582206
0.86335550540329
0.6994490286581402
0.7307667719891341
0.7210830715660396
0.6984029127262232
0.6874323402082716
0.6826907892254502
0.7124795147502783
0.6948419154674673
0.767742619328202
0.7095935989609026
0.6547827777102521
0.7883280983372636
0.7764940089794258
0.6177524646546192
0.7114993734410595
0.8307389422762502
0.7132208421095992
0.8259585635989541
0.5924958737732612
0.6523963640838737
0.584204257223018
0.7137747239217732
0.37201935937631303
0.6596594245369218
0.8090290556045774
0.6972319627574772
0.7636136121255427
0.6257524660891004
0.6838942540172149
0.6852208075796944
0.7397511795487745
0.6636083864763839
0.6635942753607905
0.7215219209564304
0.6542899074435476
0.6568746463308894
0.546115335111327
0.6594773647064107
0.7206972574046906
0.6792374864546823
0.8053599030032595
0.7548489739401952
0.7014099216475816
0.8015713374911702
0.7701139108937003
0.5916380342574494
0.7502973383691944
0.7227639295011925
0.661176049772343
0.7479249492397372
0.8372593627370668
0.6163859746724323
0.6972854377401903
0.7588796794285452
0.5959127145782722
0.6776396277118124
0.8017614735490038
0.7911295815770565
0.6801382990505127
0.6954380411589903
0.6823547194159424
0.7087503390522483
0.7132082431126244
0.7788228422539905
0.6472193016366348
0.6131275871368995
0.682008310993229
0.6886197012635612
0.7218008763980011
0.6730693056333747
0.6213817034921693
0.7591476173940158
0.716536537047649
0.7355403475177833
0.7203251864315555
0.6054861536878083
0.761837590495163
0.5976933592392465
0.6143532168438555
0.6972688806591295
0.6305515581832578
0.6832922609604407
0.7449020893987495
0.6928268820403407
0.7587846360650039
0.5946976073163476
0.6412918110331561
0.6613421101250317
0.64398772263845
0.6501345745410447
0.5778624302694565
0.6791489174015484
0.6949060055124134
0.7431153789732892
0.6845815939655071
0.7055499329430339
0.823022239308368
0.6197840934830021
0.6694986911316853
0.8242624837177349
0.6337922801471515
0.6701884115109139
0.7152248470605476
0.7128656199248894
0.5947176131072469
0.5192766769671473
0.6799016244143733
0.65992885692775
0.6061648307196709
0.7105751288657999
0.665882757739821
0.6953987496367936
0.652389735386472
0.49810434798273356
0.5986565997127608
0.7801798107200285
0.8429086852175116
0.6059973018390199
0.7648818256027088
0.6753435761699917
0.7516191053341741
0.6609051400071561
0.697274480366539
0.7398877330681766
0.7782745930867809
0.6616843228084586
0.7169555614004077
0.7111013639370676
0.6309247766225531
0.7606813196262274
0.5938873760922155
0.6632806498376644
0.6037806898470205
0.6943075252588508
0.7089236324534495
0.6302453958274195
0.6818013061558441
0.6735664979528727
0.7156118082537435
0.7201273379348022
0.6842968493918511
0.713026595157606
0.695260249462635
0.6596525759722662
0.7066607512541229
0.6957003044217194
0.6563735274304874
0.7345680554928743
0.7100828453821619
0.679320164763764
0.6490046449058117
0.5341577530579182
0.5596430085341816
0.715260656875752
0.6293526022289325
0.705859501514587
0.6603135923852416
0.756978003830084
0.6061135599965944
0.6945437658817442
0.6529161083055417
0.6372026292570507
0.7087141288017896
0.6780337730380465
0.6964363900278894
0.615532469232048
0.7235648535870207
0.7659408156144454
0.6388784661772613
0.7614325280981182
0.8972685911011086
0.717638468999437
0.6750502481921229
0.7164572027693962
0.7028072367300843
0.9040149667783991
0.6364753112643284
0.7038716384560885
0.6398815581203792
0.48740632033865194
0.7334777386161228
0.7443157592214344
0.6430088206915799
0.6562983875640341
0.7811211725516685
0.7117314013092308
0.734099978005951
0.5472169239894774
0.7030950550959082
0.7062810215892793
0.7805255406157927
