0.7993496975373001
0.7065152165577938
0.7198606730546944
0.7291070674273503
0.7699540663824803
0.7589755412937239
0.744662870136913
0.7956815438812184
0.7277759653836605
0.7649907015686107
0.6998942734063589
0.7033620426025706
0.7454641244890231
0.6795545739084968
0.7316236644727409
0.7400030435615825
0.6896631591252383
0.736143333293265
0.7266280716932811
0.7155718339594697
0.7024449826848104
0.7311007682792762
0.7086391791512757
0.7632184169225552
0.7102517265760624
0.7511688962295513
0.7460251806167546
0.7459259336312586
0.7374845675933153
0.7480586527355516
0.6912839081811946
0.7334154957267934
0.7147390779441208
0.7297446849857049
0.7116592260211467
0.7659640866384658
0.7476795300016441
0.7299252594389297
0.7050563485467032
0.6875970330642369
0.7652591086920205
0.7198525186501973
0.7128653617608971
0.6788019857459865
0.7661257329802474
0.7999451623406181
0.7368743586496976
0.6649721490819467
0.7675629387380781
0.7225807739139799
0.7285433770880151
0.6851094752444772
0.7572092180135375
0.7269854287849762
0.7180057693815932
0.7337301344855233
0.7225021402446021
0.6910454999083568
0.7530851722354122
0.729340761660086
0.6929804888395282
0.7683904180823993
0.7457908054781976
0.7365074931602168
0.7840349610697762
0.760370693814663
0.7347051326282513
0.6972043956655569
0.7316812412512803
0.7417552782068945
0.8460558066563727
0.7661765259208069
0.7678867564906159
0.7436946879901181
0.716523997571524
0.7489167972140878
0.7118735396635296
0.8118527283163876
0.7501892834957344
0.7061434060196873
0.7603133842387463
0.6759304150540436
0.7084411198854259
0.7183998893099173
0.7360390231975386
0.7179600836786411
0.7617292156678077
0.7743394541517302
0.7220876096431612
0.6916816013912888
0.7186101164813538
0.7474931423667338
0.6782461132044371
0.7162453383356105
0.7597910260502887
0.6845411256409671
0.7308860742163924
0.6753418584363485
0.7149923123317131
0.7318126344462712
0.763830886279758
0.7398688110685274
0.6680748281389539
0.6794546432867734
0.7468185692741105
0.7339328830069406
0.7664269932806805
0.7314388961049253
0.7163048376228616
0.7242290363382391
0.7011721902633763
0.7299449193654441
0.7452224628807825
0.718890445664004
0.6595523113571325
0.7226878599529318
0.6909649342898264
0.7025041143344091
0.7759582839900111
0.7436282584139086
0.6760927227424351
0.738477620518163
0.6735696592319916
0.7223834591173252
0.6909549592266283
0.6872953864915341
0.701307882513026
0.741870563634035
0.6697908990554002
0.7440887467253724
0.6953804914781303
0.7280389322994631
0.7503871191569818
0.6898294694924703
0.7115121597828282
0.7220861147283913
0.7767483364454384
0.7401739233291909
0.7238117873367298
0.7316362851265413
0.7374741658778725
0.7594625810540864
0.7707012213050389
0.7479530749579915
0.7141652774719012
0.7763269431019015
0.6974474027737525
0.718422090909002
0.7136853377592757
0.7234586602734745
0.7129784840936754
0.7169821523351697
0.7465574213208243
0.712993005290648
0.7545748794267916
0.737959231094381
0.7102816413240703
0.6905822011019986
0.7676797674156594
0.7509211460405066
0.7097561810714718
0.7181617175180102
0.7333866345022824
0.7007424812021471
0.6651656775756418
0.7111395872279235
0.7555007099499683
0.7378888086612493
0.6944753072610679
0.7168345633371203
0.7738272525331368
0.7070300167189221
0.7521633255705344
0.6927442583162436
0.6977873245872283
0.7379979880925557
0.7194664923792994
0.7045421620307164
0.7138428377472463
0.7039740406798768
0.6906327301219009
0.6784249957020207
0.7438972222943248
0.7106933853287808
0.711646824951321
0.7257336105579405
0.7232401572633642
0.7066251173771911
0.7139879587568038
0.733652969938231
0.6936127049722896
0.7925883012468662
0.7481453678776355
0.790597620763838
0.7137979945568862
0.767773387103508
0.7271222371675602
0.6972250888992452
0.7478977705867192
0.7822304818015356
0.6618339639381184
0.664683444567284
0.6967909888435776
0.7000230718164808
0.7057846940035547
0.7281350811779734
0.7253569851036852
0.7531359002306389
0.765015119081011
0.7165305823602389
0.7468005293086852
0.6842690125951785
0.7154180476824925
0.7649846910118387
0.7119812431071706
0.7403470927003947
0.7378648498208226
0.7118140983710824
0.7323605764304774
0.7058006439108876
0.7194220905342688
0.7284208548421711
0.7287202298039837
0.7107350732295225
0.7047381406099914
0.7236832836989748
0.7128387563852259
0.7244279197590267
0.6950714816952959
0.7218152713028683
0.7693248740662799
0.7038462863266346
0.7439922966826762
0.7126731565543047
0.726825652052962
0.7264843471138139
0.7560379238415006
0.7472336357020747
0.7192979152644463
0.7569623737941679
0.6878625157836936
0.7308922842100846
0.692785393963005
0.7221235875448883
0.7142032004701576
0.7293819316761375
0.6992395470277265
0.6928227056804245
0.7118891570461999
0.7696698274259063
0.7593483358686299
0.7278275477178617
0.7288630618866924
0.7370237764839768
0.7079069007031551
0.7280985046908462
0.7485118790783081
0.741057116580367
0.7667634443196567
0.6788692260986613
0.6905044224534307
0.718645192845636
0.7016877031484078
0.6937720885584282
0.7182866881196177
0.7537747841375118
0.7285375606141944
0.7448379202026172
0.7464001822443747
0.7231876396684151
0.6949275428395477
0.7269257752374872
0.7098757830562941
0.7049807718993756
0.7103451494956994
0.7202496245711297
0.720034179595023
0.7386542092033713
0.7080781982214384
0.7340591842832165
0.7199093968407243
0.7332463496920785
0.7211630444040418
0.7379104934846781
0.68503387241358
0.7801356702028883
0.7566837265436532
0.6920223958360437
0.7304788482236511
0.7363163926749619
0.7164090584642661
0.6988919574561799
0.7036461023417344
0.6718802343148848
0.7539680092502747
0.7387164536370272
0.7037949768393644
0.6781265049220994
0.734529413174875
0.7317178718177586
0.7392520934277506
0.728954821418115
0.7264512337394771
0.6814810501781089
0.7269693931898491
0.7266078949997958
0.7390248475905786
0.6783226851547975
0.7427281317073012
0.7482837145244186
0.7284763507996829
0.7309489570600858
0.6977167970000212
0.7284145564232763
0.7210623870072431
0.6927171104279033
0.7265426649656928
0.7254153781618404
0.6881322874107455
0.7625506619434479
0.6751648657053189
0.7247763131237914
0.7261601333617538
0.7641479973870796
0.7795541606314097
0.6673735360780251
0.723929311770017
0.6966315432856015
0.7462678959548267
0.7357149235877276
0.6854714406469127
0.7269048885953806
0.6938361670747208
0.7293268189550948
0.7296638189044212
0.6887998950096863
0.6709100275281202
0.7284658848352416
0.7536515425326171
0.7299695107567428
0.6893401810834793
0.7552326876737213
0.7361466028850104
0.76906626787859
0.7011902361296667
0.7627350281262458
0.7631529556815356
0.7294501874126454
0.687760760744213
0.7282625584798552
0.7269384050860692
0.7816336910431756
0.7216791736390318
0.7577080728369491
0.7436669713568465
0.6992860905754136
0.743927644891718
0.6610809241222224
0.7536296963835948
0.736490084986902
0.7180397472630828
0.7363750529840413
0.6655919528583149
0.7142238285660457
0.7460523780228514
0.7591682454012598
0.6850451081884671
0.7197175132014975
0.7182815999241198
0.7262255764116802
0.6981090431156178
0.7426601058879562
0.6976270116557746
0.6808038032850837
0.7328180569786608
0.7317906229058617
0.7281040646030298
0.7553934082654342
0.7290441850719253
0.6890672328814063
0.7671454314365458
0.69668099693214
0.717128491951532
0.7923057591413338
0.7508340811363338
0.7190788702554026
0.7383519162484616
0.710919636178234
0.6768418550494438
0.7215579652068854
0.7063319456338096
0.7429878646138632
0.7619267256800641
0.6917688555304385
0.7038978654723118
0.7528828324943837
0.723691874835981
0.7191983964583852
0.6996509061801802
0.7648059543068405
0.7547981417465891
0.7555314003037765
0.7657140320038487
0.7324659163826779
0.6993983036414814
0.7648827534322938
0.7355183751151849
0.7170673244303873
0.7250922171761434
0.7284901099265279
0.7337017684467048
0.7276540372266252
0.7239692793052919
0.695280180740062
0.7105217948219134
0.7577787553244849
0.7249942272395836
0.7299911413864462
0.7221828636635995
0.7396858567235034
0.7390412586161949
0.7365569782015642
0.7511976686531459
0.7016866066152428
0.7716871228225308
0.753838577626335
0.7268295775568158
0.7021739019278935
0.7323554448213397
0.726400026068098
0.706770596469836
0.6932594424229798
0.7153383294493292
0.7604025488920065
0.7243712391884368
0.7364510976254841
0.7399199470688375
0.7399280516021066
0.7483742855936129
0.7410773113463687
0.7232776246787633
0.6858306658706317
0.688455746830638
0.6778256551833083
0.7438280460380403
0.7656765902777158
0.7051236422816064
0.7406636003750341
0.7766612445371482
0.6865002797630129
0.7128549066619834
0.7117520374307336
0.7196698331709743
0.7274490180659535
0.7139112515286543
0.7176460918648394
0.7152208970708539
0.744788009655982
0.7564442724070621
0.7292527927518359
0.7149247403772799
0.735568724934806
0.707210795307275
0.6892401795025702
0.7395481847389187
0.6737437536393279
0.7380931749621122
0.7604962653001764
0.7622844422216254
0.7086431357932554
0.7070591543714796
0.6953703359574748
0.7498967894585862
0.7257342603298491
0.728712039136698
0.768294256592111
0.695617501581234
0.6528094526559045
0.7771120419242951
0.7190478182121322
0.7112706960668082
0.6995535663008076
0.7180161328571968
0.7026479193945958
0.7075450695378261
0.7898010589246852
0.7483510547068772
0.7059070460636094
0.7496051852259322
0.7201297672876811
0.737906019939066
0.6956429206485777
0.7410330402145667
0.7035011773938151
0.719820406467441
0.7609618126555947
0.6587407995907737
0.7715276044685558
0.7156021141426367
0.6442935716407499
0.6879057695236804
0.7044530417553518
0.7098371980319095
0.7468882178702251
0.7751066255778244
0.7404333776150868
0.6886450752341785
0.7198023978594787
0.7457876328954471
0.6836027767012903
0.7406959584527102
0.7261180196640602
0.7132752064512403
0.7080030070816379
0.6957128265332139
0.7465081093961898
0.7186302002588472
0.7643721564128622
0.7150715413420751
0.7102977003243103
0.7020141609953712
0.7448525597067712
0.7306318256727831
0.7448861096069619
0.763504096183421
0.6832505155793441
0.7291584006496244
0.7524022153550294
0.6882659322621526
0.7466238954382193
0.7338515824798052
0.7659332418336585
0.699002956636016
0.7549229127817582
0.7209699900710027
0.6955149050179475
0.7362370997879062
0.753889602162169
0.7176095345751343
0.6875371554231844
0.7541286917170663
0.6936903295293073
0.7346717754366404
0.7891561070843413
0.7536328040762079
0.7692649536047445
0.7804744402678582
0.7010520361351466
0.7195685013140086
0.7116895757027188
0.7661733267986657
0.737220647943285
0.7160255630955434
0.7371242730626654
0.7108992819703492
0.7556650972120533
0.7106799687208744
0.6706425808400786
0.7212133416873249
0.7150882393794524
0.7190674372280054
0.6549056224381676
0.6994973335382046
0.719327143365689
0.6925423762890904
0.7112907265791331
0.7173561693393187
0.7545302984531759
0.7245570138266026
0.7348510425728849
0.7706010553949992
0.7247492801124021
0.6900681116451587
0.7537874244151923
0.7465790487312526
0.7196500929071329
0.7309811293547801
0.7290459160642166
0.7116402056427115
0.6868493746639807
0.7871704679566176
0.688098621031017
0.7232546511216044
0.7002473624501503
0.7020830382675609
0.7413529103138409
0.7508126520150382
0.7267778402975689
0.7248405530458082
0.7179449591260455
0.6977742550080759
0.7104996322923327
0.7426374393869103
0.7139410249817509
0.725529163125876
0.7382751471123684
0.7282568880891843
0.7233699499093238
0.750458070422658
0.7173213839507859
0.7141837849145971
0.7691761506883704
0.7605747185734113
0.7364311914382367
0.7665599693227418
0.7135288864938316
0.7041632539463891
0.8045339432804486
0.7116931946211605
0.7408916807222974
0.7520795569515972
0.7491681123192869
0.7357370345515116
0.7036288096505798
0.7021789182972181
0.7602071631543887
0.7117886033387276
0.7089580450260448
0.7180549854781852
0.7351392250844544
0.7176296124118634
0.7824331952267225
0.7469042667709891
0.7592480879797725
0.7072197064786807
0.7266598695504357
0.793919912472062
0.7317203624612387
0.7770458772239245
0.7257984443391834
0.724660253254213
0.7352484060525416
0.6781292967484028
0.6669330084041979
0.7449060213940724
0.7460564293049844
0.7683010033246148
0.7275281544670199
0.7000491935567752
0.7400494967669038
0.7284489286442697
0.7136731287627273
0.7240917954010059
0.6811872569972506
0.7106665949398303
0.71307664078744
0.7395898119469533
0.7306049886664702
0.6966661840612319
0.7478002998767381
0.7137239870698586
0.727419116575895
0.7609667953658755
0.7273978927474826
0.7521281991028302
0.7552021543227121
0.7132520396572821
0.7999411793013312
0.7823005865734144
0.7244476404989457
0.6748142249826498
0.7222468219365208
0.7119392548716905
0.6868507404875757
0.7486030747883933
0.7028171274233824
0.7368105625886838
0.7448842881674578
0.6556133024777899
0.6983079271833637
0.7054965227002185
0.7451824533007002
0.7112199187664326
0.7576268683000873
0.7565949024005563
0.7796202917326704
0.7866813200225454
0.7249967440489788
0.7150877853109877
0.7495438178535756
0.7288272052453103
0.6992007119632128
0.72657627043886
0.7403474219948196
0.7187792798157792
0.7405230674553402
0.7061857231547584
0.7544897034651651
0.722328322176823
0.7103487466385492
0.7340898886060058
0.7142678200130884
0.7451136953061194
0.715145829492708
0.6988090496862177
0.7187526160550535
0.7185771110398355
0.7596712427202155
0.700890402179204
0.7232528793339084
0.6767368381031778
0.6860694288023103
0.7669146075128727
0.6979481871194995
0.7694644011904156
0.6954428700647355
0.7280868160441698
0.7606758632335444
0.7602290245977533
0.7500512141590605
0.7253395052351613
0.7239062007880293
0.7222391206274755
0.7484297790987227
0.7106129889851647
0.7863907530983303
0.7722317653537478
0.7195421597569205
0.7230832578131164
0.7451206573524105
0.7215023619024521
0.7570773754667763
0.7104005993004376
0.7084891685258021
0.7748044967211075
0.7911080676650672
0.6940382150981077
0.7026907525466772
0.7590877561779799
0.7696770731099848
0.7586477341864654
0.7393929624922496
0.7070419535892742
0.7621067931970695
0.7290733093947782
0.6913264753707645
0.7184255204641946
0.7680100995249294
0.684305410052493
0.7153385214486793
0.7713951397756231
0.7460854571434932
0.6946034743204584
0.708042308439345
0.6969501293142532
0.7272697564783156
0.7150464328534357
0.7306980116890627
0.7414145546258916
0.6937706080682776
0.730399648561724
0.696257244703116
0.6810259939430823
0.7121791141659876
0.7448973696779136
0.7301233779755232
0.7307356771246671
0.7361565827889215
0.7185247273717978
0.7237564265206247
0.7171217774356924
0.7728444844981794
0.6837143835419838
0.7199591008841809
0.7154207713991766
0.7381982733696405
0.7027451727752841
0.7478309988500449
0.6992162037717488
0.7354533755492141
0.7245025953307418
0.7278369669092143
0.7585271693648208
0.7250850490087833
0.6913859574005924
0.7484555455950794
0.7186992612903689
0.7234964886197411
0.7331489513004799
0.7853950666701768
0.7008346559908493
0.7147386251850207
0.6923092263949238
0.7402073960654436
0.686081989223558
0.7675673346120688
0.6833293358553015
0.7393710839762685
0.7406264940640036
0.7281564254512334
0.7605689073945818
0.7442630526831788
0.7495798137473255
0.745958419277357
0.6996918289616879
0.7534592384651435
0.755744930974922
0.7162133549959353
0.7033859156845081
0.7232156276142846
0.7390488278716729
0.6857233774829363
0.7479042021913326
0.6644735832323682
0.684757672138209
0.7052880240763993
0.7496335904122401
0.711437689191465
0.7451529466605371
0.7188126843921137
0.6882266626997846
0.7459161203174782
0.7608661600654475
0.7935105263116639
0.7487233234661089
0.7157987254234984
0.6750854924747549
0.7746089377820037
0.7245808034090937
0.7140509711468966
0.7128759010748645
0.6643571579255153
0.7142669438345541
0.7595864437216854
0.7577105226927807
0.7689319958413064
0.7437755817347373
0.7815087605412736
0.7357260423216612
0.7464105802563868
0.7195485033984252
0.6756559468387353
0.6675292023237893
0.7169606031368453
0.7272234983211301
0.7414830565876909
0.7474771914447598
0.7674529396431529
0.7622872953321554
0.7373891922014885
0.6900228517266626
0.7414654537912626
0.7122750010983381
0.7662796404501626
0.7113355111721271
0.7235935168309853
0.6919788293705619
0.7860468188887052
0.7682207609066529
0.7504924332082461
0.7200544098372705
0.7470237617066781
0.7289948823411908
0.7497234567836509
0.7597719826271041
0.7446546565802741
0.6928430683388207
0.7514066325043519
0.7158830517546731
0.7080653724931668
0.7064160317109669
0.7823669182127638
0.7041732402213762
0.6916159118552152
0.7580289689627546
0.7267325163946587
0.7183517075649664
0.7771031076760021
0.7467300333251613
0.7288589073218253
0.7482928054443577
0.705987104577234
0.7218340282362046
0.7598636858377346
0.6787277407588118
0.7275441094743152
0.7155715876515429
0.7508622125002524
0.7344912773873753
0.6999509222773178
0.687567447233034
0.7202115184786011
0.7278575124398566
0.7362282721598861
0.7021302606956927
0.7573563456147516
0.7263176810053092
0.7392865635394277
0.6952392390574366
0.7307204312382611
0.7339610723252523
0.690208962316689
0.7265115378828464
0.7473018424302038
0.6795929017315637
0.7007847355930765
0.6804053308147938
0.7759493862551462
0.7088397443442246
0.718270572626756
0.708383469719707
0.7198959048296139
0.7064059626077134
0.749021368156814
0.7734198281863
0.743160148124336
0.7380975621978353
0.7044603758576706
0.7392005557975716
0.6570410639286517
0.7141429688895641
0.7332435272712317
0.7140528842599372
0.7495840555421175
0.7105484274424876
0.7554183804899391
0.7437559456979905
0.6808070060392345
0.7591817498976146
0.7003404774931951
0.7148526187152572
0.7279215177031393
0.6842221136827336
0.7034117847083386
0.7181187882589132
0.7439294642191774
0.753945519612088
0.7599975367247939
0.7177410715118527
0.763405810992101
0.7221910999355754
0.7029140295419246
0.7482244617558609
0.7604972812636808
0.7062778146848705
0.7289580089263855
0.7224309848876995
0.733708957311312
0.7048981744401888
0.7297110868790211
0.7456525948769219
0.7681066590547089
0.7163759478353935
0.7838275618106304
0.7070982031989723
0.7720280496984699
0.7506322309566688
0.7237571943081829
0.7700310106906175
0.7358501939955638
0.7172570233406487
0.7331740826882235
0.7165815730797892
0.6778283037496031
0.7588880082324088
0.7557442460487225
0.7140282802543994
0.706575401493228
0.7155074702256307
0.6597346873677502
0.7139141045657542
0.7336901756654448
0.7038874635540888
0.7096703345065858
0.7261011719716198
0.7339153678185139
0.7277903289257558
0.7687411125495448
0.7562583104296268
0.710543285654313
0.7328134166327758
0.7734343735776796
0.7332664708866427
0.7248840846136023
0.705324368753915
0.707518493121138
0.7391761088462041
0.7436248347720362
0.7330731635465635
0.6825895893903361
0.7053810252258832
0.7509871069788883
0.7175426158709226
0.722511705337216
0.7429003856654063
0.7498015044646714
0.7381455381910131
0.7383604794079295
0.7974615504447922
0.6813728869705148
0.7307509381984323
0.7137403834721845
0.7236211473750281
0.7021315849363547
0.7493785852141096
0.711182463938091
0.776000436911357
0.7200574071000574
0.7096266941954508
0.714894473595695
0.7231903159278026
0.6937694474031205
0.7353273099558751
0.7009201889854404
0.7431362228120912
0.6875137911079208
0.7051787535484764
0.7175700428539349
0.7452969442660735
0.760330250875027
0.719288518431011
0.735106015778017
0.7071761414423874
0.7341996243128673
0.7533226265672167
0.7432149457533119
0.7380524198965335
0.7583441366068516
0.7366459583005834
0.7352022609730224
0.7140680362792432
0.6881744437894095
0.7154281934345474
0.7038658559537976
0.7480932564684702
0.7382588445725483
0.7569296222743854
0.7096273087723798
0.7430097784107211
0.7380448629901389
0.7545197915824713
0.7141591101238783
0.7198103082032795
0.7586312200462414
0.7051971027480974
0.6965720440768352
0.7228853542232441
0.7178396408928643
0.7592231069909686
0.6987655399352728
0.7185589099439151
0.7020163076252373
0.6667303308549586
0.7613862519042566
0.6739502864579927
0.7614858494765578
0.7124020690977476
0.734724552033799
0.7200968371751312
0.7204023069528358
0.7508596754421825
0.7255791031569679
0.7302837430989394
0.6831383356526931
0.7630707436516782
0.725085011951569
0.7258318036340843
0.7670608416865492
0.6682601680542917
0.7444385464534092
0.7453623440732848
0.7419281328525081
0.7445501758234032
0.7646380954724014
0.6955771599594157
0.7391136022551823
0.6960472736996685
0.7029388031913669
0.704689890727904
0.7687118161381621
0.7492124972641186
0.717634765609894
0.7099926548861901
0.7340727262684962
0.6868442902875699
0.7691810230745155
0.7065661543258445
0.747330278729765
0.6974411480428858
0.742831075342626
0.7405735511589412
0.7122765198798517
0.7160404348784764
0.7390502286548624
0.6790501474484061
0.7832904362952876
0.7243789068614478
0.742492748711468
0.7401755730772523
0.7456605044020489
0.732707054203467
0.7501289547320869
0.7374318725235007
0.7517403057593159
0.7526191226086144
0.7387070111016047
0.6910567618655792
0.7021711264816791
0.7038931592833676
0.7197863715233589
0.7511202671543135
0.7332573603965546
0.7292458641872434
0.7481546663240085
0.7243415663969399
0.745309473415565
0.6957862665277833
0.731241362665738
0.735288925582976
0.7500515246961923
0.7520564934508275
0.7088738875118357
0.7496006569239775
0.7522839236122077
0.7092338597679984
0.7157568424339708
0.7098745722092189
0.7197602108851688
0.7162511492993037
0.7433237932625841
0.7400771965777386
0.726269089001914
0.7422090015207755
0.7173098385682533
0.7086934163068521
0.7279146225354182
0.7381090993304795
0.7613182587356992
0.7081219843081795
0.6284289479295052
0.7375481941944076
0.7586103754278543
0.7481219843093351
0.7079530781318365
0.7425817497716156
0.7749298459085101
0.7183379114043722
0.7103649143391434
0.7414920426006275
0.686245824125074
0.7064799522622216
0.6715315098047678
0.7239915220134512
0.7098821992157547
0.7222357604730855
0.7355935168608525
0.7021882854555263
0.777049673599272
0.7498322000943047
0.7179443813499347
0.6834266784136146
0.7068051230247707
0.7472703284197322
0.7657343249772811
0.7258275234302706
0.7981202311847962
0.7371715911976652
0.7178148975133308
0.7695270326940848
0.7744578316941928
0.7277809833703324
0.7530372650827223
0.7232136303659414
0.7249290375338594
0.7477229323148119
0.7310122090673496
0.7216708817587177
0.7364037595272777
0.7388492716983436
0.7080407180050642
0.7203650777805899
0.712881836167757
0.7202552553594882
0.7121220060016147
0.6969404006832345
0.7992444586516615
0.7136548623150254
0.713834408122244
0.7006284596009955
0.7446557304073829
0.7287799384020476
0.7079602512712649
0.7394912982169822
0.6901869053468694
0.6944191776862828
0.7316727705283023
0.763453966321497
0.6664050080201008
0.7738912947539979
0.7514054209431839
0.7605381319512322
0.7198279464360827
0.7302348366474007
0.7249576567302876
0.7445361572526801
0.7026688281003134
0.7218099652097392
0.7042941583949958
0.7255048953652573
0.7874421442503987
0.7264012029668446
0.746436328663394
0.7488014343752741
0.7144559438948325
0.7232864527459314
0.7055206564628519
0.7037115483273607
0.7347129122129126
0.7716319621707871
0.7115575208493274
0.7308246138158991
0.6803722657252488
0.7620791124728401
0.7046353922744645
0.7733457907644713
0.7354473097199165
0.7352524305301212
0.7663389602282166
0.7156599463006518
0.6594873366877098
0.7385862512031467
0.7570509111834999
0.7936216502930138
0.7309133056311741
0.716291654492
0.7268552049663022
0.7259850407315405
0.7286116851038624
0.6719909243382174
0.7854254316192522
0.7597180172174933
0.794548522167462
0.7128693453813997
0.6434797294226332
0.7700452976116935
0.7375297924708205
0.765929475391382
0.747840153200666
0.7554674086639077
0.7750882897703959
0.7282593838884719
0.7520845267610481
0.7040302468095748
0.7139970938474194
0.7704348013803741
0.7480978361468492
0.7512898144136783
0.7513910155160741
0.7847132709528084
0.7810885911564673
0.7027126706151577
0.7273918449787561
0.7342951629465779
0.8036016309828875
0.7204737151175918
0.6778344504079997
0.7253836566588654
0.755125492371019
0.714049300134053
0.7006037746719714
0.780522560587706
0.7279172508167011
0.7262233366414228
0.703293413472681
0.738013790585134
0.73946726044934
0.7577319752982633
0.7148989576387688
0.6707860119062143
0.6997637734491314
0.7023050828393276
0.7931769881171347
0.7364471082254123
0.7461113314608753
0.6502070256106238
0.6831215943568459
0.6620968634309002
0.664938320216619
0.7186897791610333
0.7566114365191371
0.7093653980462947
0.7633210526179824
0.6807898101741362
0.7256640489205103
0.7228460455191806
0.7338037200809767
0.6691843624584359
0.6769966172958685
0.7566388907042463
0.7490037945079527
0.6709251963396684
0.7110051375948527
0.7302016058664906
0.6806598978579601
0.7918280683840575
0.7409251559815062
0.7178272783850724
0.7163841761950939
0.778021137011194
0.7562873740704005
0.8173102775599651
0.74891436861319
0.7537564016108337
0.708912867703021
0.7111011157569184
0.7287972318090664
0.7753455418309114
0.7216160101344687
0.6859475648871575
0.7376427334192561
0.7416804415839905
0.6926456044399493
0.728609025830449
0.7398174680795486
0.7276272586410186
0.7552952587123043
0.7365462714282818
0.721490157948895
0.680098689365369
0.7281120241509048
0.7702507930818082
0.7165904943914119
0.7121241999967501
0.6666163455142072
0.744967555304936
0.7647679876661913
0.7072611217048682
0.757256437209072
0.7525403035624944
0.7659554675584989
0.6852002696642947
0.7422392256121825
0.7504525735377487
0.7437670967741659
0.708025657093342
0.7450144453823301
0.7300585258236048
0.7215803524767959
0.6824325738938823
0.69960025586106
0.6441523315549018
0.7122617368111547
0.7040815722776793
0.7600605482453774
0.7379303637456169
0.7287679612895372
0.6781845663961549
0.7760813162237254
0.7432243583859719
0.74450324398756
0.741517214020299
0.7148392183861069
0.7390749011402115
0.7024492091454083
0.7152267000709108
0.6812352565410343
0.7697438800553096
0.6991981758827925
0.750009070671366
0.7710705722106709
0.692416533238299
0.7662765103113134
0.742235084990334
0.7126716323878578
0.7085483478491209
0.7260283636522423
0.702537852153525
0.7953444235686543
0.6943015725656658
0.7117907902178807
0.6596661523577175
0.767796763719324
0.736345962603607
0.7217421030158487
0.7360740536281345
0.726431817733523
0.7340722993626541
0.6990682209105697
0.7253648828308118
0.6807201988406743
0.7984260089854802
0.7529141957377423
0.7695062042834894
0.7324275078746667
0.6816435888593583
0.7745199345581937
0.6970733418078634
0.7057251400116235
0.6948911572984616
0.6609286757018926
0.7207611950409957
0.7332162514108285
0.7165687775306842
0.7083978103845879
0.6768692287910939
0.7376383740358808
0.7323513397211757
0.7258155879832147
0.7493447975020017
0.7190909237501493
0.7155846726465466
0.7399198951020822
0.6721984039113071
0.7548279304328291
0.8128438349646689
0.7216377273972739
0.7343878856284911
0.7502595735991082
0.7022657575824592
0.7317451203474923
0.7112397983071853
0.7176001319749629
0.7518382882582342
0.6655341996371503
0.7055758790359344
0.6920188935254551
0.7613107480428378
0.6835137133003025
0.7007796561878922
0.7030053324019226
0.7253845283306034
0.6695852866233261
0.7537122463489238
0.6956665966642465
0.7319938323289821
0.74395061065113
0.7417399561836637
0.7058609069071361
0.7455575406237318
0.7447023057760147
0.7712866381520082
0.6731749125912426
0.7554453602689822
0.6910529707058192
0.7259009923538484
0.7122193124722391
0.6847473329058857
0.7383801830792879
0.6706721607067243
0.7498988121698847
0.6746441148923394
0.7374264408134457
0.7401225259398381
0.7218454994461544
0.741819175050053
0.7016258979661981
0.7022056059043569
0.7131868729918384
0.7806540311537093
0.7089070465068781
0.7309255336656737
0.7370209973862982
0.708153852107769
0.705955270765802
0.6833861902587633
0.7108430123124532
0.6884168377841944
0.7392326913976505
0.7490249172022142
0.7211235310400697
0.6971229462854617
0.6998376714859593
0.6793929665800317
0.7483925651105052
0.6778127704226715
0.7219283238332977
0.7670356863419397
0.7336724325113573
0.7601236913382987
0.7489170111251487
0.7022582713281204
0.7243144568355284
0.7694092775051564
0.7294254538879903
0.7528557149138413
0.7111785087621081
0.7493375878556163
0.7998018597131404
0.7480044245067443
0.751140146489233
0.7667995195906072
0.7216714532103882
0.7402590431793169
0.7575958070864278
0.7770356884782159
0.7122778699800774
0.7258976716800425
0.741809103375424
0.7501980060011955
0.7307444051246378
0.7214483610111069
0.730700811049638
0.7523634104852317
0.712956629513213
0.749762418723095
0.6934259267380215
0.7299979404042157
0.7104596649029847
0.7254724254567904
0.7239223550122069
0.6944455704512814
0.7015727364176246
0.8209327844121801
0.6858982632162
0.7275680425269769
0.731682530465068
0.7485370130318291
0.7328667873826225
0.7126399942978959
0.7238662521498127
0.7462158569282703
0.7444610262973186
0.6984182509009416
0.736199055157655
0.7038742479571339
0.7317692733719208
0.7609943316986861
0.7122610755789958
0.6980720118657509
0.7263949974181553
0.6874779137195075
0.7017107610043082
0.7342972864031851
0.7300444700528956
0.7311673492633566
0.6979577040910858
0.7561514362286643
0.7099652646741687
0.7013062228532657
0.7690516785464845
0.7658181057839821
0.6812268883447868
0.7202148068438031
0.7007517758274251
0.6747714191736246
0.7381752837545016
0.7449424362395207
0.7245755957887822
0.6979232633448395
0.7122338220490676
0.7279836978144926
0.6900378624455411
0.7180275292738545
0.7829977347236287
0.7106017364031643
0.7064881437251681
0.6937903115590786
0.7373945378694632
0.7135133786739616
0.7469817321231127
0.7905967941058059
0.6983737008671608
0.7958485219110942
0.7438841210091139
0.7007805607647707
0.7727615407890683
0.7267738731289971
0.7057693521983144
0.739008060186054
0.7406746231085759
0.709533681583434
0.6936846625316497
0.724329308930198
0.7487787744902896
0.7655219835875494
0.7020131642662575
0.7142931980957085
0.7102626895077124
0.7406961892620934
0.7006135623522095
0.6980025545863249
0.7176822247026089
0.6994064160781551
0.7502127220523608
0.7515850594508111
0.7272959554353536
0.7028628459372337
0.7737581820090897
0.7348563452291852
0.7366540683522268
0.6334266057391624
0.7011273473678112
0.7156638342492424
0.7113682531422155
0.7640626168233672
0.7444937605269213
0.6844662173204701
0.726146484883669
0.7066199670680164
0.7366847099357298
0.7478051946353503
0.7250625575709593
0.732181357166994
0.6880023063436957
0.7449021084748282
0.7587880504943427
0.6983659556993497
0.6781270376938353
0.7130414325806845
0.7671013798310966
0.6992460794246426
0.696212418219607
0.6519991238789287
0.6541072228186426
0.7483140758893025
0.7662060297744908
0.7571634036459182
0.7344868893021683
0.7262498469154791
0.7084803888234621
0.7042279601237091
0.7191344899665298
0.7273699499114441
0.7008844129749778
0.6946360510573574
0.6937801204659548
0.7002843709271444
0.7235156723946724
0.7036428482224819
0.7230814953229263
0.7082331591965139
0.724412730281775
0.753554561880563
0.6859996896157572
0.7624234423601063
0.6836234730358077
0.7334147296654209
0.7386741366022207
0.7316822640638544
0.7093905060484703
0.7504155130279947
0.7160410768571691
0.7940808961032083
0.7474037335480349
0.699589672598494
0.7301022658024456
0.7479587545422985
0.7310388514306632
0.7439453290369676
0.6803157553804589
0.7923112192721385
0.7294948285765748
0.7695119940194605
0.70761077669747
0.678443651565803
0.7470841745079809
0.6908737168739966
0.7503747571209445
0.7363390452013138
0.7068310071481668
0.7119814011898751
0.7770416768531755
0.7350927779058459
0.7406145396775604
0.740201088506179
0.7098035481816196
0.7266226729883386
0.727380062669108
0.7243716699242828
0.7164978856664885
0.763766347608304
0.7248111821617574
0.7136739683931829
0.7308223658967128
0.7326822241498696
0.7017284401546887
0.7294548000302078
0.7489665701128007
0.6897601711751423
0.7383132051369771
0.7375739932052305
0.7592960605593196
0.7164092023107848
0.7345997752420622
0.7400549838207665
0.7124477609902036
0.7170837789150015
0.7411588324763809
0.7052065676802068
0.7561053364207997
0.6817663243893779
0.6657061399755703
0.7742047229166054
0.7557451834620391
0.7110078966361142
0.709595118180197
0.7305569272305159
0.717237835764262
0.7651980554539058
0.7359961121784229
0.7169603833831735
0.7192597806461247
0.6693872913218846
0.6774428601170861
0.7353673002178146
0.7189691152414684
0.7402571722775236
0.714930764131642
0.7348050992801892
0.7297241359425547
0.7498695149405812
0.7221575804162245
0.7060250229197975
0.7477549517452541
0.7369145518670118
0.7839701695222241
0.6763280152569402
0.7788082616395803
0.7001059620811094
0.6994004535555906
0.7888248447822204
0.7608278600229008
0.7337729787908858
0.775793052610627
0.7293203655475204
0.7431887372060819
0.7195344674603021
0.752534210707771
0.7329844303870218
0.7153967478370769
0.7308300751697577
0.7372537002190039
0.7449237836232964
0.7046368405290372
0.7465013986357982
0.690639735941786
0.6899086719107291
0.7353634853608686
0.6986353991444031
0.6953055664793082
0.7165694957434092
0.7117959019995411
0.7020319036022405
0.6851770373026843
0.7315464327726072
0.7626574250146888
0.7556508914570423
0.7389758039816743
0.7914161027698199
0.7297448238727489
0.7123839509928784
0.720948697091085
0.7849001279930894
0.7383216823572919
0.7351303720142803
0.7724234180678173
0.7182116550817841
0.7074239630244596
0.7517862487969803
0.7256013838251845
0.7459916834940998
0.7107673952734811
0.7449768874019037
0.74157533440067
0.707019844104103
0.7491275013765663
0.7437505730331844
0.6857540686855379
0.7462877705643427
0.7535309565862893
0.7124018536749309
0.7242618204397325
0.7149345652690939
0.763601690629587
0.7737079084132781
0.7284444087521627
0.7373551477364582
0.781293039136383
0.7509279789760681
0.7195107197209525
0.7076298768436649
0.734833579375078
0.6986789158288489
0.7665296407143136
0.7237964558165654
0.6779769871347139
0.7070178495886665
0.7079031663342185
0.7628327473822414
0.7817555093002685
0.7218201043557738
0.6932721987322129
0.7244134781640452
0.7217043279317351
0.7509878096338399
0.7395575203134105
0.782880189430523
0.741983021257438
0.6928440134126441
0.7294261796624729
0.6725075794775538
0.7018032381526986
0.7382696730761502
0.7304400648980213
0.7057959227887467
0.7497924478517569
0.6614774098022911
0.6979887201271388
0.7053698823491157
0.7165837301219177
0.7307102633114276
0.7242780884242002
0.6855835812109593
0.7067437211866959
0.7380700888205393
0.770059294394553
0.7261240237026851
0.7126958547010641
0.7884631123832523
0.7391286718456459
0.723217228883826
0.7272401957448744
0.6866430828484889
0.7479045350868807
0.7656646807804545
0.705813088923148
0.7269901574265749
0.6953025666447498
0.6802443523630934
0.7421269245218498
0.7125284938773899
0.7321326402620797
0.7315328392874242
0.7411458901665404
0.7214799296122293
0.7053017834880686
0.7012776577675573
0.7308053092269722
0.7305636201907932
0.792717756668005
0.6932030509355532
0.7265494010493059
0.6816781958594774
0.684666932948389
0.7433970149060252
0.7019669143529295
0.7609506315293545
0.7075690675623538
0.7181976171859413
0.6947880478668957
0.7141222804334818
0.7029008983070737
0.6609179439434898
0.7268739072551633
0.6982337409469185
0.673389972101513
0.7395059808572313
0.7806833845358028
0.7332845818950396
0.7029100347419068
0.7566314303707848
0.7261888345229519
0.7224977895076738
0.7178980830075268
0.7385892503918409
0.787592365284308
0.7274389023036911
0.7033358836078193
0.746400697392855
0.7056087035638772
0.6481730682576649
0.7183283594381168
0.7446047954534653
0.6864104084343592
0.6836622359184875
0.7669830158635151
0.7280661660068783
0.7476578991644381
0.7210706402416155
0.7102691166389494
0.6924123922283869
0.7310063426194733
0.726717512079331
0.7254202154275681
0.7019323116818394
0.7264361970393255
0.753278770433522
0.7212495008331119
0.7470884948533791
0.709872320682189
0.7470704639473386
0.7147198410599364
0.700225193737159
0.752830097501711
0.7290909723350862
0.6769634015731909
0.6987500489495926
0.6941397185752167
0.7897175256834928
0.7630279185205204
0.69638823423072
0.7008670818242348
0.7073091183885665
0.7298785045405101
0.7349903519739078
0.740066481661904
0.6881161246461072
0.7170432356910912
0.720611269063254
0.7289287008389496
0.7318307208616378
0.7493781277076067
0.7405355751828607
0.7752879364635883
0.7017569062838135
0.7170718570763219
0.8018988736378838
0.7093847672099796
0.7274155585537011
0.7323612967151361
0.7093848040853379
0.7312344480251003
0.7392293819772019
0.7397237723726073
0.7081064496759468
0.7466630382123757
0.7380727450923692
0.7402332493998816
0.7442356291599159
0.6978575577178149
0.6995199239877565
0.7186231605297214
0.7114056342135808
0.7459734267746064
0.7179295212665412
0.7174499513094482
0.728833761556996
0.7204254716938674
0.7346707327369475
0.6889534049992685
0.7482382941660732
0.7260696278262527
0.7676795712909771
0.7712801614620759
0.7050439503450493
0.7384608410956482
0.7140776365312871
0.7418276559634053
0.7065913881954478
0.7340334762976712
0.7834992463919906
0.724414928548174
0.7143457193567256
0.7656046277395292
0.6983798472699639
0.6782672175995633
0.7266529357827062
0.7243033994988625
0.7309859447255334
0.740839573919307
0.7578467499192642
0.7455270749984053
0.7652784301673496
0.7316420968893254
0.6792477034302148
0.7769636160386698
0.6923948380503152
0.7308007705153066
0.6608317164957531
0.7396770045374178
0.7302308131917342
0.7227177837717766
0.7581237015280937
0.7202317414159394
0.7595728898992068
0.7231028045303219
0.6961451134802114
0.763472524757988
0.7179867550891024
0.7504647835754167
0.7467570375439315
0.6895052085752613
0.7082833818489448
0.7162377536684039
0.7130257232696987
0.7387229855097145
0.6846448893090789
0.7331893542308955
0.7368660596737068
0.7140934675530235
0.7268277265539217
0.7422748173394854
0.7276602120775576
0.7505672840766903
0.7394727731151515
0.7172398005512658
0.7425435891187238
0.7620243474839026
0.7137047543243246
0.7212961843288288
0.743888211065805
0.6908569686497628
0.6973789784626561
0.7263990160312735
0.7318232917154791
0.7252998439872013
0.7003226441338283
0.7043379683435663
0.7401328595505942
0.7365538797567559
0.7186295060950857
0.7447080994865414
0.7506456117113441
0.7479124619629646
0.7453518256912663
0.7306114079125383
0.6777261947834804
0.7583947328563707
0.7293487413296764
0.7302298335139026
0.7389445275222949
0.7386598500540664
0.7461475531196806
0.7229328030229816
0.7332262605408914
0.7041197521401025
0.7591071852548089
0.7081030513509547
0.7584895686839872
0.6969651261616794
0.6792904115277046
0.7034218912019771
0.6572885582317416
0.7817225296180031
0.7446478107526358
0.6968754160594898
0.7312043418087751
0.6889468603891165
0.7237031562251348
0.7609578820479548
0.7606580702333146
0.7502720343763921
0.7716770953501361
0.7670675238192651
0.675402997206398
0.7412694199623135
0.7632431752099047
0.7466231038575525
0.7470020379660633
0.7292583822461354
0.6709539893543561
0.7348262111118448
0.8007324675729709
0.7064255110304405
0.7180638662036083
0.7527626907994321
0.6996100992497215
0.7358957960929405
0.7262154945686315
0.7641500837003872
0.6749912787465281
0.7098192292405202
0.7191047618506512
0.7114271834435626
0.6684051384302139
0.7353275036604113
0.7370191623242754
0.7427426899918933
0.7710585247616281
0.7452475350063752
0.7120052048114962
0.7245467447230424
0.7864003458292205
0.7563399925433366
0.7033179306341154
0.7541103623549412
0.7024384162724158
0.7042000431476938
0.753173187588199
0.7232743400227856
0.7831404419327708
0.7397376815916751
0.7369987577628812
0.6979817201594954
0.7334893385969334
0.7788865059854742
0.7013903361819076
0.7402817536691326
0.7326617015172265
0.7191025659836522
0.7448384505789774
0.663977686271011
0.7584523974383687
0.7433261112490605
0.7493642296551093
0.7491847953737999
0.7647258739346462
0.7277028171962184
0.7155907556789779
0.734435648417672
0.6911494948337911
0.7198313485156036
0.6539522786338436
0.7201029965573096
0.7308345263400204
0.7272378858871452
0.7121240589053114
0.7114604916556858
0.7359725356634962
0.7191524458859079
0.6991617083116632
0.699182572793909
0.7756522643036831
0.6883771665378623
0.7058770761968619
0.7272059162918997
0.7211625304670319
0.8087052766867293
0.7022274018819811
0.7272569619597502
0.7709930128137765
0.7144291809475538
0.7196116236451895
0.6924678452481492
0.6710079351829956
0.7569560099829304
0.7285037917160009
0.7415539124653721
0.7442429099765596
0.7516305630013268
0.7624312211182992
0.7125073530313429
0.7525930410004491
0.7766493167270124
0.7559019807938728
0.6872235744194283
0.7211546194330134
0.7127016239985667
0.6934405357801602
0.7040893610852026
0.7150900017997825
0.6765774251008698
0.6894081014427156
0.7101523246680091
0.742482277145061
0.7571382273123235
0.7366662340390774
0.7287881058008615
0.7313933808547494
0.7356169906645027
0.6935815850687849
0.6906060862832258
0.7074739917102264
0.7375574322983691
0.7405987279783378
0.6986722374282198
0.7144592652505902
0.7553475753262863
0.754089677463858
0.7025426662890978
0.7532490233322401
0.7428553596985331
0.7270163698482094
0.7169252344753957
0.738243561655089
0.7701002969333661
0.7496566768407203
0.6921349520277158
0.7325559527354105
0.6825264115805989
0.7548270196110403
0.7603318566928109
0.7208696046130302
0.7146480222312475
0.7047433814619664
0.7070910363754714
0.7306577840218955
0.7208667267294413
0.7127991869741052
0.6983947100602229
0.6764335083790652
0.790063234937297
0.7303675394597212
0.7038512124210311
0.6878063954314063
0.7130962058643153
0.7137495745710182
0.7341687965127751
0.7312699351051511
0.7427219962281595
0.7415619271339423
0.7550648021124503
0.7255578857698209
0.7873481787536236
0.7563074132813045
0.7407485925444526
0.7353181491153641
0.7810292935327413
0.720269113165822
0.7770829218880678
0.7502664431633862
0.7792358672210085
0.7429851400554023
0.7258857822200956
0.6898069439948566
0.7260496611875878
0.6698209680350548
0.7372076875897213
0.7426680434080195
0.7121556564657198
0.75817433694403
0.7535409784106643
0.7147974290276576
0.7574630939238405
0.6974821435130288
0.7167201658561451
0.6776366386821758
0.7119931620673113
0.712574427788507
0.7126609415672943
0.7121649304658584
0.7814827551458392
0.731081807672255
0.73901776764784
0.723735060203495
0.6674628406873494
0.706927038897071
0.7452881650426668
0.7228532666814439
0.753172352319486
0.7300142395876121
0.6874862274868919
0.8215453521725719
0.7551199378869468
0.7498128392059841
0.7110910454155205
0.7133010290210412
0.7473923286007845
0.7660262990252081
0.7222775642540046
0.6981378548213534
0.7325514695299995
0.7043846011650151
0.7378228952257759
0.7142444457693957
0.7389732686988345
0.7515165969813841
0.7090605810996283
0.7286080860106495
0.6953594693670004
0.7320617854831157
0.707323758031538
0.7386512994959187
0.7648074572358016
0.7158221322906618
0.7307460979913892
0.7447509315368396
0.7446361213564977
0.7036055820585206
0.6953373094236961
0.6943411252364866
0.6912119117808262
0.7002768493719731
0.7196458521970699
0.743446809680668
0.6805813509254981
0.7359490258429859
0.7197512748793196
0.7659871749495413
0.7206892338330548
0.7057013282034018
0.7058034046191404
0.667683441342368
0.7121786881787295
0.718854613880547
0.6877466303337653
0.7426546315464514
0.7254408982483705
0.7032691602015366
0.7363890503858664
0.6968326579038365
0.6952109886321022
0.7286062507103178
0.7391610976700143
0.7525979807409432
0.7366871640777795
0.7357573219436073
0.7446241376137779
0.7240929194783372
0.7613149733641916
0.7230428805125573
0.6826817101074909
0.7207035208700193
0.7540803659524378
0.7368998165899915
0.7433255605869186
0.7416350790142039
0.7268321043468289
0.7409116886095027
0.7144307084997926
0.6707266590337162
0.7597930578050126
0.7258849010656859
0.736136144522415
0.7870946276977482
0.7421451945943375
0.7079659851476126
0.7131750152044576
0.7693351488561019
0.7449361201884418
0.7779071934489613
0.7386378378738204
0.7319356535998207
0.7184737044798618
0.7333550070436614
0.6991841020687894
0.7179118434559761
0.8021570134336433
0.7206442741639373
0.7397237856407898
0.7242199603729007
0.7340742426887048
0.665898321534758
0.7337560152527234
0.7343540100807259
0.7698346459903507
0.7306025820052034
0.7412447110717894
0.7926627319130489
0.7464970394256298
0.708670047456209
0.7508848404423498
0.7385773765271234
0.7406314121829203
0.7608408213198102
0.6952585671647189
0.6826281323671763
0.7275545717913945
0.7431219232032823
0.721434321884906
0.7439372367886538
0.7302844294489923
0.7098148022969373
0.7151357068112102
0.7135890583821872
0.7658885613164942
0.7226169680816787
0.7045811156548979
0.7329188468643886
0.7078557825693723
0.7283229414120018
0.7163095263841484
0.7483021462830047
0.7605204536115397
0.7061441878479847
0.7176957631632819
0.7297279894093722
0.7475148297652806
0.7503971655292654
0.7340730988624425
0.6527880131534143
0.7071325730888951
0.7585976139586873
0.7134689531654516
0.6957739698080404
0.7373236240008074
0.7344882972722969
0.7539750191449945
0.7180478812097936
0.7260628007724103
0.7875818354530819
0.7303134585151747
0.7582525328034159
0.7365275120130061
0.7521105227413326
0.7539702382515732
0.7537476650167987
0.6818572025582259
0.7214118926157369
0.7462993512144878
0.6967720230862008
0.7206660675332668
0.7467136439606458
0.7355058904985058
0.6937156163224781
0.7519357441152215
0.733287686784874
0.7329967310492502
0.683314415004381
0.7104054212619234
0.7365702156193706
0.7808325495513265
0.7228119799233799
0.7034385519686172
0.7376554743672161
0.7259906287739283
0.8030281372248
0.6845968391519259
0.7389247463128644
0.747924914890913
0.7069458809936031
0.7345359816559187
0.7120365122564891
0.7785501058244035
0.7419525429882579
0.7204673657261937
0.7398279073776739
0.6827896808778947
0.7630096179609116
0.7187331513686755
0.701476017933002
0.787355829452023
0.7353962214599769
0.7363755501083172
0.7189649240303605
0.7749910808082612
0.7404156580132815
0.7319933840161665
0.6997702808402806
0.7170131454065444
0.715963179058603
0.7357999069225611
0.6970618379354048
0.7044639651902712
0.8010097145125434
0.7506157939625691
0.7049473523770051
0.7322180717831224
0.7835299103156408
0.7286765296622344
0.7320050411648655
0.6803089823534467
0.7139302919182501
0.7481449512645524
0.7683063868488154
0.7078510585964181
0.7238972971932859
0.673406377770223
0.7109924278971791
0.7881349600185468
0.7460532481058438
0.7310790455603403
0.7090753271614609
0.7403242027397289
0.7004316149826973
0.7315769713064346
0.7472093538351895
0.7034479152642024
0.7190415580160646
0.7355822662151215
0.7676748706418043
0.7046112051460451
0.7838990555468992
0.7210136448075061
0.6980590789782152
0.7800933288645391
0.7227887882679997
0.7489655557536676
0.754209190890362
0.6985063571619646
0.7098355214233625
0.7530483637521077
0.6872578256032041
0.7016447831792874
0.7464204777766814
0.7327257894420538
0.7291602259900367
0.6970688484572344
0.7689737789833849
0.6998094778334235
0.6970373587240176
0.721882346506372
0.7184736345409737
0.7828008833520382
0.7525064453599665
0.7014543122841562
0.7343972728656831
0.7251998535267535
0.7149729504506495
0.8351579592108159
0.7469029599690129
0.6998902558930856
0.7043355510673253
0.7396874087518049
0.738947545760284
0.7204272412453617
0.7448274842148147
0.7447069468577323
0.6936798967761647
0.7560082872952163
0.694328142306944
0.715682085177183
0.6913199164840611
0.753342323964566
0.7125983813916091
0.7445121279907159
0.7045106726001763
0.7553200554018982
0.6915319132100561
0.7879050897863838
0.7149872285458495
0.7351276927216405
0.7234156811632251
0.7452873449966091
0.7615540616313661
0.6928397892315538
0.7160010677173156
0.6803833649384371
0.697612324704892
0.7464773883740818
0.6916515373070887
0.7078745605445804
0.6943493667922971
0.7396551641169049
0.6997867134319684
0.6999626548345323
0.6890643988976987
0.6914854506584299
0.7845908931633566
0.7219664850831641
0.7248966375124255
0.7299767221351167
0.6853342876194466
0.7430676139658695
0.7356706451248614
0.7418682068793008
0.7498813561481721
0.7712125843340887
0.7873705184873928
0.7685627667444653
0.7448659750831262
0.710436240333141
0.7606056467670043
0.726034818576039
0.7177624299809718
0.6888859785920605
0.680933039567659
0.719131821125061
0.6716441414201207
0.715557294343534
0.7108117815824881
0.72733499498106
0.6863934172055468
0.7601698482116237
0.7184296726381142
0.7130846159074813
0.6916583603991203
0.7073306984485147
0.7014861787752755
0.7121924949078189
0.7245566766075815
0.7297661353638334
0.76600767052478
0.7276955756979535
0.7063569466873096
0.746318703092912
0.8196809746675029
0.7036125232594538
0.7308766539880006
0.7640875609309766
0.7839202433480106
0.7297622746694037
0.6645194031511805
0.730668829489189
0.707511913134065
0.7267803506426671
0.720092375485857
0.7599774799497447
0.7380630334647638
0.7809119741962361
0.7491529478147285
0.7763192408541633
0.7420500789816838
0.7538505440545925
0.6643937538388114
0.7497895382406328
0.7298207592707154
0.6906795004863236
0.7093110539793928
0.7305851134808468
0.7340254199103684
0.7404824601980319
0.762245002021644
0.7263558917221873
0.733494247271084
0.7375914514545222
0.7522721430465232
0.7703043707814916
0.7532163889846911
0.707424821662528
0.7082114340122001
0.7132308901393776
0.696089996153386
0.7176103347252094
0.753876788476894
0.7197856438818102
0.7603194680133479
0.7715613944817596
0.7574477012165189
0.7041946124851313
0.8074754552137657
0.7154726051414207
0.690770468993436
0.7559143553231893
0.7187853019016712
0.7009812602576722
0.690748432971478
0.6902218204739216
0.6565634976333868
0.7303268462997929
0.7313483621014744
0.7671322795922514
0.7274435950429488
0.6850490832804423
0.7545264009355587
0.6990085865384393
0.6955254531036279
0.6926546140103818
0.6166904740484521
0.7367503636417209
0.7355482335877337
0.7040103421381558
0.7328108790109488
0.7737251364368657
0.6862817135282884
0.6837563138147382
0.7122561844560932
0.7226687443113095
0.7534625068758967
0.7311518005232414
0.7033654699142808
0.7266709194553919
0.7167879593568942
0.7091717682784737
0.7531330002034128
0.7051446044683126
0.7042850457142203
0.7159767282491475
0.6322589196727013
0.7904494693955375
0.6813894638845962
0.745858264339768
0.7446190855166295
0.76172519091553
0.7191165462308846
0.7248051660490122
0.7162029104039043
0.6922068779956079
0.722319183886976
0.7291566987251127
0.7504622345384109
0.7295015642679905
0.7192870602102536
0.6639873443594251
0.7049376462245945
0.7468848627117921
0.7387839486939867
0.7320749548065134
0.7430070823298129
0.7466564744592283
0.6894201352126883
0.7862131686897961
0.7116768154569226
0.7446054294023318
0.7270411850834906
0.6652687097339526
0.7694829029146065
0.6853245629725149
0.7371353321262256
0.6885152761561402
0.7213863706248406
0.745687641585582
0.7289421617938887
0.7910487062650884
0.7103160995751818
0.695125909691529
0.6902906703184204
0.7278612187348542
0.6583418240308265
0.7590959503358214
0.7254228799934307
0.7273198734342807
0.6754612859448038
0.76038839828605
0.7132682373626416
0.7145067607451886
0.7668271444613877
0.6614355179433004
0.7269414343646912
0.7574669936948257
0.6631825559735374
0.7473527997846998
0.6608965216688905
0.7743967189336057
0.7311348171084928
0.6970477834331146
0.7663456170810153
0.7564145865199144
0.770390300981576
0.6736579069971586
0.7030496217820575
0.7146936754079224
0.7485184117222154
0.7411135603614311
0.7510702918682219
0.7884751186639446
0.7193264995957547
0.7245512917110475
0.6919992129470782
0.7084844239141712
0.7195405630724704
0.7247898221245911
0.6941483506976982
0.6575608954539248
0.7107399670266845
0.7156906769283027
0.6919845091130297
0.7734065621198296
0.7479249885540935
0.7142056794673348
0.7566008646718073
0.7326408819310051
0.7292743249885412
0.702076594362788
0.748699975585344
0.7495888900084846
0.7412961913174059
0.7352971935447793
0.7162132979023987
0.7580021463247957
0.6712720804859529
0.7330775761659115
0.7051129133122551
0.7433374125942441
0.7529580355010348
0.7526840119924381
0.742400868627369
0.7599606409939262
0.7220635548309878
0.6981515682322996
0.7207511614340859
0.7252384706749421
0.7056467004187275
0.7526247695528312
0.723639867523865
0.6973458355171327
0.6916086479318843
0.7244628570840863
0.6403559971900996
0.6739425539446567
0.7444771579617923
0.6700903591065104
0.7162987647325904
0.7237044023152451
0.7294457197078532
0.7515174353274864
0.7375911128725602
0.6535461571952768
0.7380711993901434
0.7291639948524258
0.7302271141118171
0.6897667613272671
0.7351213106004563
0.7435514190485595
0.7228352468762699
0.7316323816464778
0.715255150972476
0.6946079515058162
0.7691153038021777
0.7516179556210838
0.7737765939035725
0.7030708112504267
0.7040317034665121
0.6965901846157312
0.7280297571875239
0.7744845460310211
0.747647457695944
0.7308950485432479
0.7117430013430326
0.7361553560008648
0.7064378598860195
0.7178568158434689
0.77344007056531
0.7380385580459083
0.6695463735169751
0.7670883359806773
0.7142787797073906
0.73667581591931
0.7409450393435544
0.7114415340830601
0.7680663147091359
0.6687878690599249
0.7454847012891287
0.7435575597529592
0.7676946831014783
0.7275641123017924
0.6911271444279389
0.7527952734259303
0.7631136513617188
0.7361769051390262
0.7717112017277333
0.741100295284473
0.7074699669981811
0.6939527242843093
0.6991590940238589
0.7344281581649357
0.7199116475741177
0.7552287380697809
0.7750711102899137
0.7913823909207254
0.7254203027986408
0.7246714477479386
0.7482824256575438
0.7289020882123123
0.7619816185855413
0.7274410027359957
0.6825794894658289
0.7214587298854287
0.7828311012839178
0.7299812476554297
0.7180185099342515
0.7058742295938514
0.7087049318808246
0.7200631224420319
0.650892346643508
0.7131366523891907
0.7313649370709076
0.7116008362984144
0.6948575459072501
0.8000798519553656
0.7709452958709236
0.7510115573756213
0.7459147484341071
0.735804771277515
0.7310448186580529
0.6980013512872467
0.7171533830353282
0.7363434432670048
0.7152278369893869
0.6786539807403734
0.7283373865358215
0.7740176201312894
0.7130609987088441
0.7254103017617568
0.7318022496689993
0.7355475748943988
0.7488575898072307
0.720613396191786
0.7256881870921763
0.7020211286358667
0.7236838811113678
0.7614756193340784
0.7370128805535998
0.7328144393502439
0.7124249178572516
0.7238725425918388
0.6925602042668405
0.7118463254816464
0.7207608554383044
0.7282520977933683
0.7012810670383967
0.6919149804125492
0.6653388567578068
0.6965774051835907
0.7690818685992998
0.7217152999530759
0.6968048266667335
0.7367535231421785
0.7291909727673016
0.7215323051116503
0.6737420049430444
0.7447794710057023
0.7741917205388217
0.708232432413503
0.7115327797026688
0.7144384169577017
0.7449887338060704
0.7219060271031205
0.716464795195966
0.7106591010756105
0.7552438166087567
0.7140121115882949
0.748478245346984
0.7096633048291738
0.6519727437795261
0.6821650212172526
0.7421467277422696
0.7519599514296919
0.7714706850610767
0.7149068863689007
0.7421214716879853
0.7071340013809333
0.6699654927080152
0.6756542860741754
0.6686520624274264
0.7424803995714996
0.7309388355291331
0.7270511339735478
0.7359035253076043
0.6637738880824671
0.7296220937456392
0.7396336736108944
0.7374927032443948
0.7752772560803358
0.6709608163386441
0.660315526050514
0.7031196631313337
0.7316021534407149
0.7656459117644143
0.7065767453472387
0.7424155034605472
0.6794490835271605
0.7018068512816662
0.7646053866282344
0.7724100055697125
0.7364005973955307
0.7407732838773782
0.7058975014493089
0.755695369980757
0.7340834932185095
0.7922635872339038
0.7084601049655755
0.7491983405094573
0.6788880935920804
0.7447393410122152
0.7068856179259213
0.7099085121953926
0.7679284029718892
0.7648793704900052
0.719446832463372
0.6636845941628676
0.7395469515325865
0.7511631029896945
0.7139294924614078
0.7659224702171243
0.7851864165043251
0.8123402611275278
0.7345832137860477
0.7660847246305518
0.6953699414290878
0.7769834526549936
0.6758377833736819
0.7274268741428527
0.6987306543370387
0.7552341797072621
0.6769255784175301
0.67837793310584
0.7201026258216556
0.7331612514302027
0.7382007423468987
0.7165729817568527
0.7822861411929865
0.7425751991634746
0.7186838989753619
0.7183528134242613
0.7341228622135599
0.7720420056523277
0.7760745991224779
0.7545446758351977
0.7681607694755953
0.7649325343744572
0.693091707906078
0.6731727424459704
0.759617560556982
0.7166634543084318
0.775416544844453
0.7050721784412348
0.7348295559486624
0.7188530827234775
0.6945586835183146
0.7581663242003609
0.7070236239090908
0.7447435216415531
0.7498696199374604
0.741057749224383
0.7345376138628449
0.6999343481562342
0.7359889592089366
0.7012774198447366
0.7211120748090588
0.6963833184044499
0.738459985968522
0.7607564851352924
0.7894975286293172
0.686571868579849
0.6764968135251379
0.7265976893752955
0.7158501423159948
0.7255340179742956
0.7893015183816677
0.6976896005599196
0.676260895454065
0.7190200647342464
0.7353709640798936
0.74009645356534
0.6880591551920441
0.7556813527630938
0.7457272914592404
0.6932341145999363
0.7032690034547173
0.7435710315334106
0.7033200933414665
0.7532519163313216
0.7739102118272563
0.7040312286305764
0.7200962823089865
0.7146698063989273
0.712547004010547
0.7127559282788867
0.7385555433114287
0.7412289009745897
0.7365294043701028
0.7512786319794182
0.7144220230310108
0.7058891215851203
0.7211697742132477
0.7598303053484482
0.7501685043373872
0.734523552642713
0.7140695177336284
0.71100788530169
0.7722140955082907
0.7231539708929265
0.6585977897420796
0.7191660784342081
0.767213227635137
0.7261477376353027
0.7008573494300663
0.7095900962479315
0.6839343058022721
0.7478353411637396
0.7083916860585739
0.7151357226951652
0.7385771178470466
0.7379309825131681
0.736973185417044
0.7596858558751641
0.7256776620441334
0.7750113180428361
0.7286054090251254
0.7059121456963485
0.7388943704463933
0.7065413390216481
0.6927888324809175
0.7188593736971419
0.6860263281683693
0.688683684468488
0.6927714386239875
0.7334693592859481
0.7045160392020204
0.745536015477252
0.730861833705399
0.7417530575386977
0.7373448351762945
0.7793020689213811
0.7439272874206643
0.7256326277812768
0.6997092640821828
0.7042335085381736
0.7265452219092542
0.7119194693103511
0.7880896132371646
0.7641890599673358
0.7393588250121103
0.6916438699513267
0.7289387849652703
0.7705516110205836
0.7032379414100864
0.7124387397481634
0.7279092076819202
0.6898909073270647
0.7121091598409007
0.6702149593353914
0.7267070078124683
0.7450034985459726
0.731448926024405
0.7544644793422235
0.7460827582371086
0.7405593632195477
0.677721187885084
0.6904847059292093
0.7223808212661975
0.7169637283506147
0.7680485361694281
0.7119916950125348
0.762601251925921
0.6858368204765831
0.7190124932562016
0.739149618550116
0.7717745574004053
0.7192179870654407
0.7153691619348488
0.7223311956288191
0.7685677735247646
0.769526409349417
0.7197549785175857
0.7506160814037353
0.6883727874731772
0.7704679344413019
0.706212439902407
0.7438096065197684
0.7655742077274199
0.7412527600855229
0.6478621990428033
0.695183005799697
0.7342076692759615
0.7592698206404599
0.7195629938439161
0.7627461303002542
0.7448493862127957
0.7667732140715592
0.7203034990312686
0.7366218434725407
0.7016144479526575
0.7221682428557893
0.775245354070842
0.672802222145815
0.766706449342373
0.6933625964980167
0.7233715831259061
0.6909690274803987
0.7498763294297672
0.727624392398702
0.7842862274390641
0.7212024136405543
0.7277320703133989
0.7265009125312196
0.7347732280836554
0.7459744318736418
0.7512145766572381
0.7307196289339456
0.7359960249791988
0.7119090086794424
0.7420493114512796
0.7569156519456884
0.7305082674200708
0.7677798510865458
0.656431040684831
0.7388492838874547
0.7058835556599423
0.6940398946324767
0.6965519120222872
0.739518797334875
0.7543888334995538
0.7566286023924129
0.7608673029249359
0.7001119357705697
0.6629314194023139
0.7996607448105565
0.7321215677046502
0.7241821841181245
0.7530717813720291
0.7178174540742925
0.7656585409239226
0.7491776356883403
0.7032163643845837
0.6664741247613696
0.7161037911236582
0.6860474892094763
0.7780295189887441
0.7324516715674553
0.7348847445255744
0.7183496989128788
0.7756992187466356
0.6871321850915851
0.7527889841522694
0.7152409630639456
0.7178063982151676
0.7187640358623206
0.7690227643621439
0.7997779801556941
0.69442235722372
0.7525219527079056
0.7161996783752274
0.7359252102717507
0.7106755828392348
0.7119982285806772
0.7701008829399472
0.7322372299985197
0.7825695055542926
0.7109870218213381
0.7493393056912907
0.7292892325411324
0.7511949064223743
0.7060323839334787
0.678079095577593
0.7619419112816537
0.7336405952456598
0.6875473013508164
0.6862638510862881
0.7313276754847542
0.7281482838150071
0.7551751549140037
0.7633074326025527
0.737995898111509
0.7776643272077998
0.7097998676545819
0.6963777617622607
0.7592655801450691
0.7046780742324696
0.7566967388275122
0.698500840909516
0.7468818613007331
0.7193684732076898
0.7430598382708274
0.775434959566331
0.7264246690095907
0.7383791570255018
0.7674011377359621
0.7316170020511807
0.7164820747615134
0.6614841688228469
0.7578761946048664
0.7175156029771181
0.6900053855236208
0.7607925009624852
0.7004310553778834
0.7169500399487142
0.7421688826430991
0.7286756809434025
0.7602156036514197
0.724384699521262
0.7196219402777244
0.6801197600861487
0.6994381555154751
0.7304928410457457
0.7271030900369455
0.8058079415856768
0.7510803396415359
0.7555925315959086
0.7395932045743465
0.7054192803337633
0.6923570039997796
0.7500890860454982
0.7413898507128585
0.8007116916968822
0.7182589714092099
0.7160187811084352
0.78206262507654
0.6891953496027692
0.7605208934419959
0.722601381922455
0.74732118747221
0.7143670452692614
0.7628998835427101
0.7265011669204292
0.7187417897039503
0.754377322072563
0.782224932076043
0.6710060300449682
0.7380904920002785
0.7620196417813139
0.7283817265969317
0.6829247420990809
0.6919256722375697
0.7346521864281362
0.7428774088412943
0.7608191224625851
0.6988193852061682
0.749668802390608
0.710850190032791
0.744287676189537
0.7572271520615022
0.7172784964545866
0.7187670115853682
0.7359641039632684
0.7758743505908202
0.7255562802892238
0.7638614259307884
0.750861725627089
0.7180052684458297
0.7023024362542469
0.721475294025357
0.7147587523714526
0.7259155077991977
0.7664613960039517
0.7339324469672011
0.6975327201929974
0.7119260133371647
0.7317176060125985
0.7246970407457322
0.6637789769076647
0.7377265674636985
0.7222370253436907
0.7122055846178519
0.7245204674489895
0.7833091394698641
0.7954092373465665
0.7080086142282934
0.747145293738907
0.6926538263215002
0.7271029652350108
0.7264081261657797
0.720617854348782
0.7768267887870095
0.6969753762514559
0.7339560003214747
0.7964481524848072
0.7690062426676292
0.7319426505197391
0.6908165120641556
0.7455347904056704
0.7603743915761407
0.7611355833684986
