0.6447879993366605
0.6930453506313383
0.621962260298576
0.6909957956775967
0.5267289115010941
0.6821893827754872
0.6809325638359973
0.7356569632739842
0.7083481209229013
0.7827560263062103
0.7090361627123056
0.5588706683026247
0.6685659887382228
0.7937173714241681
0.6183338708208412
0.7920038449324938
0.5247713685682726
0.7865197003123857
0.6022423982694042
0.5808174102609539
0.6009465913456632
0.6217916507563852
0.7490643502412974
0.731904586598681
0.7014773797031119
0.6280071641150634
0.5983003370357985
0.6383352034312983
0.6065036963738616
0.7239127863866687
0.6735246909934265
0.5831584972906869
0.6634597211913679
0.744580974938792
0.7359428304630691
0.7188536740887754
0.7404400679010179
0.537067755933574
0.5381794824650059
0.5775748914831924
0.5727107756833246
0.6665590224558811
0.5415222550745533
0.7813988133606276
0.7153369307991718
0.5984798671202143
0.7480547792752871
0.6602160323706505
0.6271738062795681
0.689056092228284
0.6631528077448984
0.5803769703909062
0.6229348453567017
0.7186843883002276
0.7004043516413837
0.6445827806478704
0.7223331847582555
0.6347263771039723
0.7375151651930083
0.7545047867689558
0.6120000914008354
0.805044874850096
0.6947600529405493
0.7399607327963176
0.6788002543091436
0.7028211933788894
0.6192936866735099
0.6170843117674064
0.6585157117188267
0.6413929366610555
0.6582963698746478
0.7226017994457627
0.7036968782721652
0.689123368911016
0.6126711672812849
0.7067991156708814
0.6071382552619112
0.5046436627862891
0.6028879394805912
0.6833449803361437
0.7497903814154566
0.7209546826380557
0.6172010588001327
0.6656357312311151
0.6859490893489193
0.5918301931670927
0.8379295110327758
0.7397692417485813
0.6054745993513616
0.6312508516278802
0.5476646819995884
0.6729973744473393
0.6593887297970881
0.7786667223787869
0.7118664121665438
0.5612195103192409
0.8473330715175449
0.6457916505072275
0.6828733020788956
0.5616069298552683
0.6387916440683762
0.7317642555609364
0.5493105139911116
0.5951502761251706
0.5994658190739731
0.674005289491391
0.6547787389123302
0.6799324189416546
0.6334818416789469
0.6844744189330559
0.7767936212797378
0.657665973493904
0.7473654127982227
0.6624417321813971
0.5172995583631788
0.7452670374258537
0.7350265712442375
0.586826781216731
0.7078244418321393
0.7026265965580692
0.6430587104888689
0.7589730635968948
0.6163956632829132
0.7013801557584483
0.7029939287009808
0.5882635708086136
0.6884877995435418
0.8197758238219114
0.6047924195795944
0.7327880894730203
0.6227561942806931
0.5812922434802573
0.6720115620748864
0.6669400909667719
0.7094927162389947
0.6733312754973976
0.662707821535527
0.7224182515289381
0.6485888277594697
0.817427916495197
0.5531962966411702
0.6722653668238991
0.7721399161349206
0.6709157475100732
0.6107329403596262
0.8083880851609685
0.715677828076645
0.569937244852672
0.6667508326992313
0.6181349995225619
0.8329132529387869
0.6432087551409557
0.704135168578109
0.7313023842651732
0.6881062352205872
0.7029673140593539
0.6698171339356516
0.6649597113345354
0.6782817161245158
0.6972989365945215
0.5993071839197444
0.6860916589399927
0.5973496964424169
0.6018398202772607
0.682657472938366
0.7344570104734982
0.6803295919161317
0.559019854071407
0.7794162084536064
0.67671093040996
0.7164917857146308
0.5847490474551807
0.6520327441938839
0.7382180130075703
0.7257607737586258
0.6503288894079543
0.6451444382560737
0.7792010502918003
0.7089107271276339
0.5997992257957344
0.6462761750598611
0.6595584579395236
0.5901018106413409
0.6785456524632849
0.6742554350894624
0.6053284922522693
0.6749624763000828
0.7951785164354127
0.8142414366155449
0.6041731608536431
0.7156499833596616
0.7150314152277977
0.5502073033317317
0.6209059969504396
0.635040759455592
0.7119518680644851
0.8241915325797919
0.6276918205137076
0.7257299349772144
0.682048008727673
0.7177352356627249
0.8176443922852868
0.6876534366416257
0.6692065273096511
0.7321170662955889
0.6399707971058769
0.6915118170647018
0.7857358046537899
0.7443317219444618
0.6159075343048528
0.6957662449700371
0.6245484218748304
0.6151727662055704
0.8174238371670182
0.716698811082639
0.6142551259100767
0.7112458637663244
0.693133851301158
0.7173106175281061
0.6871299208914909
0.6581868885818836
0.6323570186765531
0.758495249154684
0.7070372536841601
0.7428357003273011
0.6419350678959842
0.6602831119913478
0.6419355601572841
0.7527906738408605
0.7080018817865811
0.5533694843234577
0.8019063137966199
0.7905916956086255
0.6106964755427757
0.6086401580682989
0.6471533082151758
0.7461938063635254
0.7709183824975119
0.648378086605106
0.7843409562717956
0.6717441610338928
0.5322115008781528
0.6651790124437683
0.6900766029013676
0.7708957080896119
0.6592120010944044
0.7648046077245517
0.7695887884926287
0.687686327943457
0.7568131351927893
0.650317584903449
0.6373491534385941
0.6120165356069923
0.6925503568697401
0.6384687541990204
0.6525197689905847
0.68491342060449
0.6243192529927077
0.6467976667338561
0.7742623427229635
0.6860903764103478
0.7782513217378537
0.6918707306731803
0.5517712919464043
0.7667393440204952
0.6509647285691148
0.6882481884842452
0.6825171192490297
0.6145372213707025
0.6951835011087831
0.7927252322418012
0.6503723363573192
0.6439825801696215
0.7867456645123647
0.7514696461609118
0.6529475149979067
0.7717858422722736
0.6830763485218992
0.7431093375832528
0.6857893662219189
0.6288774321491942
0.6390080935593362
0.7150806807060293
0.63625351582974
0.6966938691147907
0.6531594934675932
0.5212739401917537
0.5439671627276893
0.6323015744913518
0.6292364937750939
0.7307278642581314
0.7186112700492421
0.7266898394023602
0.735836612327837
0.7303625909699984
0.762256663752557
0.6049140315528638
0.6300561383582582
0.6686662295963889
0.6040574830797018
0.6517308811777607
0.5645335341087669
0.7981965928923223
0.6058066305787411
0.6435693865563988
0.7255520476941375
0.7402319771353982
0.703434964208125
0.5629480447353589
0.5679564182857154
0.7194196729657991
0.6154831041771921
0.6694790531398723
0.6991975720312528
0.6998079822920104
0.6688559186149633
0.6656780262919536
0.6299041204544864
0.6265163471110393
0.7229853887465513
0.774102405228781
0.7517520997248562
0.7416636541789703
0.7000667102693776
0.6345937049207472
0.6066520661872362
0.5195155933060897
0.6964317763143769
0.7414271212565354
0.6792723657443793
0.5817789222918663
0.615628170045657
0.6576014502707473
0.6240157644683538
0.7602497265450108
0.658283640404172
0.6506762139814045
0.7187207686889048
0.561643948026461
0.6200376829521205
0.7215474765701233
0.6301562407602473
0.7634272415096445
0.7795658871061231
0.6051297165240307
0.6982389553700733
0.6214025925412816
0.7055823868340899
0.7439351228704623
0.7064789952317884
0.8332960011653217
0.6676065507502843
0.7175617047024403
0.5713187688552531
0.6071819663067386
0.7588050047422777
0.6771807119883217
0.7561119255847701
0.7337534110412893
0.5952935180969049
0.7954693294648612
0.6822597389323541
0.7107323461512305
0.7605129597943213
0.6767614905618843
0.6459245317670251
0.5751393277105694
0.6161886481298133
0.7168404526045028
0.6242027686501755
0.5253367143550337
0.6684564502234152
0.6392534910174006
0.6842965460636486
0.6786092631865249
0.6143312380299613
0.6037236331665902
0.6884155569567748
0.6669441238241218
0.6938124828435737
0.5958638430538871
0.6612024812268644
0.6376824467625511
0.7141817113154627
0.5984890873993162
0.5365065447913284
0.7918431977004794
0.6540347993734715
0.7401749758759506
0.5675984243368816
0.615090588218469
0.7676070956903924
0.666094715696209
0.7734351607245832
0.6491184324967438
0.6596084903426453
0.6209819166426253
0.6733299917045686
0.7844339913181481
0.737548254456538
0.6745106327522836
0.6621157774274
0.6254334497490543
0.7019619588841713
0.6522974205531825
0.6591896114453363
0.5222609781578813
0.5902067823070917
0.7443500475651821
0.749351811396687
0.7211786162383054
0.633532711003713
0.713922214968359
0.6504882224394574
0.7078888696572418
0.713630505808143
0.6968440339485675
0.7448908959428399
0.7949433892407037
0.6265243659794771
0.7012300527805992
0.710155393717459
0.6518881044987407
0.6895439383278706
0.7057514243867004
0.5930099132820355
0.742434440024681
0.7193952254412341
0.6605932126715957
0.6864664020113217
0.6203100976187462
0.5698289032831798
0.6591128384143786
0.6093908875726916
0.6992013426196487
0.6546177593183956
0.7256561691912725
0.6226099119913588
0.6672031181138313
0.8315380308171789
0.7810692299112416
0.7353624545319528
0.7484958917650695
0.7562277179291839
0.7325193360721483
0.6305276650866637
0.7909056171727885
0.6541787165302888
0.615233566975999
0.574485251516719
0.693275799660567
0.6123373264962207
0.7175559128010578
0.6445847848171139
0.7239348342562659
0.6221587598618179
0.6844404714684597
0.7051464193862983
0.690852042097429
0.7025163942899701
0.7080776110752947
0.7534234049962809
0.5957975784211741
0.64763918459858
0.6546290642936923
0.6306010189145168
0.636064257192663
0.5874100754208941
0.735990346094009
0.7245817399836092
0.7042858336841095
0.6974383555171599
0.7163088008053285
0.6327101198043109
0.6346899625851647
0.5624539904568302
0.6779096538789349
0.5821276697759795
0.6606084510345637
0.5898279548961726
0.7023601540225264
0.7598971035352162
0.6493791515279311
0.6335938688121422
0.7369582312454531
0.8020793330560372
0.6887178454453347
0.686478300444125
0.6104949475443757
0.7657061955858024
0.6653822916800806
0.576663497823389
0.6751766040304638
0.6611185591682399
0.6688713376165875
0.6526074747000646
0.7346714335572236
0.6990098143527613
0.7901071896502923
0.7660561133267296
0.5390615982596169
0.5863068197577325
0.7115430127144985
0.6304383695400085
0.7545558971910435
0.7925905260149615
0.5895683951853289
0.6826975770508187
0.7789423275139538
0.7106419990031846
0.5874547028062967
0.7169282532642831
0.6748271145460832
0.7337938751764813
0.6470295635402893
0.6812353050792409
0.6750566029971653
0.6855165219692376
0.6670522738697235
0.6715549523538153
0.743439910373358
0.6905912227019304
0.7320667372397632
0.5955501873321984
0.6917268942864303
0.7409786773512571
0.7712794237593452
0.6390214572026948
0.7799430656584644
0.7400416320664573
0.6444595465741519
0.6856283417482197
0.6395045555719279
0.6556746633515843
0.5952526740014696
0.6220845751510222
0.7003003161232526
0.5913821893054817
0.589138687578656
0.581344205413638
0.785742138981279
0.6803366426190582
0.6597120855631096
0.5766652403538558
0.6864786762838228
0.8079421286071176
0.7392896626077441
0.6064920999419767
0.7320748963568235
0.5996797814392508
0.6592485137133627
0.7606909468861032
0.7470664412170709
0.621506780935608
0.6608943054800059
0.703696920966434
0.7802455376915397
0.5771015484754126
0.5915343137338901
0.6579321616952196
0.6821586724240478
0.6507011588397563
0.7059615767834506
0.6046486020005816
0.7375290196408457
0.6577648772695825
0.6452848813670274
0.6033738170472982
0.6246703912975291
0.6804855951613855
0.5162180440193925
0.6334060959615491
0.7027038247563271
0.679804957502455
0.5409067401173645
0.7176014801649705
0.7103536240230998
0.606066831681833
0.6426622726297854
0.6720636604923723
0.656787863304752
0.6822204250967654
0.7436841451613718
0.7506441575713778
0.7219773559670447
0.6390136442279388
0.7078327416343932
0.7685186265983099
0.6472608264907055
0.5456094454464897
0.6525254446909949
0.682430110896225
0.6824717551030696
0.7737078547374973
0.5588037354278643
0.7105064747102188
0.8143743538272588
0.6789357115206773
0.7285867273295694
0.5576156083486432
0.6190505048982259
0.6476877553291471
0.5648585238854854
0.6969166874072611
0.6486811395587639
0.7074594214052828
0.6712772985778124
0.5691485661088973
0.6047026228684488
0.7005739615850041
0.6336256247313634
0.574049853503321
0.6265579763543784
0.5765867066465177
0.8150144050460543
0.6518030895611038
0.7788084836307219
0.7356692207778984
0.6191623398886948
0.6235439689657372
0.6421312667816225
0.7065170739216021
0.6841292561920176
0.6537506244446247
0.6712069336232755
0.8059165848599312
0.739628797454632
0.6679255042073592
0.7186879666168512
0.654798210792737
0.6731654900357839
0.620001386548457
0.6354444031738891
0.5972904199701986
0.8424617485031123
0.5926469422505525
0.6834371592158857
0.7099864785150335
0.6526556279815706
0.7393024314882233
0.6526512342390002
0.6596373502566005
0.7194691137231467
0.6253088030578567
0.6979969131442871
0.6307498811087893
0.5833819922107742
0.5758224313839198
0.6673100640707772
0.6291909548777221
0.6140129882573708
0.5780493234740044
0.7215565854756323
0.6926341471623308
0.6405775444515913
0.7788171683468474
0.6740281458924138
0.7172665060573973
0.6260875770076608
0.7209309594946204
0.571826498178789
0.6806778901233154
0.7707727225270818
0.6235667754956064
0.8317956775164665
0.6272066365285852
0.6701727285558015
0.6832620594402044
0.6780447867833778
0.6489586386220813
0.6411260299413885
0.688671555564849
0.6744434823426261
0.7525175061990114
0.6290860507005115
0.6144696269532386
0.8054541770293808
0.5807809804629811
0.872383153552118
0.6855279826313322
0.6569171855889596
0.7123527618118095
0.7896707863736054
0.57333746659
0.6781383889650948
0.7667916518968584
0.5497768687615168
0.6870904867008577
0.6037481685173653
0.800629232670291
0.6732161075245359
0.7103415205465393
0.7148337456954653
0.671858291135874
0.6237039048751756
0.5773013549613997
0.727623472320521
0.6056061346786248
0.6398027195615136
0.7562682408680944
0.6301240318714926
0.7732665381307561
0.5499159623954447
0.6351879651164742
0.6203901586423743
0.6433495409809519
0.6860313771271663
0.6299298536342474
0.7101738714221488
0.672005376520422
0.5986827361289592
0.6137707439975516
0.6399612429413086
0.5897570894453915
0.6372422210546512
0.6853170769327576
0.7992490281948712
0.6735207598626479
0.5885890252107607
0.5675394749604986
0.7097634753181592
0.7080713000746249
0.7599794881283338
0.7503297798638863
0.6963758074563215
0.6137773534195013
0.7673083834347756
0.6500422549123404
0.6310587675859832
0.5456715984283046
0.6870670751919764
0.7135052546869894
0.6331167112068575
0.673890986887225
0.6602840348799939
0.6203710443463578
0.6371291750163152
0.6579305419222147
0.7039554394974495
0.7826421077298823
0.7048029650781266
0.6727574538959339
0.6214573606561243
0.6596437245502171
0.6575330287557979
0.5528485551322633
0.6681375435373016
0.7951476806086246
0.6565960660168338
0.6145402955089726
0.6229885777715282
0.7466495948215259
0.6304721503448528
0.7008333708571559
0.6285325992242224
0.6701181610804128
0.6424257312930042
0.696853086397322
0.7723403390612535
0.6762478372635723
0.4776012516854242
0.7762919880981675
0.6909804711494634
0.6659361825221378
0.756077844339298
0.6436035749116428
0.6675406779044745
0.6509284170670865
0.49878187498361803
0.7779091275071905
0.6648072563851858
0.5915633981719234
0.8165935975724229
0.6196151949660802
0.7819042555098953
0.7158573332572311
0.6606093740838853
0.5646219197430912
0.6794868565230446
0.6539125136904453
0.5755061898041226
0.6421199124077418
0.8396759069510769
0.6845028332611497
0.7142202197633566
0.6917861768148955
0.7087402495247244
0.6843081463345557
0.5840809684277602
0.5062923805420092
0.7771824440207465
0.7389020998153011
0.8388897647366892
0.6533492880846773
0.7307635845403972
0.6000035234326558
0.6884798826124422
0.7163951237635512
0.6364879118110921
0.6434348814963039
0.6612635789227764
0.7155209764597605
0.6629057099993774
0.6096774871244829
0.6909560676919303
0.5952976013494816
0.5770888733374634
0.7072209898768073
0.703999774182137
0.6702936416179596
0.7897694718103638
0.6767297431445275
0.7369818865063246
0.6169637358931124
0.597439922217203
0.5739188004400255
0.8188892343538539
0.5806486628676054
0.6872424773376908
0.6701145020859376
0.6294009068813363
0.6322835040846958
0.6511364465756936
0.5971338951335954
0.6986863505878729
0.5596156494403622
0.5636994672667136
0.7872770201767201
0.8250176689855391
0.6196923300177845
0.5847663846986992
0.5697410236467887
0.6681920712571081
0.6591827544438227
0.6644336339266046
0.5223888820609325
0.7958245006710319
0.546383722638981
0.7425925853371735
0.7025243522396322
0.6913609133006393
0.764144095500144
0.6437441670166151
0.6540755558127671
0.5501295340450908
0.6552372969409506
0.7883398205110843
0.7235513073281769
0.6507021348163707
0.6044163469143485
0.6781002875252897
0.642896932158044
0.696231500838376
0.7327881424931646
0.7371905630532852
0.7360014957235262
0.7368536189675423
0.7206698217114231
0.8014093925294536
0.730792145887451
0.6364589663956298
0.6088033647336578
0.7238940727226093
0.6176897601664243
0.6054278052592714
0.5488122589008354
0.7640560085417354
0.7393223345619041
0.6433888641766154
0.5638787997696872
0.7595583950051894
0.697817112111433
0.774939609470289
0.6222078286132101
0.5210151569567122
0.7440122931465729
0.7143150198156368
0.612799449109397
0.5687929595755787
0.6823644817245857
0.5708178132763292
0.6463999839349972
0.7913485751016163
0.5634772587314537
0.46664600929083233
0.6622912200261137
0.6809735622109486
0.7239574442326967
0.608297768334823
0.6256424530246333
0.7062479193863304
0.7998014315917455
0.6134949349343497
0.7724525508280928
0.7173389227872545
0.7309276938425713
0.6548649878245835
0.7123933523899706
0.6497482242087419
0.7206875301193272
0.5575016091368908
0.7276052508099834
0.5512145621952279
0.692416850508053
0.7468219481505415
0.5820771373304702
0.8035139153920797
0.9489008509345995
0.7218993593642167
0.6586023944544135
0.6315705432195927
0.6865667272042757
0.5549486527121746
0.7537906469532133
0.5865280631139843
0.6407312144032117
0.61841443130484
0.63860308675748
0.6763810204231131
0.6368708660694798
0.7512711645444492
0.7236475144040266
0.594996463526621
0.4149000338563971
0.7126663725980591
0.660188435684438
0.605314916094032
0.7559373156252378
0.6899950343178355
0.6281412721892426
0.6165963296254294
0.7019495364721147
0.6700563725525303
0.5951529724607632
0.7635912845654076
0.711792242061898
0.7461549663449963
0.5984992931334278
0.7645187243265817
0.6822463719309294
0.7078297882621363
0.7239995548421397
0.5854453666558552
0.6617308156226163
0.6052667770517979
0.6466839432639012
0.6616784516996006
0.6134717033517563
0.5778438691746628
0.7083468868051208
0.6046210179731452
0.7596073566880808
0.5668407924830571
0.7218307537406502
0.720194498593114
0.6757056277072746
0.6066039167160504
0.7982955481738201
0.5924728561277495
0.7268696625919225
0.7151674760707496
0.641970586082569
0.6210931145386278
0.5699834108166829
0.5729521897912948
0.7128011643733397
0.7796020888015125
0.634555775811791
0.5914425608499257
0.6482146809117532
0.7398107708257353
0.7693146387193694
0.6580065858564259
0.6940260164440368
0.6625586988318362
0.7270699022268989
0.7909201639371113
0.6389215473770353
0.7122318153131194
0.5903501489912012
0.6977484062222877
0.671079409785356
0.5868459945162422
0.759168781072127
0.7534874856032227
0.5563217745883232
0.7447511324365564
0.6846139212755755
0.706815474134868
0.8225882396541634
0.59885470476019
0.716864385714219
0.6041263042137919
0.6469548077313817
0.6124091192532153
0.7124120336377584
0.7155185183810132
0.6170837499276859
0.586106029916547
0.6721597390318578
0.5910286897616345
0.5779587755595564
0.5583916262899556
0.6338488145377955
0.6179014662101319
0.6363658471162076
0.7065549730749944
0.7437373473220635
0.6248774540981508
0.6415172126281038
0.7749945775029218
0.7033018432678753
0.7342748523070997
0.689581968421141
0.46843844330912493
0.638598294525916
0.774334872810428
0.699061533907293
0.6631053653555745
0.6440369029901668
0.6604505615756052
0.6116430474169593
0.625385281069173
0.7362535668967625
0.7251983673931081
0.7000914662203143
0.5472952080722864
0.7170431854239302
0.7118740970980652
0.654878146267294
0.7745693806143678
0.7098332505607676
0.7524982427247578
0.5373509886328697
0.5761738852319215
0.7138712995565836
0.6309465666074012
0.7673155599765664
0.7388653394076219
0.6269400607429811
0.7750327377469594
0.5941275095881837
0.6792435097236157
0.6403964408371472
0.763171650858611
0.7116856874737095
0.7164060904519965
0.6735110955034359
0.6302183676174601
0.5632361868333217
0.6625172620261817
0.6930205864699001
0.717798502969318
0.509466099720965
0.659406661738764
0.7153550813619773
0.650198465468558
0.7758263798458552
0.6667207850510186
0.6769393252897499
0.7103295054074046
0.6308957307541384
0.5561722720222133
0.7506260869401782
0.6485544297578455
0.6452805093901354
0.6942033158485387
0.7386653807407876
0.7667115603158332
0.6589818667614129
0.6273760454193039
0.7874058343358268
0.5224959365313483
0.6643290292656768
0.5701685264161448
0.719537656728094
0.7309343337295751
0.5570039102428876
0.8365067867459266
0.707719399902584
0.7279410136076613
0.6985516039842852
0.6883440249584035
0.6823632306217351
0.6525731724867027
0.670522190680444
0.555721545846406
0.7275127190992446
0.7833718746011776
0.7215705916282481
0.6325427530352528
0.575529466459527
0.6742930234860031
0.80139475828371
0.8875835462280458
0.5957234073109989
0.6806439592754271
0.7858405511827877
0.6061938265329082
0.7546566033651223
0.7856815391425988
0.7204604558978934
0.8049032107977641
0.554416580065006
0.7442200151848931
0.6931072858920766
0.7885123275579516
0.7352396590161862
0.6194486975711798
0.7020550752625366
0.6539416466281119
0.6567187342800337
0.6110775508200653
0.6952089258522446
0.5116946208528178
0.6782573520659657
0.7683445627758333
0.704675045049839
0.6737144606141166
0.7390486428405363
0.7264850579185037
0.688099262399741
0.6487594353125772
0.8136981141139568
0.6630863630157192
0.6192800443225875
0.5971184093442915
0.6517708434215957
0.6719036730992368
0.8131890623944247
0.6535092502044306
0.7374759027265025
0.5950226290146298
0.7444517916991144
0.5221366300942862
0.7266295151522528
0.6154045728417373
0.7777746726597504
0.6871101483469267
0.7591020371532151
0.6807522679117355
0.6326947504187825
0.6709051799998724
0.7275684735968795
0.6535446920386052
0.7584365535293175
0.6254630396672342
0.6516564347947106
0.6249298700536646
0.7627398726297496
0.7781688631257017
0.7571466515776035
0.7198725335604471
0.6744681620058108
0.626027250377344
0.6592379886081446
0.6834607589653602
0.6180593521023391
0.658486631710167
0.6950336516599214
0.6038544936150356
0.7941129261474893
0.6958640169676681
0.7122342254661919
0.7349952982902157
0.7011938921793672
0.6876055742901953
0.6134406200613249
0.669359382806869
0.684732829472765
0.5690621901929199
0.6798663802472505
0.5474020181448854
0.800151919504113
0.5725616627749014
0.5353489657054022
0.6418967147574942
0.7804445049063297
0.6518167518088029
0.7436944191390437
0.6209005457823875
0.603275415679436
0.70047794135678
0.6283319017025161
0.6384173485248344
0.6411902865150447
0.7362836419182143
0.7077634271139952
0.6030204402927847
0.7945379788982171
0.6811800338429941
0.7190404419344469
0.8297933143659562
0.5838285009123422
0.6485497853203868
0.5624515663234554
0.7643774822447147
0.6499905135687497
0.5614431921562065
0.6577651261525141
0.6051139089432812
0.8261573995831301
0.5877913606921403
0.7137948763288283
0.7041933834906591
0.719877734444645
0.6063020019657931
0.7231345950970655
0.6370134482273153
0.623660560203624
0.6952048194859028
0.657037177530262
0.6089754570966994
0.8117824465218192
0.6547645733460158
0.584388080907874
0.7139211247997821
0.7187214155119594
0.6332494954441409
0.7347783830867656
0.6599249741563977
0.702165816676251
0.7516138843361773
0.6429614099777727
0.750268708349387
0.705800370243467
0.6991015244396614
0.6211065068960594
0.6405547903375466
0.6994873599656684
0.6388031068441213
0.6692971094292867
0.714763814369807
0.6882593973182614
0.8490795841510984
0.7052589440992122
0.667181666355062
0.6548732655243727
0.7946721284931022
0.5894893815631073
0.6440373623277988
0.5144973126625954
0.5771884266452719
0.5930831669505635
0.5581667728588372
0.6275273861879499
0.5672075506200899
0.6173716112281092
0.6188237988353245
0.7075473228185554
0.6357921758373845
0.6196304830258799
0.7816082404351952
0.7474642096564993
0.4976600300567973
0.5541490080640782
0.7092313669582039
0.5912394627533152
0.6868710374250198
0.7140344554268986
0.7084702423708139
0.7107661307739811
0.585731831697057
0.6895732154008196
0.728482748833453
0.7443326883757628
0.6207318114303318
0.6572986901877139
0.5820130991107368
0.7170636294701562
0.6275336294630024
0.8068034914746725
0.7393764712161525
0.6013949121977124
0.6231575243154904
0.7369018298055156
0.6886977915340039
0.4892340761524714
0.5504927932106287
0.6347455139945322
0.7322905684713548
0.679738818775751
0.740453842467097
0.671860947191655
0.718175174116926
0.694778354034565
0.5963548338173066
0.6834621520595316
0.7279712387870894
0.7255516675972491
0.575058925796822
0.6058383212075819
0.7097386564490437
0.6929613628848899
0.744600336401678
0.5500367794849124
0.6779855433717625
0.6166512111066199
0.663467795382526
0.5278245613784184
0.6300141832223612
0.7254519334760147
0.6308438915210989
0.7537758129335688
0.7555088338003477
0.672539262248672
0.7713590987083709
0.7093680174177907
0.652497070324984
0.636042445858735
0.6634950265541385
0.7111685855803191
0.750595870290081
0.6844194975405492
0.6828241107702283
0.5631210450956793
0.6432216259132043
0.7509407262095934
0.6228830688418079
0.5995772824460713
0.6432558512209413
0.7098642959824393
0.7275972220290099
0.5370927359181472
0.7055950352992328
0.7047460910384268
0.7436689316091321
0.797824654851671
0.7709818513682541
0.6793956573935857
0.8146584550213669
0.7137928797600496
0.6821153396032681
0.5902436944872441
0.6113217950663962
0.5458112659052289
0.5296139720432324
0.7028737943404688
0.6870737062544903
0.7404861122315335
0.8261023796662034
0.73527871843111
0.5846365678643911
0.7154366952303212
0.7591554544433691
0.6945077709406388
0.7324685529699921
0.6616381462779574
0.6064587500498425
0.5406823661832908
0.6446209141235114
0.6308947540034002
0.3734611607194154
0.5519066981721354
0.5715014102755908
0.5361500586117905
0.7701260261280195
0.6493762696331552
0.7581183842254534
0.6579213975888368
0.7250444511156381
0.5981948868836994
0.6545286685180205
0.6695389431826966
0.5790762313867002
0.6491810102692908
0.776350685703823
0.7127643711705473
0.5984609564496609
0.5920321827050019
0.678046025222185
0.8113057106353475
0.8635300903092987
0.5704207036194012
0.5835771986684365
0.6094158944234819
0.6251203889693935
0.5714925505845762
0.6580741754721517
0.6597070478541556
0.6758715791952733
0.5933734603298044
0.6011685563243717
0.6483463624322341
0.6867809867373715
0.740891525872896
0.6218613347322235
0.6462876717255944
0.7087226641616406
0.6421968183963866
0.6842866332052328
0.6593214050991488
0.8497536461932487
0.5790345610445758
0.6340671869302856
0.8093179161360952
0.728842871446618
0.7101291688646038
0.6397815193586375
0.5953399611211215
0.7635314931618313
0.6241559026832431
0.7032530829155007
0.6876430698231745
0.5725873940659212
0.6345466978163387
0.6812475220389334
0.634873461803009
0.6871086548347929
0.8038763425960342
0.64810566759426
0.6323383215283048
0.628898501748464
0.7253006354913764
0.6145240623131514
0.7297452813398729
0.6750144711527085
0.7095546170110741
0.5909342631774781
0.550073841683557
0.6235689984862196
0.7366869699248484
0.712264325415259
0.5856572742468771
0.6853788318406387
0.8110061223630747
0.7104412914296027
0.7140384343833381
0.7830118477014412
0.7373613945202797
0.7341088936662299
0.695677351985893
0.6494688829046816
0.6549797416582461
0.6686054374784808
0.6534721830637915
0.7162778743956548
0.7316028924806686
0.727565086840688
0.5885148831877364
0.6484841210611751
0.6354349523589984
0.6362242872824316
0.6738655236582396
0.6243130465301457
0.8049043177680084
0.6077484727026052
0.752656020137897
0.6606189161788785
0.6799794375220375
0.8372701979366768
0.6865666433702705
0.788151527564048
0.715470813785353
0.8356204764539101
0.6877923648780987
0.7157277415592216
0.563012467402905
0.7028448806493426
0.708893909784292
0.7803660997527112
0.5463271938497187
0.5963520825894713
0.746672212613336
0.7029525079065335
0.7212375945631201
0.5733756944773906
0.7836105365978252
0.6828124274786065
0.7408213295070962
0.7089761574721661
0.6181628291056219
0.6559637190353028
0.6626902923157904
0.5470296469194095
0.7544213688951814
0.6956521533512493
0.5151975325924483
0.5209145573715186
0.6835642957603432
0.5868022137283561
0.6196300128669769
0.7154325953825778
0.6805228097266026
0.6766976415163356
0.721433241900881
0.6406377653931944
0.7587826903159012
0.7018002971446462
0.6942339741193412
0.6358435763446293
0.6634111984979354
0.6248250611690411
0.6686118765276687
0.7569397409529163
0.6758389030587276
0.5745892777003763
0.5379102440717873
0.7041661539948066
0.7720643430794687
0.7135231536006904
0.6603933696080917
0.6339917591829389
0.6670774111698244
0.6668935003422004
0.7020804728416339
0.7722764226999217
0.6739725064329642
0.7065459344670568
0.6233285560795472
0.7672033028698203
0.6595865344003466
0.5416488447580005
0.7359954916698076
0.7111344672028503
0.7089018383320468
0.6857809360697383
0.5992516070679547
0.6166304611040688
0.7424965267647252
0.7836314363173505
0.5865025047976585
0.5072103464299786
0.6657030433020389
0.6405523017233593
0.6331911377693226
0.6450372059129278
0.6176572549009168
0.6844057064794472
0.6691006790968904
0.7126597610293443
0.604645997056012
0.6841311560843026
0.6630061916074584
0.6622266481942439
0.6722565259630547
0.7501380572025315
0.7011158922284911
0.6915535776493092
0.7232290916945638
0.6518321695789754
0.6163910133017341
0.6163387776812429
0.6853546454050407
0.7548489682218787
0.8121887989461565
0.6145398111411198
0.6410565792319532
0.7079208985296737
0.5950167435854817
0.7383819871128245
0.7089531196601974
0.7363593511017141
0.7195504335432978
0.8716536394783139
0.6519148785868788
0.702654384403481
0.640114162295792
0.7442036935069423
0.778798891943048
0.6455295910453865
0.7165674104438496
0.7994290554395183
0.6184486517707164
0.6059518010815997
0.7267756309475043
0.6164183221350843
0.6764494407621247
0.678727201467086
0.6209265153066821
0.6659028709937752
0.7048169280399766
0.6548065795861991
0.5744778740278957
0.7119690273260343
0.684691732193203
0.6851173318854985
0.6209046320034929
0.8458530920512238
0.7122572678861717
0.6801371458522079
0.6249662502706754
0.6316614890133011
0.6432626326047955
0.638196519150139
0.6422363278787301
0.7329040002532448
0.702982628558002
0.7337723848860441
0.7575505617104025
0.6212264892903017
0.8033772035441598
0.7253057960044846
0.6814739651477965
0.7283560465383931
0.5854781422740314
0.52296259998435
0.5855734477940131
0.6742961613258012
0.7199806680553202
0.5865959863706015
0.5776877489041393
0.7342326842163647
0.5829815759370064
0.7379703961496533
0.6552668338108298
0.6561920699594062
0.6658356335973074
0.6250017572076133
0.5739632822030775
0.7972507545031189
0.7199291222133016
0.7367070047468831
0.6571270888793616
0.7101795174158738
0.5618327653737194
0.7314865528092624
0.708615172049687
0.6091538626542605
0.6214496160741674
0.595411351709357
0.7237523137971541
0.7178861544134463
0.786895875917421
0.5380212481404661
0.7054729609926337
0.7292929336418208
0.6652787435305383
0.679675869076156
0.665358740419996
0.6906917841350216
0.6274312336742383
0.5918583464821842
0.7880832289884783
0.672943436901892
0.7400712970591905
0.6964621374201121
0.6133259252761287
0.5924343676316369
0.6467648790506112
0.7041910298158968
0.6282551737702706
0.7923356373493661
0.6180155810439177
0.5995417123145307
0.6495793608508716
0.6906586218595692
0.5925295115201632
0.6200065537801918
0.5828058723069519
0.6798676693828848
0.7046605339469295
0.7854932013964552
0.6503125857804454
0.7197564684164637
0.6266286510189565
0.6827221572003893
0.5979916290350814
0.6276029951552514
0.6276584648605505
0.8165807861985447
0.6917039424933864
0.698106401157132
0.6269293020707519
0.7830215451364505
0.6155236960706684
0.6814879961453137
0.6576252221324295
0.8432883056446865
0.7175531447107923
0.6894839298909295
0.6440679416502357
0.6913615485600426
0.8354137349414625
0.6086930140245225
0.7593776142953539
0.6757896367554675
0.7044792038095861
0.6662452792578853
0.7039022136486998
0.7625889610581532
0.7170274195167989
0.6971863769194987
0.6899459509723688
0.5667391431137987
0.672565344922594
0.786070190159726
0.6179061804933719
0.579422899919862
0.7123330509853886
0.6417432556322193
0.7665153754693592
0.6173986133404563
0.5968903701687112
0.696002757795812
0.7200549660887143
0.7166494541327683
0.6896864340127306
0.787514024585603
0.6598783378351408
0.7667166060863504
0.588814125526244
0.6202467679600797
0.6978029217156686
0.567614555608405
0.6666757196182372
0.6445218408376238
0.5827108065360673
0.7066997196510993
0.6237145152768809
0.7626861992386335
0.726021278996922
0.7522905267152928
0.7040276841351976
0.6655596096101518
0.7913519932908929
0.7066584785509082
0.6779371281083079
0.6620354694190747
0.6422846257313678
0.6691054937707099
0.7404665180242936
0.6542372953915319
0.6163053948715004
0.7599497965877852
0.7620789673245115
0.6565026664944372
0.6154537630504809
0.7348614490267279
0.7919707245684906
0.6523700648805187
0.7453551575206091
0.5655484631267256
0.6642783322318437
0.5775134009527428
0.5665179102126988
0.6622423358118495
0.567417861709928
0.7223643419756429
0.6648861887356654
0.6566790496816434
0.6930877857632475
0.697651154912419
0.6425268483788554
0.6780404574456816
0.7054564534890856
0.5694703407976699
0.7337842323374044
0.7048150414942228
0.7029746180521982
0.7095966769186859
0.7084744503170569
0.7981662136374934
0.7163391339773243
0.7696137355951508
0.644752536946016
0.8455982362494316
0.6462913857205124
0.7012171687711067
0.7095467909326161
0.7226165636814081
0.803029367645987
0.8000854743448386
0.6342265179272941
0.6339346334796361
0.6313860569914375
0.6486449732764364
0.7305459910616379
0.5694971820159177
0.6138035486072514
0.7447227230959912
0.6702174674368968
0.7654853159636981
0.6690724202459892
0.5684087291460413
0.6272914652675002
0.6339538062950881
0.7862753728913884
0.579411501238046
0.6674854813059029
0.6553750481708253
0.5807230074260757
0.6794644658138353
0.7544375148793143
0.6562693736566232
0.7449327255250835
0.6982922097027455
0.7737744949677828
0.6413639731438885
0.7753430763449136
0.6702978779473252
0.5247528482434903
0.6930232341525022
0.6635479963579635
0.7790640917945273
0.681350896303126
0.7358843252089979
0.6115458260344264
0.6540241635961518
0.7745082992295167
0.6738336993594757
0.6711329697893212
0.7712277161579381
0.6594104655573158
0.7053872528598211
0.6815904231222042
0.6632519574280754
0.7264019581024161
0.6436889224005652
0.7483581699566924
0.6885166177773557
0.664779006096429
0.6999222761594396
0.6769446491079067
0.7499006236207542
0.6721174022632489
0.6022160484087853
0.8409970806935473
0.7164707363103315
0.623988501121856
0.687237751882007
0.6789361065049244
0.8158079103755208
0.6502673589495984
0.7506235765798517
0.6642339997536885
0.5583250243353794
0.5732093366944088
0.6380278129266173
0.7305669084412262
0.7440216242145695
0.7325355588520157
0.6494877599611864
0.6747560244246341
0.7746479325690954
0.7082810544679106
0.6924459992912981
0.6256084903923099
0.48425235111620224
0.5801069924706046
0.6822565294198086
0.6597518670990866
0.7200584786050394
0.5850346548264719
0.6406877196175859
0.663197589873323
0.6636152296325522
0.7497916710210318
0.6611726629885182
0.7265762841806225
0.7819367661842426
0.6059292747017747
0.7515685550332898
0.6555873250778136
0.7461781979868728
0.6223744243412472
0.599833174294811
0.5725485440858479
0.6497213986478061
0.7263635845782538
0.6674351095763388
0.6489338618812174
0.6604291374119875
0.6404999311054015
0.7078098593233366
0.6611733313932828
0.6439082690919595
0.7163959339299253
0.6656232665355435
0.7028214598250825
0.620492736797031
0.7492133698934469
0.6613938418968692
0.6930413753559487
0.6491509522170172
0.7115353345233961
0.600889897618893
0.6666276357765432
0.6694739042403139
0.6234023952799125
0.6946144531374848
0.6841350283910205
0.666420568672516
0.7597430365049425
0.5787827329402039
0.7367557070554284
0.6243275229498441
0.6277721730561755
0.7464231055382535
0.7961706241332196
0.7584832923524912
0.7015038868756875
0.7910291849457092
0.6896095376834396
0.7042582237129377
0.6711169707038533
0.759333795744779
0.6333663536295552
0.6226319028658359
0.6767061115363521
0.6417466715730556
0.7265862740524536
0.6294821151847274
0.8344105114523113
0.6523314520662615
0.74134373545372
0.574443660932586
0.6535868541474598
0.7722616895685094
0.5902655163208356
0.6244035622025464
0.6340694498399665
0.6238025379670352
0.6941025291752467
0.6113589275680015
0.6783386250022535
0.7372790974053849
0.6665323707435775
0.738771847256715
0.7155640509211674
0.6859040804174347
0.7972411518300888
0.705033945710608
0.6468773640778249
0.5695055276193276
0.7500488128073265
0.7537929073859148
0.5856626091093049
0.7018484299417377
0.7835281905066387
0.7447787711311358
0.683110249244373
0.5967869902535664
0.690688982642317
0.7991713561514584
0.6615082255658999
0.7832473110410582
0.824743927779057
0.7121657944306214
0.6958415756906722
0.5812750089885818
0.8200420003409506
0.7816738720527879
0.6254220312069388
0.5983447922219717
0.6452243594180759
0.7105253402234077
0.7589666429143964
0.6568614288082142
0.6685096882132863
0.7799485744928523
0.621884669693662
0.6341232660458779
0.5443867088260071
0.6283715292854987
0.7234991592149607
0.7454922352831221
0.8062469380963059
0.6268886389857801
0.6138885107866697
0.7800738815333798
0.6737741539029624
0.6711672161014964
0.765235116865327
0.7457119247686397
0.649752090417051
0.7486987971458673
0.746170675250265
0.6249287593889222
0.7348434144165896
0.60727531616468
0.6352040023628052
0.6899126546415345
0.6034234268182862
0.7537683883077481
0.7122122934326008
0.6231825889668131
0.6727499704586658
0.7137663126755887
0.6706358503918132
0.7482938199157794
0.6644962415300141
0.7403812249341107
0.6701756719180342
0.6387616462668405
0.5997022969398675
0.6153546045194979
0.7919509066788895
0.5589362242980188
0.6946680702108765
0.7832234072621699
0.8390005729252682
0.5149818583292687
0.5750671411651284
0.7078086012237227
0.632565531682284
0.5706936241381854
0.7213250202563449
0.7491300252421349
0.6811551416174146
0.687421929474931
0.7454073935207126
0.7265873103342824
0.6720620390320241
0.6858260009052023
0.5954012986105665
0.5938148678678143
0.691173261722649
0.6206740621977326
0.7584933575822995
0.6665358915468143
0.6821846320622248
0.7009384763861481
0.6923082197996059
0.6619606434330428
0.7032997454560236
0.7002773677641948
0.618506939076482
0.6291217903126513
0.6557070025185693
0.7394486210792651
0.645378166013577
0.6263843316101436
0.6084659824659749
0.6552208937730176
0.7151137807026245
0.8307792600465213
0.6496093760096866
0.7754914031787776
0.7207337283376255
0.7663576248771103
0.6132500184230284
0.8067128750526618
0.5802794862681316
0.7030915015258289
0.6853136249015244
0.6992049875347325
0.6465405723534615
0.6567682951527708
0.658098328832169
0.6407171330892096
0.7236848911995885
0.7159527321252908
0.6951221479709525
0.6955985719272365
0.5543990261671402
0.7829764387213602
0.6612446645954836
0.705427566151831
0.6268487144192775
0.6150179933666239
0.7952098001622749
0.8032369982334446
0.6806267189266544
0.6876194502718622
0.7049759454149287
0.6463860704580737
0.6219947641440308
0.684207131911844
0.6291516958043426
0.6791470324420902
0.7319721524939509
0.7435614806470865
0.5949591724466418
0.7631550673292782
0.6550100099926532
0.7390732887032
0.6084153914857889
0.590086120188006
0.7158119240124053
0.8120890278164049
0.687145630451496
0.7051221279203403
0.6551924381607145
0.8288188193414993
0.656300328242124
0.5988920915948184
0.6201041308454003
0.6981948782207305
0.6944371868822697
0.7637886688478851
0.7081927115814254
0.7856805245403973
0.6843109980219085
0.6627109950033242
0.7544864787265309
0.6601622226635169
0.6670934799023301
0.6875978285117308
0.5593480319190323
0.7334271706935713
0.612596000690553
0.6894859728959406
0.7658161778381625
0.7274723367684799
0.5157893225519936
0.7100428957640814
0.586097865002477
0.5370398995673089
0.6489267994772691
0.7354462870103575
0.7286528373456095
0.6731390041590211
0.712698880068955
0.7661667970640411
0.791135962595406
0.6587422430156687
0.5664450646185705
0.8002905337494767
0.7479138155102119
0.7533655895788018
0.7493935026109743
0.6984878827662463
0.6972254781750398
0.634892530988312
0.7008779912707945
0.6492146833303029
0.5964431816868967
0.7477907481818219
0.5838852440599981
0.656315555562311
0.6870157291421494
0.6702672554370432
0.7342275532895661
0.6770943538272558
0.7316180873684277
0.5398655680724187
0.6505754613576747
0.6841606818493544
0.638926028565039
0.669408216876421
0.7285489743940534
0.7535636822684626
0.6761438620897187
0.7172572785936846
0.5889699763020284
0.5679224893432441
0.6404208781738299
0.6595360465485963
0.792157071153332
0.67290531028012
0.8290679192764411
0.6859757550154554
0.8165121533695163
0.7331028847227274
0.6047727625114521
0.6732665587526344
0.7248990601733192
0.6283152239564339
0.5635909059856081
0.6760760084048697
0.6923895203189725
0.7006297985433867
0.5800590546246163
0.5055990479850149
0.6254247636322907
0.6634717657210771
0.7641446243354881
0.7393782194713904
0.608755114412705
0.6831301528600016
0.6858404655507203
0.6466640716652947
0.5938851933095831
0.6124101773397271
0.7621245963011012
0.7554898467400913
0.795332943797135
0.6274350848662096
0.8660887517169008
0.5881460955737214
0.7207532504132852
0.6880520579990043
0.6990471862262594
0.6829210888305907
0.5736927461535863
0.7050944495535546
0.6682586403977124
0.6687097724706003
0.597745293344849
0.6721291945376824
0.7352628589466782
0.7240111127710213
0.6667144253491373
0.6085013504386647
0.6733123467666573
0.6683363988222365
0.7187486858231253
0.7896102862812798
0.7432091520075226
0.6652547311969971
0.6712157009095137
0.7498378708462978
0.7420410741275516
0.7127853016877767
0.7234916017800035
0.7252856025546844
0.6606720382640305
0.740474586149246
0.6818802099855786
0.6377076900322928
0.7589889862254627
0.6685715702199153
0.6678899606581273
0.7389279967469676
0.6396442863370827
0.6867238350326571
0.6942133386899149
0.7214050996306735
0.6659716854221415
0.6325259083620511
0.5863229713834626
0.6318671850025596
0.6758986354353872
0.7676350307008378
0.8688533577850052
0.6397637965923
0.6487317725729342
0.6890197039723621
0.6417922249281492
0.6759941948530934
0.7034008800089802
0.7012776934685383
0.6867958306112547
0.5485857794606369
0.7651232283680964
0.6108242231935828
0.6767720916644981
0.4936790114459289
0.6743140940216038
0.6201093014066947
0.6454092641582848
0.7102880619599289
0.6635441613225974
0.7335940420861377
0.6191134476538809
0.5632453938697692
0.6387265110874415
0.6927701310555285
0.7037126383321383
0.6446431232002354
0.7558339871861541
0.620161262258978
0.6905248186211534
0.7193938952995166
0.6484568340468901
0.63170854119215
0.63274258326309
0.8152752539252738
0.6333667471045745
0.6743666153114193
0.7076679130657971
0.5712736598339565
0.7042480733013474
0.5936651383765367
0.7890402843258233
0.7529775148857244
0.6431475075558066
0.709823114565067
0.5938701155109448
0.6564553263134744
0.6691064058801617
0.6539450258590973
0.653936285421595
0.6264277388930728
0.6910258587014749
0.687759129448922
0.6674292948576226
0.7458454825555236
0.7035598622287881
0.6549652644878097
0.6337783200424606
0.5580553405675621
0.6862216622408899
0.7273740222152157
0.6576697417926156
0.6695141854105785
0.8347936634499313
0.6646952921277626
0.614229916684507
0.709657324083565
0.5718009312409184
0.5894607084348612
0.6029274760833071
0.6889219309324361
0.849640022173561
0.6367019385619966
0.6156431948660886
0.6474097747064008
0.7099803988854563
0.7129734695133481
0.7501097648912388
0.6815181369334896
0.6636481007123314
0.6498291114762706
0.5963972661706856
0.6443308473361994
0.7475104724776482
0.6384479033515851
0.7206442470831025
0.6311334885634398
0.6975107558224786
0.6919828573209562
0.612362269805247
0.7061636284035675
0.6906716045764584
0.6148149914459975
0.7112384563262975
0.6959804408679865
0.5288418309446902
0.7636720914902559
0.652304574526065
0.5162386084217646
0.6998583273150173
0.7766635126695987
0.6934182368945957
0.7335544081234374
0.7180214735929681
0.7306333206756133
0.5459245260842348
0.6482677783989054
0.6285989380059613
0.8289967450977404
0.7506922954043995
0.6016040323243445
0.7353102418192005
0.7091125924330753
0.6963924054645204
0.8469103723225675
0.6147323905847119
0.6509328071316008
0.6095010803611614
0.6718234109205545
0.748288102803541
0.6579431844192737
0.6997195973087381
0.7000233374029068
0.6956553844449724
0.6593418352958728
0.7215906074306897
0.7084665063998224
0.6896367857192726
0.7096766067258663
0.8092284387450954
0.2442844611674949
0.716076561325787
0.8407495481340869
0.8263910582831004
0.6267807712180631
0.6666651299914149
0.7050297988184724
0.6740025520007658
0.8519794052719935
0.7908371912504922
0.6462840115506573
0.7414555990358387
0.707689258723239
0.6218065153593971
0.6838616117603898
0.8039380480094586
0.6585131748446643
0.7646253980998906
0.7145258040211458
0.6039749216671964
0.7035464115154427
0.6334193655036088
0.5787767660673396
0.7017517884843342
0.6815071069141219
0.6735015114166858
0.6727349312287413
0.44090267016789797
0.6060272325726502
0.7644421531936217
0.6309197628065261
0.730797758748289
0.74620545848362
0.6607874521931252
0.8033646797377988
0.66426494049812
0.6348705036204356
0.8402280238390545
0.6107691626510467
0.7236383608522582
0.6513259878436671
0.7244629370972637
0.7209194203956166
0.6373433558126264
0.7014239048950173
0.7653379974856671
0.6779938926653658
0.612462510076505
0.5995659242160398
0.7505081980835988
0.6537559485838493
0.7396929669379962
0.8013741843009252
0.625947529357437
0.712122468814076
0.576379148576025
0.6782050988160392
0.665600846855747
0.5160227061916868
0.6534598194294086
0.7058960072894961
0.5915182128792268
0.6398867916777472
0.6428959660409378
0.640084547288169
0.6294388116360459
0.6266452860376232
