0.7169739475775693
0.7254515104978329
0.7030667415112305
0.68579162420872
0.7255589724128462
0.7609782555883174
0.7504317576409953
0.691385452235609
0.7280368895035572
0.7192446062283502
0.7111467615656857
0.7583275872048482
0.728050288482311
0.7033583221752184
0.7210216142115755
0.7429681409762812
0.7187699789949734
0.7302545869544579
0.7633409560715209
0.7031911354659645
0.7006728435187973
0.6785196666314002
0.7363506696146129
0.7248854495462156
0.7397904290559647
0.7340861449182368
0.7601997239886641
0.7442673481723868
0.752323470130092
0.7255324294167573
0.7498440687918704
0.735409334500454
0.714388385001832
0.8096515999578496
0.6930005033863205
0.7502029410650859
0.7167618388540447
0.7358511119900275
0.7282520787020026
0.7219307808765034
0.6776743611707355
0.7343377085658251
0.6964308582924209
0.7467221634189753
0.7342320123203453
0.7741464826506815
0.755607428060236
0.7249591330909436
0.7211360524156206
0.7055867027759443
0.7120883605109033
0.7559326675624618
0.7134862981556339
0.6976338695306015
0.7255044228408971
0.6866562233098996
0.7450347344563322
0.7522857300828912
0.7218174053300114
0.8049767276004348
0.7003224734614504
0.6932781949239971
0.7323083562048273
0.7253788542143164
0.7461969781777651
0.7400354612694713
0.7388304067278212
0.7236741003595754
0.6845684286701781
0.745239751912947
0.6867655301438671
0.7478748593455872
0.6959092788371454
0.718379880708818
0.7581271189666726
0.6924657281060981
0.7272261207748295
0.6935059746366061
0.7545019264230859
0.7225859859530571
0.734628950034958
0.6849923181633732
0.7173123568971989
0.7235535008529388
0.7204347533820528
0.7417858262211554
0.7126121868224129
0.7550214148077037
0.7704712879929542
0.7515682190481872
0.7860815022540462
0.7594109567773597
0.7049247252725284
0.6816787850513077
0.7438315762385581
0.723112122695644
0.7053046276223223
0.7550769840953073
0.7513956085518636
0.7575404434563898
0.6997341010780189
0.6794033932714971
0.7234748893254881
0.761263568661519
0.7538026540112867
0.7631828928976802
0.7208990292736909
0.728513134762643
0.733400727438373
0.7100608098803072
0.747164331025887
0.7135964263701577
0.778341565444536
0.7341709296863196
0.726199390018597
0.7020139006370159
0.7552974753910595
0.7264624027223907
0.708942711035685
0.7494734829388731
0.689792365729364
0.7256239188210789
0.6872256703396634
0.711718746932083
0.6958348818437493
0.7373401679923626
0.7202101201404503
0.7219637141109468
0.7446815181664105
0.7701160626263812
0.7627393726910299
0.684815607542616
0.7507463524713682
0.743779011680762
0.7012806326183697
0.7572690570553398
0.7187942590797828
0.7289701003984315
0.7249882549321771
0.7582928904537184
0.7550988953382912
0.7204446054850999
0.7410399287882775
0.708058410000533
0.7384104007528772
0.6988099075866256
0.6923022828466385
0.7491090568097916
0.7467822473093869
0.7035761693193148
0.743346329098934
0.7213515984114125
0.7377064982629528
0.7095119062762548
0.7015064411190742
0.7106368122237678
0.7284793834539746
0.7415087482159215
0.7305842262880965
0.7321633440062102
0.6795393283740747
0.7299462344518326
0.738623916922314
0.7357726170597786
0.7531744951736732
0.7517041538796925
0.7202183945776349
0.7610239545856148
0.7318970989236997
0.7244462403479334
0.7154962775253371
0.7256336280938944
0.7458780702283817
0.6883581270462037
0.7477409396113432
0.7125469149704219
0.792945773917538
0.6863420975796998
0.7179654832972779
0.7445967575313083
0.6732213953250558
0.7243509310268935
0.6866569852862735
0.7268677029201474
0.7139141667458186
0.7083354058319552
0.6900054719061193
0.7097703830779984
0.7010083271234389
0.7143733381518194
0.7365444424142035
0.7158751625622244
0.7674279055963418
0.7260447360562114
0.7225736889135135
0.7312532319798092
0.7533660663154084
0.7116470562204722
0.7937321723515562
0.7678543372512695
0.7447187103552058
0.7320822026323912
0.7670487745513388
0.7678781687040972
0.6352941303558056
0.7033425123115834
0.7089669951582863
0.7027748730578238
0.720780762519636
0.7626805490019045
0.6864381998895327
0.6900452122814198
0.7278645065893361
0.7233990435672314
0.7013467217639291
0.7160617145049052
0.7439571516815463
0.7222206499380911
0.7006247049806469
0.7535557752960308
0.7021148920998607
0.7582684655555326
0.748372050959818
0.7271096466724681
0.7204809193635118
0.6881546247950018
0.7768905299716234
0.7454075437852136
0.7665892189536566
0.7142683567856339
0.7263142366146689
0.7422519256535461
0.7309164814799868
0.681115078444725
0.7371410818807302
0.7410679047366429
0.7236437701665572
0.7784405866983913
0.7322489854306437
0.7105945317380958
0.683833274708402
0.6732373927283096
0.7020597449582539
0.7208373550404739
0.722035749416483
0.7240770983589845
0.7493122424094156
0.7552203701701713
0.7435749328763457
0.7772023466891749
0.6926678670721848
0.7389303549987539
0.7418525785199388
0.7063650337687488
0.7838967861695397
0.7364391703579575
0.7242060345349615
0.7368024157791758
0.7202967125153968
0.7338458136147252
0.7123896096473827
0.7360088380922947
0.7126628759517786
0.6923771756302575
0.6809450708240304
0.7275806644045857
0.7195676326229762
0.7538134533223513
0.711249388506726
0.7062743680287651
0.7361755630660646
0.7384085823758565
0.7177798755554722
0.7712184655661972
0.7457263141392174
0.728484752226883
0.698964807532693
0.6913269290462306
0.7793366647238364
0.6965356508071427
0.7164411506280807
0.6818171876948081
0.7480867035575433
0.7010115741805765
0.7132397898184849
0.7148518109369347
0.8016681911430161
0.7329315089624975
0.7577739787144565
0.7173922913430145
0.7300481900930446
0.7221472523958722
0.7164705390837991
0.7025352581163198
0.7692243829695052
0.7033647515628922
0.772226099685004
0.765113008388213
0.7307563568063687
0.6913248167067304
0.7498846612935183
0.695820432317791
0.7153845470601952
0.7160588584046568
0.7158528502254891
0.7499420821356685
0.7833271077110308
0.7161667463107588
0.7011150580294442
0.7285320855715067
0.7084701670392846
0.745143282615903
0.722551948191857
0.7207474340457569
0.7635814093794173
0.7523686217186913
0.7431903344535482
0.7366603731556136
0.7412574879981179
0.7523956902919446
0.7371872673607733
0.7454690878964776
0.6962441760031365
0.7053764430719354
0.7262216785353919
0.747685837251303
0.7823905759285239
0.7497706527284262
0.7242981898582411
0.7204719089007113
0.709268443028072
0.737703245806798
0.7264065182991117
0.7344474766176416
0.7183504196249602
0.7047152551562997
0.7669546778284759
0.7249964189684249
0.7234217681617792
0.7927329693128252
0.7313605544088365
0.7376734361073372
0.7407620552074706
0.6909901807232867
0.7608522333049035
0.7198838579746275
0.7359123130284723
0.7263263895646119
0.7415092644937833
0.6902776549107256
0.7084294742884599
0.6926157345595341
0.7258261373028183
0.7102337268089087
0.7708324291344741
0.7325858938342037
0.7230746356100988
0.7594793784129494
0.6756328273835471
0.6628916766108514
0.7300578182823408
0.7307147578409341
0.7077641255928383
0.7110776758986544
0.7250339145876745
0.6936805980827936
0.7361443610505178
0.7252690086949979
0.7518866510280805
0.742915893294839
0.7039762892222982
0.7195925172149437
0.7343306853516024
0.6601668831432042
0.7441590028044248
0.7131869808088923
0.7074345382267115
0.7658682043543864
0.7418628302176727
0.7478761093176655
0.7090829469354071
0.7182060105137431
0.73250375436001
0.7306456448138349
0.7369740905968376
0.740284067111322
0.7243157910228821
0.7176740123198465
0.7054097555749327
0.7123556868647701
0.7060832326797902
0.6907835332608113
0.6991240965303782
0.7405849237455807
0.7091806008529995
0.6749267951921775
0.6852485790278614
0.7526499984527121
0.6910969823660885
0.7338626179139423
0.7231305226463336
0.7351533984144234
0.7257917092040641
0.7106538426959796
0.7190204408166053
0.7264035914944535
0.7444539309034333
0.6888156133277417
0.7690152941980167
0.7344417603483956
0.7678116366401796
0.7725970877953366
0.7321312109900205
0.7295217266109933
0.7144367566521295
0.7121545190223897
0.7388327383529931
0.6753609699373595
0.689457613737703
0.7385423281324637
0.7265806245137609
0.7032857187603522
0.714455675803735
0.7158411001106768
0.6928807068532218
0.7560261907078448
0.7656204004828422
0.6966982767075359
0.6808706974558465
0.7703912120606734
0.7591185701230554
0.7335887847396558
0.7092000475623367
0.7546363816805918
0.715176278443592
0.7277035261389363
0.7017829214187931
0.7485505275678678
0.740813618314116
0.7438667209199069
0.744915936943603
0.7192032946627841
0.7189367017353832
0.7307873737413935
0.753738048949017
0.706362034896093
0.7027840455570946
0.7297879312638041
0.7576994904259395
0.713177327804695
0.7308082719596367
0.7242425840205471
0.7169491693488361
0.7112836197069613
0.7414993934094743
0.773924178663142
0.7134392997560323
0.733453602429089
0.7377256514180336
0.7738842711657732
0.741238284112459
0.7232852171317503
0.7592198198675583
0.7595857140258104
0.7025697913096922
0.7099731286382066
0.7448301368397171
0.7586204075712825
0.7270212500019688
0.7337185364503014
0.7456289737967653
0.7484687302842278
0.6962348585620445
0.7729155192860057
0.6809642146763306
0.7016857684878967
0.7241605401181084
0.7239170724311325
0.7139686175080758
0.7062834965523114
0.7224229787477705
0.7309314558734917
0.7128481002390412
0.7358454118338795
0.768374905789921
0.7455231517274601
0.7194730939548357
0.7468922429730862
0.7279534910232851
0.7055687753006551
0.7612429237035062
0.7226960592355965
0.6983143298500284
0.7394739423446566
0.7203737399876098
0.69457446124778
0.7815559513091109
0.6879703814154032
0.6868487907700709
0.7486907528343891
0.7427440591823806
0.7353356256733569
0.7361930531258842
0.7164610826181849
0.7055923309081618
0.7123023361715859
0.7217038439571335
0.7058446495397301
0.6882827801335083
0.752946735382559
0.7004977931007031
0.7207510385617031
0.783927560157113
0.7556155478574136
0.724101881549406
0.7411639515286452
0.7481051542038252
0.7394573795291964
0.7324309501748977
0.707791752441728
0.6795912780280182
0.7441942308055992
0.7578786480216712
0.6912841265556078
0.6915747243346708
0.7124053057191267
0.737663532046208
0.7016010183128263
0.6944192342102042
0.726678984208738
0.7251481206321866
0.7296943874990027
0.7507967497623519
0.7542895974473912
0.656658032422035
0.7655688412964278
0.756898624794023
0.7377486620022299
0.7408498871004682
0.7402569877817965
0.7401015853571311
0.7851516368450598
0.7391370663505985
0.7852070378832179
0.7098010137187082
0.7265192094847519
0.7268494153221705
0.7070709788204969
0.754813057147798
0.6871118736704215
0.7028874334408816
0.7159020945714988
0.705851598549539
0.6617500228104332
0.7169301528003225
0.7209432892287162
0.6722673672202837
0.7113669432929182
0.7570602351320682
0.6875146650214007
0.7502668347990332
0.7054880475183222
0.6839572980182845
0.7587171619700693
0.6760795964567392
0.6855645027447798
0.7561136994417045
0.6856812554352775
0.7363313063213283
0.7386586050354151
0.7321769919975541
0.7453680352980527
0.7304340206111579
0.6826051567437416
0.7474801270810894
0.7188391127286726
0.7152335347981232
0.7103271867065024
0.7391559242807801
0.7395285759495318
0.7194707314826193
0.6977676517689398
0.7420388529797886
0.6768066537495531
0.7340704410910596
0.677624637332473
0.7174580518795477
0.7460075045829508
0.7509822320126988
0.739598777514459
0.7052044361813354
0.7014843792648893
0.690969136365935
0.7521458281733489
0.7166681466997588
0.7251694917299939
0.7424717042465939
0.7005496484694003
0.7391034672284927
0.712124306746219
0.6803413896431639
0.7492841389152596
0.6922584693817768
0.7145391264335579
0.7383643886857264
0.7195048244783993
0.7434900848236015
0.7134967867804455
0.7186989824193812
0.7663918387538571
0.7292218381466112
0.733168512856969
0.7220041430670189
0.6904987840935534
0.7513088692633657
0.7578163699591878
0.7453328898234898
0.7356004744902457
0.7680141306861813
0.8054921100676486
0.7498559950114412
0.770960878007829
0.728104455050605
0.7465082061696149
0.7177476557159054
0.7223149591838222
0.7353362613249292
0.7490411171116461
0.6988805697535472
0.7109780585730217
0.749108354438573
0.7131401173015495
0.7257619726821964
0.7482693311496564
0.7777306193009317
0.7527392989967485
0.7283021816276108
0.7243767727302806
0.7434957910105088
0.737249763215591
0.7266456533420171
0.7447476424866586
0.7567450506535434
0.7549610485716478
0.7627414554468832
0.6984248320840258
0.6955811011755269
0.7658686380972302
0.7458974600484491
0.7421591941720277
0.7227430360868181
0.7413014821221193
0.7543427992205802
0.7138204735360747
0.7268100225340284
0.7118281736354167
0.740352211631761
0.7700148382225598
0.6943383747831071
0.7349096428868528
0.7443084886774495
0.7529292856896266
0.7199005730203715
0.7206701284240373
0.7535372750559393
0.7049083893236763
0.7257065631460252
0.7506543340300244
0.7247605259874734
0.6955719765827437
0.7755390786767216
0.7007215950848241
0.7342456738824016
0.7503648769320108
0.7353442914276965
0.7161290445512469
0.7455574377867911
0.7285575694260544
0.7392096487138705
0.7172962757790651
0.695734330067947
0.7401479007788313
0.680304409450615
0.7399528602017081
0.7420306656267959
0.7240699084388236
0.7703903254779743
0.7180014782103735
0.6979449984801946
0.7612654715988569
0.7400674473673036
0.7176172140069543
0.7389410638858436
0.6720469617011077
0.7481557453647234
0.746680511419839
0.7361963133222239
0.7324664220779972
0.7224876897028925
0.6672348313654052
0.7068101600900178
0.7321350103553683
0.7037440164594816
0.7411890602370359
0.7285581281616821
0.7302639243951095
0.7434390073025194
0.7342619544260967
0.696017421979661
0.7328993786810397
0.7654400196707593
0.7058935351613151
0.7262465773178512
0.7130962124586895
0.7680842604036917
0.7266069634139086
0.7495944497714635
0.7602438561641666
0.742537177819062
0.7600089564537079
0.7489356888841272
0.7542885613249304
0.7170726405231952
0.717378590488218
0.714855219796637
0.7173347813180393
0.7217564136662759
0.7209844464499029
0.7121693723138232
0.7405280724204656
0.704457011985016
0.7184278059026638
0.7261791877037355
0.7225726854626213
0.7394667639436772
0.7291912423261891
0.7262897977923576
0.7478405499194046
0.7329032773543558
0.712290720567421
0.7685496031823971
0.6676506336229822
0.7192244313896957
0.743589151450445
0.6990002183749457
0.6924487626382236
0.7316279254839816
0.6891336267240423
0.7508450800220278
0.759733568190369
0.7486110603653512
0.708979702592185
0.7659751850156205
0.7430150372087135
0.718553019318708
0.7292154668284051
0.7394609325224591
0.752057891525825
0.7157516089819546
0.7209858986470413
0.7477991487139245
0.6836328334194028
0.7481078451639445
0.7285987437138416
0.6833441689646702
0.783538413084305
0.7574164214376686
0.6993327504072429
0.7158504264503369
0.7140449585068387
0.6805009104081193
0.7716231446388323
0.7262228224272604
0.6815234408400717
0.7181384136923463
0.7365057212924928
0.6731048734687193
0.7378142885494926
0.7153401820062426
0.7379823498298577
0.6733448085207063
0.7538813108207236
0.6843180493212364
0.7169481593708383
0.6955145084807912
0.7250809682393997
0.7179384321301585
0.6685738401148527
0.7247048222644591
0.7421931720546987
0.7445304630677394
0.7299543610856487
0.6918698098908056
0.7090232964150694
0.7498615139047947
0.7729052892582128
0.7445631769275248
0.7333813678216515
0.7498562613472233
0.7654306560391043
0.7037624811873064
0.781770670135745
0.6921208542881111
0.6845492039272595
0.7548426348480383
0.7609188185056975
0.7110380062628154
0.7248349198483272
0.7594470054517419
0.6913451410086247
0.7495736502609738
0.755352984149894
0.69993614539896
0.7487337347278414
0.7623263260760397
0.7541754505622015
0.6975468815137749
0.7196590755548428
0.7082635901184078
0.7201249649770045
0.7509834794605957
0.699381071415084
0.7233195658424204
0.6786162249069179
0.7320373792431933
0.7270662392836925
0.7053575365892436
0.7345761167254858
0.7176265259864565
0.721037610687372
0.7276833616111529
0.7647686917823631
0.7384518309134478
0.7656853030815242
0.7432055337914663
0.7679264161864291
0.7349587098548555
0.7232487350825878
0.7566308961192745
0.7082066594300678
0.7109475836752716
0.7389780739690455
0.7421215620329683
0.7605014500837126
0.738242696927348
0.7549562873506728
0.7699778476841347
0.7132805017729008
0.7835872996998532
0.6926747201937659
0.751058234525404
0.7497542826993318
0.7249858065651905
0.6973844097465011
0.7034328378699082
0.7327727611125564
0.7099116728490595
0.6710465022643878
0.7603513341690998
0.7209401613301619
0.7513089923766042
0.7490085059478403
0.7379900025869769
0.7284319181533416
0.7149309967807289
0.7191779105306708
0.7268930959618062
0.7428164383394926
0.7502903177868326
0.739257959375685
0.7264948382409144
0.7453231658308901
0.7175183478877234
0.6872857044879741
0.7381134250206274
0.7517303491581302
0.7330243381100686
0.7148578171744635
0.7257099942237378
0.710027035835222
0.7595175591340549
0.7233639395148156
0.6811992082096634
0.7444666789276585
0.7068313951834088
0.7072935505448767
0.7430384302499612
0.7206162086924877
0.7022958114441704
0.6737226062474637
0.7121294611301792
0.7412120645996572
0.7406562190109619
0.7128653320939186
0.7092757077352421
0.7717126630151467
0.7817213037485887
0.7196242862665703
0.7422696128166326
0.744870956554447
0.6863110635512957
0.7127226682653458
0.7159659658821127
0.7385532132886232
0.7575331388625282
0.7066052547466821
0.713427562819754
0.7093206197647698
0.6866022518459018
0.6880364756633572
0.6609282072504812
0.7863024854947145
0.7313585453681781
0.7430501936306996
0.6895473046897644
0.7636010639896844
0.7362349241922003
0.6850845773719645
0.7113040618801714
0.7308799377938668
0.6960413170146496
0.744230968442776
0.6932191700168456
0.7652446883802788
0.689622367267884
0.7204936458640712
0.7179292439081725
0.7518306548860754
0.7407592273650392
0.7175046577854759
0.7528344722588429
0.7518991355610398
0.7180927266062985
0.7514382102607641
0.7646450933143867
0.7108725789194701
0.6839643117867134
0.7366618020257688
0.7543575718724732
0.751091812410971
0.7441283880743065
0.7350700412812317
0.7157351973369313
0.7024864555010589
0.7796422770010507
0.7299082501144991
0.7143062134740812
0.6953782035014638
0.7071223754752857
0.6934438797403614
0.7403383406775376
0.7271621729441462
0.7446288644173372
0.7122533487508413
0.694944335390829
0.766028836791926
0.746243196734091
0.7504890921969661
0.74350550500573
0.7230506045544994
0.7131212125404702
0.7388681479108196
0.7630536130663651
0.6999680835864117
0.7645980549560631
0.6906478209302724
0.7103346544079698
0.7201979831479774
0.7287118979849863
0.726585467142075
0.7486023208887517
0.746984386660068
0.6793852110870131
0.7438007129555134
0.6908482091840196
0.7601824332047187
0.669931631945269
0.7350131543731021
0.7184386184588937
0.7348830093176363
0.7443347203672509
0.7360378387280406
0.7153315517001334
0.7322064575479268
0.7339607041314296
0.7689486900130749
0.7461283940800825
0.7083040323254706
0.7485503435619725
0.7025939632268067
0.7574325462537187
0.704852740565429
0.7059217758732489
0.7495929153836522
0.719673806054414
0.736065994294924
0.722086893060114
0.6871381722174474
0.7545648624526065
0.6882054052614571
0.6922547904779632
0.7176225107537455
0.7136964410569349
0.6982990419185889
0.7262545456821227
0.6719011354075363
0.6681099511809961
0.7461514191226619
0.7125108400651232
0.6884972362236748
0.7289067122942464
0.7577958235193798
0.7562046167658183
0.8059965697074475
0.7223496901732949
0.7298574408865419
0.7161331019506327
0.7073820325770599
0.6841827123314187
0.7790748318385452
0.7291864409092645
0.7510507121199578
0.7086697065956681
0.7270891697832624
0.721420489790449
0.717233329068372
0.7192806953346116
0.6973638018107174
0.7307482533610877
0.718500908195066
0.7404741052099332
0.7394350316517893
0.727750305035461
0.7264909497415171
0.7297066200497453
0.7007178405426505
0.727364566110598
0.7718862141848518
0.7245651493021884
0.7115397052796331
0.7325466949868021
0.7811998722525697
0.7247456727489523
0.7363628546977392
0.7216589921250725
0.7732627181990444
0.6891038937496486
0.6792957953732337
0.7189438779962539
0.7280860694404593
0.7221284824051263
0.7461121002447711
0.6917803509863235
0.7001535641070918
0.690060164026416
0.7526705525623943
0.6833402000638952
0.778104332029115
0.7316331921621316
0.7700140170124529
0.7521564195030817
0.7314648313780919
0.7456432023568559
0.7318603954954416
0.7311650563204758
0.6714620158885414
0.7378947459146692
0.6792300271703852
0.7116102467787959
0.6912869400056831
0.7344535767526309
0.7355980118965433
0.7255357019789478
0.7159143995770706
0.732276868518045
0.7344450544962943
0.7391053412146357
0.7099926435872167
0.773272880759966
0.7073726010631284
0.7744485746797214
0.7324776721719155
0.7372909507292285
0.676479711962305
0.727377726792559
0.7301679334165107
0.7481398815932601
0.7631921648618839
0.7767197587366862
0.7441617558757755
0.7451703012982789
0.7476058210663026
0.7322655295227444
0.7185107451006797
0.744253536247388
0.7274443515991713
0.7439346698634213
0.6661926656583458
0.7466629730387295
0.7191089642436008
0.6997244727937361
0.6964894383962348
0.7311044120070094
0.7204298052117346
0.6989913117995279
0.7035137707451908
0.7517855331434821
0.7024803573142687
0.6897669018823827
0.6874212464189385
0.7216258702291112
0.7421818067361409
0.7524082873423841
0.73722905963775
0.7358831988012409
0.724453394406422
0.7313213268832051
0.7721309334208882
0.7607979588669685
0.7136297909654635
0.7144346133600472
0.7384979844216881
0.749051866399068
0.6990404062786411
0.7316447989587431
0.7281723215256212
0.7300845533223459
0.6796010927991123
0.6852460065774085
0.7031793839503419
0.7083635157427319
0.6810961721800997
0.7410857720722368
0.7641854649403023
0.6989408769215376
0.7464374700910386
0.7587210249661371
0.7798472119687756
0.7395415626785722
0.7735386914594568
0.7443718376846659
0.6970835235787696
0.7291045232174874
0.764844162012707
0.7469934024274715
0.7024233833297501
0.7198490270398498
0.7108356494355604
0.6796613488449592
0.7507848209805285
0.6995357319613873
0.6936455710836616
0.7088792934356561
0.7128632458784272
0.6944728713661402
0.7338321889740381
0.7361463044988802
0.7312011603780342
0.6950619215349751
0.7460767353145669
0.713501938788346
0.7124578817861924
0.7414049465100836
0.7492212328995675
0.7362200652434474
0.7461445143591803
0.7296146752361004
0.7153444260183327
0.7020430117201462
0.7192819970362605
0.7026720576474883
0.7640392337538995
0.7087112110112195
0.7109014441853496
0.7171620940103441
0.713819422252665
0.6799314148213743
0.6927407232356453
0.7455464225015082
0.7369019674142194
0.7073468723692795
0.7436680499661188
0.7198764256825121
0.7177982560488184
0.7311815248726737
0.69946173084433
0.6953383569901112
0.680183263729277
0.6989320515335387
0.7400767487167911
0.7268679490314771
0.798314011512766
0.7546056596739826
0.7330085795775221
0.735088688716402
0.740045112451828
0.7085516160745259
0.7265879100586625
0.7040271572921082
0.7839772274725942
0.7313988813410398
0.7169322499264912
0.6888505376642935
0.7166566131533513
0.7223791338251552
0.7797620272927192
0.7356222762799173
0.72444918888156
0.7106327093762067
0.7378600031142931
0.7212437799185555
0.7168760306063546
0.7299615004921776
0.7002639467659676
0.7285488258419719
0.7224897056471771
0.66202526480965
0.7310760419093818
0.7326107810124434
0.7358727639907247
0.7400939380426598
0.7491882909624277
0.741541602720877
0.6932072112584422
0.7436103130750846
0.7157378470702787
0.7430107202024456
0.7448222842755711
0.7134498839231894
0.746175438667251
0.6960467435458763
0.6618620968803591
0.7267317763973402
0.7204413988957663
0.7335428044171532
0.7437157398895115
0.7655405897132442
0.7489367659544128
0.746395550634411
0.7322910581875146
0.7086307524388809
0.6885015359499566
0.7384505452606885
0.7189787502142
0.7348717049042949
0.7276021726524241
0.7171772204333952
0.7557643026409651
0.7023364729213917
0.6898668559884825
0.7324805522939011
0.7391852752926333
0.7147017476774312
0.7676244493494933
0.6935734862488283
0.6954752772832129
0.7463394328718055
0.7176479318952832
0.7557456012229717
0.717913502808372
0.7368502553174123
0.7159853694216971
0.7502803797153391
0.7039679614579252
0.7180586741656597
0.7475366250015764
0.7491527187535325
0.6986671799758386
0.7222395379331573
0.6855657198917112
0.7433866993819633
0.7599880902950766
0.6967347962193603
0.7222871427211137
0.7052563518470806
0.7501346851769468
0.755278597109306
0.6964228771020478
0.7499527975949106
0.7329575142542393
0.768374437691703
0.7160184913722953
0.737336215060202
0.7247702307823385
0.6932591499783404
0.7598496437253093
0.7691449907084756
0.706889876602065
0.7517886489684935
0.7228986694833882
0.688197043846054
0.775617922671939
0.7179245524825371
0.6992371390970106
0.7110159241262064
0.7384940226762645
0.707538084095814
0.7050825877941423
0.6521135142142932
0.6935904732342573
0.6839622108986912
0.7254321257820113
0.7172885051702892
0.7112058326625794
0.7303205866507904
0.7039577514034985
0.7488285707175798
0.7448877296605663
0.7451364456938183
0.6904092779322174
0.7101231852899597
0.6978986823747579
0.7004701930089658
0.735724176970984
0.7481268443958576
0.7109242711361415
0.7403133319649253
0.7465815908429346
0.7168820298029086
0.7005596972152262
0.7252175107181543
0.692706336410405
0.6833442940999027
0.7390542628104634
0.7375934693340525
0.7336360396442729
0.7203563854425832
0.7209725254089147
0.7161690322104561
0.7292150318742484
0.7694067997430214
0.7050278940480577
0.7135803310609438
0.6872903731679043
0.712131360493861
0.7433423039968051
0.7407574526107803
0.709212410185299
0.7095786280894733
0.7431368002960557
0.7426523725397586
0.7168788581972381
0.7700572920597804
0.7266468857958849
0.7048027405569244
0.7272012036016332
0.7315566640704365
0.7444219727212679
0.7254167986843373
0.6955528413517414
0.7048679457702477
0.7310594436769632
0.7210233533358036
0.7379454544196072
0.7381055331742888
0.7211443009897001
0.7229355634496727
0.6981055967501815
0.7507799667962284
0.7528341767255872
0.730795229767616
0.7097048648787689
0.7366252524266858
0.7832927446378077
0.732908714379293
0.7313509663495392
0.7766440010535183
0.6864128826818139
0.7297516634767597
0.7320702330459815
0.735485100553834
0.7859903189497505
0.7582443394138416
0.6848767388900391
0.7169524576468659
0.742742913565282
0.7527952848513035
0.7280694330204742
0.697766748990435
0.7481147198254522
0.7375612883362811
0.7508210103930489
0.7220329430042469
0.7210918887123051
0.7197282002138464
0.7167964368283901
0.7144798661428301
0.7141565610395998
0.7090969207233085
0.7356274908471839
0.740273989750834
0.7596480737345522
0.735102994494159
0.728039244892279
0.6936716049699091
0.7414664453393783
0.7441192115834563
0.7255344919952842
0.7058107505160416
0.7184237234361771
0.7354464614081145
0.7401354153940874
0.7545292834892303
0.7439469813401789
0.6991419686812067
0.7917599020386598
0.7278100398605869
0.7375591231959556
0.7421451245415854
0.6959795589387434
0.7547456910813908
0.7206376236464634
0.7188497670937458
0.76763418851687
0.7034624035346632
0.7002893731805108
0.7329579138951119
0.7162914323767279
0.6966906818797158
0.7253751178095621
0.7024964095571882
0.7374239740572566
0.7143891194487556
0.7390842484244728
0.7355425696774558
0.7194243576899275
0.7297839922023112
0.8040779352752045
0.7710131208029533
0.7532076813520161
0.6623265718767771
0.7539242253778348
0.6915253491670438
0.7011658475986272
0.7576556594699763
0.783521080631527
0.7158595902329559
0.7372134610087101
0.7353485917324427
0.7319740806153516
0.743786888647721
0.6770905060580973
0.7408045140717952
0.6895297988001671
0.7661520778982686
0.7452635125214776
0.7479678730434113
0.7625899415699549
0.7413937912285146
0.7562131196100704
0.707996013386705
0.7527442122855165
0.699689537532857
0.7615752085487086
0.7474291621529779
0.7569535168815271
0.7215614028417284
0.719971792365345
0.728954882717117
0.6972215069533445
0.7035608471742734
0.7496258214453696
0.7121787147384627
0.6904575121167319
0.7298056102020687
0.7159326871913851
0.7085581912830273
0.6998145427214828
0.7304103360801534
0.7620067577820638
0.7494553225754274
0.7233973395084018
0.7360571805977448
0.7483763699399797
0.7431367169938775
0.7030325170035021
0.7143954664582658
0.7397188081481741
0.7291986657141861
0.7533059193747362
0.7215342635099782
0.7484718287349007
0.7482620184116014
0.7316678395730001
0.7258391542861528
0.7317786834136956
0.7264317054958241
0.704597669886217
0.7052646264884868
0.7192832424602769
0.7254235794989574
0.6769374240862607
0.7478757482088625
0.719249945350047
0.7019395321622828
0.7001258813143805
0.7118920304065995
0.6843866460197244
0.7097373329258894
0.6971972436541702
0.738629662381569
0.7315591006978281
0.7369334373564931
0.7258612469338895
0.7243328537828712
0.6995199952075399
0.7563606063772877
0.7413242033764742
0.7043728579920034
0.6855189084875501
0.7775007179544591
0.7506665394583615
0.7229987549960057
0.7062571369283838
0.7339505336948126
0.744786448250069
0.7335712626904175
0.70799036402977
0.7188329296688256
0.7354815350007587
0.7327046114468685
0.703155648788523
0.7354269706232655
0.7191798886601927
0.7272837105705011
0.6971570420851511
0.7299500870800436
0.7477739723822846
0.6981192111265268
0.7272401620940435
0.7050141006112902
0.7306907059959487
0.7519949176651247
0.7278223733895056
0.7424175350004173
0.7188728062826478
0.7436207329890312
0.7151690610747439
0.7390296771004448
0.6917161791326981
0.6811025997480069
0.7107556949704308
0.7322209169441445
0.7522307764493502
0.7535465721419061
0.728935791875244
0.7390393850323449
0.7177753161428793
0.7211685790995133
0.7586622588021275
0.7120078523561192
0.7127053973135823
0.7278251627549156
0.7551717370396129
0.7110006790408342
0.7238836383777115
0.732738339470216
0.7523381620311795
0.7335930335165728
0.7738770039064475
0.7272874903661303
0.7743766408171845
0.7166765555524641
0.7138579707408544
0.7437617291084514
0.7427043895782909
0.706341033778926
0.7114669058554363
0.7463717867179513
0.7341119729666115
0.7698995708619938
0.7315675825425403
0.7911842025084053
0.71762481196514
0.8014958564202966
0.7034795959874236
0.7371244951497058
0.7758099668453609
0.7103347175707395
0.7563352218152637
0.7157574546362885
0.7100008911343908
0.7205320350262532
0.6904675000039469
0.7214847844366521
0.7507220780955058
0.7645482659362528
0.7520749371159103
0.7063138328130736
0.6764416277892515
0.7283975650220983
0.7244535288689147
0.7523837997443614
0.7364593281969398
0.7260871513649744
0.6404205408868725
0.7176252339209699
0.7302414288127741
0.7069274724111231
0.7221495115825405
0.7710007036050927
0.7105420241504015
0.7170790733938759
0.7315573332643748
0.7370561365341896
0.7053139837883977
0.6837160648462752
0.743204335871817
0.7030667911561235
0.7068814397559986
0.7599813419194075
0.7063198723421495
0.7467109529737305
0.7246471725423198
0.7723722704197573
0.7146097394058952
0.7843354251731526
0.7408177236786159
0.7295233257388897
0.7029686286952489
0.7176609118680788
0.7255223020505219
0.72803314686168
0.7548799186728665
0.7047820732919081
0.7011330088943716
0.720434790982813
0.6962251153799133
0.6794716857354889
0.7275695738523619
0.7086657628390107
0.7410153789043169
0.7074344370921118
0.7038844185972523
0.6802075820481087
0.7148170265530585
0.730450549446664
0.7025967660438418
0.7560952404194974
0.6973165277682438
0.7663038182406449
0.7456268121490017
0.7463196603025223
0.7388699228369587
0.7305766707197807
0.7246457907751254
0.6924010346493613
0.7529957484089177
0.6919311269370902
0.6935635644712715
0.71482054483076
0.7455582920729042
0.6312981782844173
0.6857007003693646
0.7102129225336791
0.7111152033785884
0.6899084736603107
0.7586306958025297
0.7381694841889276
0.695683139864788
0.7478428284371219
0.7136371733490363
0.7791482593702032
0.6940464836283485
0.7006604205314234
0.7288270448127001
0.704026132229765
0.7599333754979022
0.7443225071556107
0.7608175076569388
0.6677331346767681
0.7319865030677071
0.7080347741584666
0.7626289601677793
0.7650150202152631
0.7177677483784206
0.7457577617803601
0.7662651502327271
0.7793972095314776
0.7465806648087913
0.73470391732485
0.7467514770543371
0.7760609877590985
0.7519545681886022
0.7115465704667809
0.7767778962606237
0.7228232261011819
0.7425613389195564
0.6709767154251075
0.751352718615691
0.7023945110928299
0.689172466766591
0.7410438124463905
0.7036317371662737
0.6966335553073711
0.7531566817612145
0.6958532575227186
0.7549131731011819
0.7335196557480821
0.6667355713078729
0.7485689470355196
0.6781552394915007
0.6914993754662725
0.7625269029354311
0.7205848389011709
0.7315142995266639
0.7182853570408292
0.7459751206006415
0.742474737621448
0.7359537645437296
0.7433089849466639
0.7348898728396591
0.7445565831434156
0.725534629257133
0.7374889906723435
0.6765799867085133
0.7240858153805949
0.7100902806781958
0.6686395400004183
0.7381736975489154
0.7687096087854329
0.7861919863816558
0.7204895814398848
0.7455540880632132
0.7122496657658977
0.7392738118916735
0.7161431906460691
0.6945824060252436
0.7052586106592098
0.7391581270479722
0.7076038721445824
0.7392329042725077
0.7584795859474998
0.700230484278635
0.7685221901471281
0.7330954175486616
0.7251567481950595
0.6918130605646127
0.6841243166698572
0.7177912923485354
0.7079819764004729
0.7135386854296986
0.7314141619331684
0.7354247971299209
0.7227961038312103
0.7748137844801339
0.7670772533729243
0.6848047958157176
0.7244005664311
0.7004025131769104
0.7774495230943824
0.731680628631499
0.7573794665421197
0.7331563860558661
0.7485021619050646
0.683577780581628
0.7505712008287969
0.7173494896340222
0.6573803616249009
0.7812597509360112
0.7611193492896365
0.681804534813179
0.7253929038508198
0.6689678750636218
0.7287523335809102
0.7628145236966227
0.7097863199015978
0.7101821965263008
0.7468556929886813
0.7622460319341233
0.7172264060169056
0.7235010398076512
0.7184518403223822
0.7369515651357949
0.6878854848179528
0.7430330955424109
0.7502696975619361
0.7603187344354375
0.7592078756698136
0.736631190833252
0.7333857649323525
0.7428881155125148
0.7353410564327255
0.6988577529832577
0.6801278524912805
0.7125126580987509
0.7266842319139878
0.6439663605971363
0.6896811811546104
0.7414237017396923
0.7418471793200042
0.6676805631950934
0.7410143275650758
0.7727326830097269
0.7558558938555251
0.7536075408404382
0.6916431932533478
0.7545465781049788
0.6780280938096759
0.6652148003280752
0.7352193923574235
0.7092524387750622
0.7728276157207475
0.6985870033038173
0.7023534857040371
0.7417573474369118
0.7579942682497486
0.7295005088516628
0.7653227388704333
0.7341566618965045
0.7086691446984662
0.7259151718477259
0.7433027839401689
0.728014596767084
0.7361198417591271
0.7158907680832162
0.709520524606695
0.725996041839184
0.7356247758225811
0.721450125488385
0.7145802574258324
0.7528813529262135
0.6994951752954794
0.7017066087303775
0.6830439392603653
0.7282424716105395
0.7024651347641951
0.7548798700414107
0.736130266168272
0.7261604604566294
0.7466806787918786
0.7450201883522023
0.7251838543362016
0.7600355649105471
0.6753877566828859
0.7384220703694993
0.7251742324156036
0.7196334848812045
0.6618176278982849
0.7204367700184537
0.6877756287354502
0.7676330338100803
0.6976670313609671
0.7441977158396379
0.7480941648702665
0.674643202036534
0.6860887933942141
0.7475749069846536
0.7217402793517212
0.7436249585836787
0.7311973811643718
0.7313769021156664
0.7249351007506041
0.7193735083025989
0.7765552169733219
0.7238696624752258
0.6778798136769484
0.7191111275297033
0.7480992777762742
0.7255311468655958
0.7302186927172787
0.7440173185603332
0.7301654307085192
0.7657432963986259
0.7490635190643737
0.7298039790525852
0.7530187803698399
0.7150531263131025
0.706619609966259
0.7431657389339208
0.7569998360463479
0.7256432967856751
0.776097653323386
0.7678079504485938
0.7615088923596826
0.7186942475622576
0.687171344439613
0.7508313322495678
0.7677713694017505
0.7185539957443327
0.6856359903080704
0.7267617661192652
0.737634403959005
0.6841209049945843
0.7036757776701438
0.6774438537934024
0.7790533472203467
0.7197714161522113
0.7683239211326087
0.7307510409797323
0.7222963201154986
0.7166265584042919
0.7376756392177636
0.7393100738268797
0.7247491086025382
0.7154113096288479
0.7310581141768382
0.7227613012938039
0.7626889369678019
0.7558859821690949
0.7322540655547493
0.7393491727106436
0.6924973222787884
0.7208070605130672
0.7235715454834313
0.710984995492285
0.7501615846108491
0.6848032285714206
0.7305383277269585
0.7177062743362298
0.7577499604523549
0.7283084429230658
0.7273751437099173
0.6813621018459586
0.71678934731368
0.6909366795244875
0.6722164874310165
0.7611303610944307
0.7293614927788727
0.6809529482352434
0.7268298035361334
0.7721936803408574
0.7645137718630999
0.7602656857238345
0.7017855396938804
0.7334029927927014
0.7566173213388355
0.7423263450370295
0.7391730852575022
0.7273238137898292
0.715743479255108
0.7190429250994325
0.7192120295881357
0.7381473519604851
0.7129479070177711
0.7352839045661307
0.7414160271480841
0.7205012397820687
0.7487951458169977
0.7372167825899393
0.7188997740430598
0.687713815400238
0.7158658158421393
0.7438145949276552
0.7159498756997922
0.726630307365167
0.721459850094288
0.719418044198035
0.7522602846154227
0.7482360809500401
0.6959522409346377
0.7004398755448754
0.7781946975811287
0.6984047256739091
0.7464179477133491
0.6944827000923851
0.6907343580681747
0.7321167749227575
0.7208981096059514
0.7074283096649301
0.7006273811261543
0.7545636638559423
0.7001719229724339
0.7362534805833612
0.7512133688993599
0.7457851257689355
0.7131582782416855
0.7092202656543226
0.7395785402661554
0.7071668102269809
0.7107974228187388
0.6739925718669452
0.759578634498407
0.7566730467365115
0.7219233952726757
0.7550185075192423
0.7293629599678525
0.7422232479736521
0.7219842745445695
0.7164685670390416
0.7509254337026481
0.7319251939677986
0.7301078162524561
0.7101012875796643
0.7712129623103308
0.6655708039229506
0.6702509601126694
0.7673798333504849
0.7048634106988907
0.7889271364112748
0.7651329148979311
0.7410444998315241
0.7076860804766486
0.7391842525077916
0.7342018977795288
0.7468735419699617
0.7152645807101995
0.7453333214765856
0.7640034243800178
0.7691562115256314
0.7161302407036276
0.707672209464122
0.7166671174642231
0.7194809575880754
0.6633311163717981
0.7111549586199214
0.6972848598611744
0.7049747803301244
0.7419565052269976
0.694088307182555
0.7257576615702588
0.6980279439769106
0.7152635627869003
0.7316964849013545
0.6921283959439093
0.7535717761065143
0.7174080137964784
0.7531371670675348
0.741494907393567
0.742697726570633
0.7347723912211713
0.7405885172190159
0.733009915269748
0.7585355071902127
0.7347501998940614
0.719453665655768
0.7485836002589588
0.7531015405791708
0.7193029165705643
0.6780783484793732
0.751798459261401
0.7474419473808002
0.7486482954514655
0.7191842151804426
0.7136545984919924
0.7348583289465063
0.7593130462410809
0.7368548493128485
0.6996673220328333
0.7494718976656253
0.7576500377668264
0.7536163828068135
0.7756036374955294
0.742504849759123
0.7382754527376261
0.7373790367749293
0.6871531039951634
0.7361774057389768
0.7391423100641883
0.7152424626511525
0.7612773570012228
0.7848034205993318
0.6940409212439544
0.7098034305650515
0.7253009239293635
0.7279751540347258
0.7509781544413219
0.6894830245000805
0.7463165671751896
0.7096759668689184
0.7567769287910165
0.729085947135086
0.7420754608196893
0.7034423389808788
0.7300243021935247
0.777281173658477
0.7028089009845235
0.7193911474129107
0.7148282246407532
0.7273907745853953
0.7208022108219824
0.6977704391641767
0.7423956621319973
0.7292607891591224
0.7330525722790133
0.7408404272051605
0.7550321372450369
0.7315533712948339
0.7543830673140304
0.7210645313659606
0.7271178327316119
0.7390628184309225
0.7363788485406797
0.6926861510950044
0.7487810667222238
0.687882569299733
0.7488577871110509
0.6902718630569982
0.7275527634854383
0.7182117135110822
0.7145507657889102
0.7248368343093595
0.7102152754382299
0.7307568921549563
0.7234291246525018
0.7336486763621569
0.7599780876606246
0.7495504606552966
0.6914509558196847
0.7227870385735156
0.6791829349710662
0.7527172076538502
0.7370750809904315
0.7451135073330247
0.7395895781702198
0.6962671881128257
0.7032232387220233
0.7144244018972172
0.7455278698026989
0.7571971717557454
0.7106706957599489
0.7635394755043023
0.7551334910406777
0.7105848092989298
0.7410114213607492
0.7499313954829929
0.7267394452827679
0.6845392386838877
0.699982092341202
0.7329885603639044
0.7167290983938039
0.7267302877648631
0.7169139197659429
0.7761686581283189
0.741170608396645
0.6360568996171571
0.6873137775170843
0.7596664366348175
0.6949359925254105
0.7691523128217184
0.762115962990434
0.7592559897646409
0.7129193827494927
0.7051931780193929
0.7255955805598304
0.7280937873409367
0.7083261388314082
0.6985569886976158
0.7218645405028756
0.7380182699399013
0.7024488265711173
0.7327756210204013
0.7232745556284076
0.6944339321688568
0.7102743474409343
0.7268374375546103
0.7045291203666014
0.7348759027306144
0.6946780085085426
0.710116867081222
0.7594313152500631
0.7098257169556124
0.750519973811725
0.694513102790128
0.7646251769652919
0.7434821915143419
0.6899430420912464
0.6897939232000115
0.7034324881640476
0.7223833978273387
0.7640698580185579
0.7559748423922847
0.702290840476698
0.7503286078781012
0.708592706947159
0.6953018528380124
0.7467669393360279
0.7037772703278318
0.7083923993790603
0.7194391979625147
0.7103234659868334
0.7206488934054402
0.750380540573568
0.7345440415926499
0.74055303472393
0.814011524775305
0.729802505956022
0.7110859337436749
0.7633650300537522
0.7383481040470289
0.7753914116379047
0.7229574824452533
0.7459349940510986
0.7275393748573439
0.691914169400511
0.7196235741304068
0.7131688897388522
0.7235328398950728
0.710971793197487
0.7320348791276275
0.7579453482750006
0.7050463732965457
0.6573472056489209
0.678319530493751
0.6924470876991073
0.6755703789910121
0.7166840388432033
0.718805462709493
0.6899521249061841
0.6976373646875164
0.739404326849711
0.750592976459496
0.7122679106035444
0.6956370191013699
0.7420439261780805
0.7398372810126739
0.6953558989678735
0.7556888776521632
0.7394390932327201
0.7678474985335882
0.7234442985150277
0.7344749736457125
0.752833515168998
0.7223291038695152
0.7920512091123695
0.7011208899043635
0.7235878526839599
0.7996851704222634
0.7537732944463562
0.7197601971317616
0.6872669901121136
0.7689624317774851
0.7380874222207835
0.7498200879027976
0.7198193804006187
0.7000658370576628
0.7546816386817542
0.7310290490325383
0.7206696697208879
0.7044666170269115
0.701178107652962
0.7209174593821635
0.7203996434394079
0.743036973805528
0.7399475228838096
0.7079719795509827
0.7358392177238369
0.752929888364074
0.7020907766696126
0.791828746127908
0.7346610436125083
0.7072107932381066
0.6779764807445445
0.7196707258812886
0.7617373541459237
0.7235776867266105
0.7245153268941532
0.7613019131438544
0.7373325096544076
0.7107119407021436
0.726503952210362
0.7180453724692117
0.6612553935326329
0.7686492956437642
0.7311617118703342
0.7576745616549179
0.7524195996091392
0.763017847597731
0.6888178497241869
0.7643465523245248
0.692096162566915
0.7354306906913017
0.7098483224347277
0.7408399508922107
0.7241387843828452
0.6877363104003597
0.7144172872933933
0.7199995460280637
0.6601743421329376
0.7474382473645861
0.7238374954403327
0.7029587350049794
0.727026838374794
0.6945000661419983
0.7455035730795814
0.7157041334184288
0.7279555507686541
0.6876901634211177
0.7299768926946921
0.7318514624521993
0.7313648316948282
0.6794351988260023
0.7149613533830309
0.7162078353107405
0.7112268086238924
0.7447686950340031
0.7282231969442972
0.7362045759025211
0.7434431519103522
0.7623598976136657
0.7722016607401725
0.7298830868498951
0.7137682382152015
0.7118516449137815
0.7282372769017933
0.6954490802475937
0.7308063641730249
0.7190913230622802
0.6960811390050615
0.6982814338235603
0.7620925245226082
0.7232291635208881
0.7268312796885232
0.7063854729392017
0.7541855930720551
0.6930284634144279
0.742549597215073
0.7578788788907086
0.7207434336420814
0.6972797072031047
0.6908808689098301
0.7229093660623522
0.7277895861777258
0.7336092550147363
0.7671658000589171
0.7322732164242448
0.708217556397021
0.7680345815655835
0.7187261189338833
0.7225932748296019
0.7274669324526446
0.6979136606943029
0.7261232944020289
0.7079935809333399
0.777066040125824
0.7616730237809926
0.7159208579488032
0.6766367056986762
0.7167290426868146
0.7448485515165263
0.7475600105964453
0.7403197148647267
0.7751482025855768
0.7418349301652672
0.7812269996215323
0.7424664417774929
0.6671379339218932
0.7364355982802225
0.7175349762458046
0.7278551520419562
0.6945360829833264
0.7095820950544646
0.7592293207283344
0.7303240592737928
0.7494597798050352
0.7430837499041928
0.7313937256318056
0.7106808737484077
0.7405787631888223
0.7111991573398442
0.7285302276014191
0.7334937125581895
0.7749805722811698
0.7195928790906724
0.7398127840450089
0.7111165026236338
0.7134343626974394
0.7026604316301469
0.728484176276106
0.7907779402619582
0.6912525049842787
0.7207477754769189
0.7496739628824132
0.7212412563794077
0.6616391236224007
0.7558836775855485
0.7062342093651409
0.7193924254061828
0.7149766725439428
0.7457628036331245
0.7344382222235565
0.7086882893606743
0.6971545226798167
0.7232315980803075
0.6993068503098679
0.7157291444536785
0.765295881737512
0.7286046900157167
0.7157063047677652
0.7031999711741769
0.6997799060747226
0.7077454193517063
0.7438391855971166
0.6874079780148366
0.7375414799391503
0.7479371015816264
0.7051524211868923
0.7153983866527478
0.6977155759567324
0.7255301647970568
0.7573497822809419
0.7303827109132243
0.6996058104753189
0.7920242155676586
0.7113150736091162
0.7383570289807952
0.6393104261574626
0.7384815375647478
0.7190926845022559
0.7064459880992555
0.7317797672157446
0.7148362008019684
0.7530521067939571
0.7770463251195124
0.7162853718197736
0.6926160165587738
0.7473074633738138
0.7451050808768139
0.7201022297859677
0.7130039062345036
0.7184727979593726
