0.683863307350575
0.6143240332724883
0.7934536051789791
0.5189705869179142
0.8191718845860079
0.6347119811054196
0.6605673522114537
0.6726473311139064
0.607103005528408
0.6229296395392633
0.5492968545812948
0.7145824087967545
0.6873227399167456
0.6520459943308847
0.7761907724426719
0.715015146592808
0.800131072135889
0.7532736162998203
0.7060253560233346
0.71139314478348
0.5838169698947717
0.6720229394971498
0.6505727761326981
0.5986864878527118
0.7112288770553504
0.6834879983857008
0.6498068997973356
0.6791724235740738
0.5767728800704867
0.6067609568285163
0.6693379712110951
0.5368706842135484
0.7143241341445222
0.8451095243157947
0.7526570470434681
0.5769883129821988
0.6039421423698722
0.6831213803535187
0.5599444565448953
0.7074026507152784
0.7248776942630017
0.779732962399057
0.7162774026028853
0.6830201904335419
0.6322108191582462
0.6076299275675833
0.6982659994203274
0.6077666595996498
0.8004383932124909
0.6917248259952496
0.7425630469084555
0.7251653807820502
0.7398963962278065
0.5091233698239802
0.7564600688074532
0.7630889343947869
0.6524846217392272
0.765121463018747
0.6016063801207313
0.5487645198102102
0.6472855121409219
0.584977027257189
0.6128900170656179
0.6287427011345232
0.6670014651164967
0.6780113143936496
0.7541923011057159
0.6770600366187599
0.4977234639073454
0.7031071932941176
0.630695236829272
0.6398528452420504
0.727412716600861
0.548266083344822
0.7891398212775966
0.6004523809398719
0.649043189200683
0.6365132970054855
0.7152783279829438
0.7020191773793191
0.7010848979380179
0.5918645722810815
0.6795351593273292
0.6985839909694587
0.7234164506905786
0.6895269892104084
0.5874472770801852
0.6563075640099953
0.6656735491232496
0.6143701632179831
0.6302460702509015
0.6504297836071458
0.6198059894910247
0.6100048032256125
0.7365443358367467
0.8077838426161676
0.6309568439668296
0.7350333669740992
0.7510532717834475
0.7841117036722309
0.7042279202837657
0.6521385323068843
0.7493413265545048
0.5784749327635001
0.730418516194949
0.668067997745132
0.6570388102933258
0.6094719540499604
0.6282181198781762
0.6715555693885729
0.6287778530427283
0.5944755021731459
0.680971145670199
0.6934454235118077
0.7038014030692706
0.701069883583957
0.7103253316145534
0.6296403164201018
0.694540954234097
0.5915492368632428
0.6483866216672357
0.6877959879588499
0.796435360234308
0.5392107357584884
0.7240039224327136
0.6524366146011918
0.7064881448738275
0.7904752294806888
0.6324010486452448
0.6042502191474738
0.6968169045708715
0.7774803206426908
0.7349201734662447
0.5992420020202576
0.627836459329241
0.8013197796120021
0.5647261912732434
0.569281062280243
0.6229784759102135
0.7551653143299211
0.819583869272604
0.6170618663972377
0.7594123215229555
0.807407048686181
0.7132420728276928
0.6051845576073812
0.5966371491780634
0.7499008738281888
0.6960395992530759
0.6231474889531267
0.725569917397703
0.7504374125196678
0.6254697776098066
0.6432861503976169
0.632916500322913
0.5137069892091978
0.8608340091837656
0.6845144516450898
0.5856465538125041
0.5249923219109183
0.6240416001413686
0.6241559086786889
0.9409864936205842
0.7076015406729429
0.7103490668979919
0.6549052728599641
0.5632925232347508
0.773260197847152
0.5999045767279791
0.6213078947584952
0.7608919143020949
0.716550697677073
0.6089668779036913
0.5520720990903338
0.725656579490834
0.6476567052591706
0.7331923394370008
0.7686232572622008
0.6829592576454296
0.6650201421663547
0.5951060105614944
0.7172408072707197
0.8155710856346812
0.8529065878196749
0.7733747567507656
0.657132754666437
0.7135734293757426
0.6508348006946911
0.7349884202884996
0.5940631133848914
0.6711343421769511
0.5938866927149462
0.5681488744828066
0.7491953150162448
0.6562731002537614
0.6825491019249973
0.681454745530761
0.6143635411694287
0.6622758004833095
0.6753504834770191
0.6058837242087789
0.674621456933242
0.5700384564506505
0.648719165836619
0.716157120293294
0.6917348869095226
0.6743316175343778
0.8173673765181754
0.6285590853421192
0.6810183522549091
0.6250937800459146
0.7314165378324812
0.6955128136353363
0.6401281163491472
0.6831777315889839
0.7764942789108842
0.7123586158509436
0.768201774969466
0.6867351919995436
0.6978070401561584
0.6685995871188704
0.6353005030476773
0.7438015840738128
0.685222148816097
0.6278695352433222
0.6729990010975264
0.6417173595308471
0.6742436167361556
0.6232485382948721
0.6548231131645051
0.616242371582168
0.7301809345505053
0.7092790874802972
0.7070198671449185
0.7231142311903143
0.7072140006487824
0.5364828660328103
0.6670743443539895
0.7264194504033182
0.5891100818371693
0.6446092487212612
0.6402761892811778
0.6241534891051227
0.7033795760230632
0.7127124761417125
0.6800348896830074
0.6564415209568703
0.5460339487362732
0.5483195713641708
0.66163992397398
0.7735871948976832
0.6630429796165619
0.7128836958656476
0.5276480858532006
0.5519964399086907
0.8305731523188454
0.7273821988016549
0.7284137844069907
0.739274768596018
0.6082010095557652
0.5847479985495356
0.7608237058088086
0.4477119020769503
0.7477868395381055
0.7340341382421818
0.6714377420211637
0.5846122283754364
0.8043980212141074
0.6690750235260494
0.6564267889417922
0.8012594011428652
0.5787959683979715
0.6414145455377286
0.7259958086607123
0.6950451849667209
0.7974106066181328
0.6407322023729968
0.7930301710889608
0.8987640747534108
0.6626252081711975
0.6654208431819862
0.6471066561536226
0.6216270145980439
0.6918964195391921
0.7531667938195713
0.7108117619984564
0.6660303525403685
0.7840366040422062
0.7008799244128935
0.5549069594889798
0.79433040245377
0.5414208544148261
0.597989274251422
0.6093092148507986
0.6612808699182916
0.6787801888557361
0.6470705318404649
0.6320587856166162
0.633668841568135
0.6471133557179837
0.5898327065989922
0.599397075330452
0.7799465204221959
0.6093075526926554
0.6601180100763895
0.7037009493262018
0.5646951222477951
0.7290519654386576
0.7838274683283595
0.5649480995182888
0.7512538517839428
0.7804885955171916
0.6938877756971622
0.6355061427520322
0.6853347188701259
0.5560508250930482
0.6897397938420521
0.5829056089856537
0.7240412040682682
0.6062339435831723
0.6732784515812534
0.6988115717465876
0.7531955857059925
0.5869009147973014
0.7395708686505409
0.6484392679078917
0.7146448587195704
0.6596064591130956
0.674444899523436
0.7074132854221885
0.6677691918469684
0.6627440926826632
0.6972915226143194
0.6734655426548567
0.684048852183218
0.632151552977576
0.8135424280906266
0.5558178120146792
0.6126590031334164
0.6152913579181372
0.6885106313046623
0.7182156983381268
0.5814353939524688
0.7015585118240977
0.6518780225014741
0.6006348052260105
0.649733650437769
0.7371954409649152
0.5677368171667184
0.7379984011117878
0.7984800665023726
0.7019811378151702
0.6378098046210786
0.6291087599839428
0.7685849522868133
0.7645958543969288
0.7505811871261387
0.6973191782584274
0.5570104730868044
0.5713145334989552
0.654839820814423
0.6478778880864227
0.7067527017120314
0.7580566623473148
0.6064609326575099
0.6014725050864738
0.6083344562213755
0.6915977727424512
0.6575562039914813
0.6359780937862612
0.8063556368089528
0.6158938022183256
0.6477532999934736
0.6445788769214958
0.7684863815592422
0.5767268618316258
0.6756234660855268
0.7022895355396406
0.662075916881664
0.6588093049053065
0.6724612659190684
0.6542298842008246
0.6646412568559722
0.8011578714956805
0.601813923629285
0.6401063974228206
0.6946559320601514
0.6507694927753161
0.71656039312816
0.7301378652579515
0.7033233986277603
0.7283411340408802
0.6859411786474461
0.6044087014033805
0.5917331116419567
0.6351584664618164
0.7289649996828548
0.67946221767191
0.597265949691659
0.6413779159976709
0.7350528879513073
0.6874400981545384
0.6512316016970715
0.6776416969890441
0.723462818080534
0.7498859088998691
0.7772773777760265
0.7978271197005238
0.6683392840611729
0.7008126089078567
0.6579495993750798
0.7059978034692597
0.4634339541727362
0.7384471981944204
0.6521074292821996
0.5804095225004569
0.6967767197224242
0.7506541964027702
0.5392319505217411
0.7546642600510263
0.6541052707042668
0.7162969296431806
0.6657182865495285
0.7907526537275977
0.6383880147262166
0.7346666989221653
0.6718725228951975
0.70313588070647
0.7180052176762464
0.5354326171249292
0.6740413851704653
0.672297871435967
0.6611434846838992
0.622358953804813
0.6705496295383506
0.7465149177680571
0.5891411486853476
0.6620021289729077
0.6510236814895604
0.6929087017097205
0.5537881221126755
0.6430838908855785
0.6252863560362423
0.5897242449458228
0.5995755734732001
0.6908028611853837
0.811506371460912
0.7658037491660451
0.7279949405936442
0.6355566125788391
0.5791065400213226
0.6357112143730985
0.7721005719007336
0.746807705327763
0.7071026231677594
0.6909613695894565
0.5989614761578114
0.8306608478530736
0.6746426421466339
0.5277691102985852
0.6925044408998042
0.7637967636764791
0.6897969590648857
0.7480243153958538
0.7078857439764459
0.5795266669733786
0.639663771000096
0.7011637103758285
0.7282291828482204
0.674179076504194
0.7399628458656926
0.6097053659013434
0.6884008311183242
0.6419028182125562
0.6906717131670425
0.644328235412397
0.6369587401316483
0.7119711643244565
0.6262566174251953
0.7500654730502325
0.6340411210366446
0.6299550606641567
0.7111470471727953
0.7971973720907086
0.6397225490031522
0.7268895342893144
0.6980250190726826
0.640278550846927
0.782357547804403
0.7651286281046724
0.6133506790621692
0.7867630526573128
0.6663005766965064
0.6508865115307583
0.6933006514661395
0.7638647753205114
0.7164853973189841
0.7053631760430568
0.637183815006589
0.7363941364406544
0.7492728216386989
0.639992280761719
0.7544616230798249
0.6797355794128234
0.750558678608041
0.6676921826618325
0.7711197840553132
0.7894541605555808
0.6145315930389581
0.567368701294816
0.5226083407963266
0.6753179896077562
0.7759473383406068
0.6626574055657433
0.5771986520480739
0.6685143354539527
0.7323793199748653
0.5494532440703308
0.5368256934697158
0.7066713134745736
0.6977023833325889
0.6445359065953584
0.6862124327880146
0.6773774073782335
0.5706376581286599
0.6518923117692577
0.5483829544109774
0.707345762277318
0.5062548474786864
0.6485347167857926
0.7462544945035363
0.7745249471515772
0.6224271670855646
0.7102180486550138
0.6573665622738161
0.6892850431939004
0.7057911663127162
0.5990403469947947
0.7239675531065841
0.6894258593045061
0.6751673650239066
0.5484344758136172
0.7692435576204796
0.6947957684802545
0.6940199870657228
0.6121794522109938
0.5944738984073644
0.7505471873009603
0.7398517134076764
0.6453323689114053
0.5268424980555387
0.7256006967129685
0.6593980910894838
0.7805116541960829
0.6233096989515471
0.6869537047893912
0.7252961114701124
0.6758641577629668
0.6426843402046541
0.6638153455991348
0.4634036189911376
0.6073430886015347
0.7883813596792446
0.6462902765449716
0.6859588231520056
0.7410513670980459
0.6329763332450876
0.7437469519392967
0.6875501711647446
0.74001755651637
0.6990973625410661
0.5663127911519944
0.7916981316815871
0.6830319569633118
0.6995695109294044
0.7435775239640307
0.651855394432526
0.7005621288625022
0.6055396881005145
0.6466460000900236
0.7108124185576852
0.814706783424598
0.7857472885166681
0.6659237566991646
0.8815457190664221
0.8296822496812455
0.6962400891880293
0.7244188278063242
0.6501667396005874
0.7261662124538504
0.7287216293410175
0.8167956329586399
0.5416692544718865
0.6886263294263932
0.57548280891794
0.7244396332329681
0.622167253240984
0.6345650996716969
0.6582631898432844
0.6080871643441194
0.7599587863262214
0.7619361680178787
0.7220744914006184
0.6945989976527271
0.5845101667458756
0.7783732091355627
0.6478770477689475
0.8112045822600761
0.6396777832555385
0.7617336552109764
0.7809111601704899
0.7430778812118195
0.6709381416364569
0.6458301590737261
0.6864235655129582
0.7521517415628822
0.6094379651959412
0.669723362693372
0.634652867550805
0.8163908600652864
0.7588982125064697
0.7513442627254292
0.48385544950074366
0.5907281977030778
0.7911440553680046
0.7325000600929872
0.7968124670162045
0.7129538292420737
0.5939968666054835
0.6709452011534981
0.7585945334001647
0.5618411045705022
0.5911017297403549
0.6895081776145021
0.7765089447725243
0.6966869341044221
0.5598816007103822
0.7932260167662557
0.6641370703378086
0.6529789746486965
0.7267502506728465
0.6419730407958572
0.6178132744485821
0.762050090130288
0.6303963437663128
0.7565363011449473
0.6595501186302647
0.606451894722571
0.63885941940497
0.6428206684386407
0.7511586349320292
0.6241368835713031
0.9024008618664576
0.7120543977231805
0.590508292033385
0.7267839685791999
0.6945842055796381
0.5794219049070267
0.5592357467184756
0.6276348591750301
0.6390642937603084
0.6344189999470466
0.6609275098689222
0.7156154378951228
0.6436672450383093
0.6250733424746706
0.7426437211046751
0.5727019429863572
0.7166774408617128
0.6348793615935221
0.7626430360345546
0.7561034586221198
0.6009867590141368
0.7391946958136703
0.8465328293357307
0.7112724318715415
0.7184462702648153
0.5594426657138659
0.664139344871535
0.690362824937966
0.7050335765547128
0.7827458152004946
0.6232838321370445
0.6605667382660373
0.7481296961474669
0.5814050708202023
0.7506218571952914
0.6921483769897322
0.654593229054272
0.6552732199644827
0.6861491899715331
0.7175291582933147
0.6713512901657466
0.709917666266121
0.6544340547156785
0.5690624172109491
0.8386550528785541
0.7377750100235629
0.6340409310585582
0.6122818366061894
0.6608852580138378
0.689960602283522
0.5570779765647036
0.6217201030449733
0.6409973233674395
0.7328215532635576
0.6721701479440196
0.7274884052630234
0.7185510280376675
0.6607974927908774
0.5754354527654347
0.7058537120211756
0.649948337337543
0.7559570771821673
0.6968402751577295
0.6669301204419161
0.7158581399506309
0.6488372301259413
0.742969051696668
0.6270429148861079
0.657389489353177
0.6128221318578861
0.9200537820812688
0.6636884845374539
0.767232442028742
0.7689780085018783
0.6584371636646335
0.6261506138173073
0.6983699805231923
0.7326025327767711
0.7058385425694375
0.7155937355013613
0.6200586889348734
0.7231858490945351
0.6612156708251461
0.6832788628669066
0.7772533887196993
0.6920609288617698
0.6242287008635303
0.6998161120093672
0.6765114232292739
0.5696815538480933
0.6246000412704275
0.6900271334267514
0.7245611821053913
0.6975049079044289
0.7375939049541183
0.7678594156423122
0.7678904582068093
0.5768465640772801
0.6287988662005085
0.7376616654356379
0.7646637977646744
0.6179010962282122
0.5901628975478259
0.7267062418739327
0.6223355550834317
0.6567211828754543
0.5633418065374547
0.668159613210829
0.7150084301231207
0.608254371104921
0.6738377190761281
0.6222314231569313
0.8337085568038731
0.7017528803562528
0.5307225549882137
0.7362844917873878
0.6671746782054105
0.6668232518767027
0.5514109916974952
0.6348827092128722
0.768505500280328
0.769426724424077
0.6174843088088199
0.703673577699909
0.654659821066626
0.7176894475454476
0.6931934069195194
0.7600532745308854
0.576912503340034
0.6050220991232164
0.7590915989499208
0.7385742057962309
0.7398692316236323
0.7194246452519563
0.6982028114579321
0.7927333908035807
0.7464496507705048
0.7754446849706086
0.8319454816669718
0.6539347013948922
0.7389543469199124
0.6252059570166167
0.6089726543546851
0.7452141834717751
0.6366685384092685
0.7116612473477347
0.7295636212252768
0.6868591929945541
0.4332646727621704
0.6480657972832607
0.7305223289387636
0.7397993376877464
0.7072644739370263
0.6500167593532299
0.7050612440686724
0.5975308032172877
0.705315223826369
0.7335275641983263
0.6900674027167455
0.6344286450392699
0.6151233869712455
0.696949459533664
0.7590332364591701
0.7540374062859563
0.6776497059961195
0.5516064450738035
0.7306726184090578
0.6436693492689277
0.828923554699952
0.6166153983410352
0.6085628200359849
0.69481195648902
0.6684581701176081
0.6732753181708377
0.6434289742746524
0.5692083131255596
0.7817149142428695
0.560511189107752
0.6694318773069329
0.6834237204693614
0.7152520105368906
0.785608209632469
0.6753350510198939
0.6737318335165919
0.7187579105405539
0.6625183337857712
0.6371945755571792
0.6206107314069141
0.6247797983737738
0.7921066348817958
0.6455393151135169
0.7390048507950581
0.6052717384889083
0.6220853586087076
0.6059574737955269
0.5506303581983847
0.7799673942244297
0.6409851231600131
0.7305945705741392
0.702886096094945
0.5749657147320225
0.7157031450044531
0.6613973600578209
0.5113067140658091
0.5894859314025696
0.6996174774873354
0.6589173611078398
0.8201133336229609
0.6028972328977263
0.6821459281966201
0.6371214202633627
0.6881380641135721
0.6917563752246512
0.7513095059694095
0.6992418031500223
0.6460235270132536
0.5095595444985953
0.6679054719468126
0.679387189226901
0.7853097384880395
0.9047725593062476
0.5989675835036495
0.5722956668071859
0.7559191061595106
0.7934708395795261
0.5701239442731999
0.7302855235959592
0.5864269664908275
0.6476592431174772
0.6799585411316168
0.5747776190717743
0.6817332065180159
0.48401635855501723
0.7685081219349439
0.6241176540431111
0.6204284019436284
0.5970078333364768
0.745050075374449
0.7719553755588668
0.7170666746991948
0.6229879827090982
0.6818567434934609
0.5835620833078385
0.6073681476344267
0.5162340802521291
0.5927965039451593
0.6017792653816294
0.6547631272173824
0.7693293126628538
0.7091548340965769
0.7359990230366145
0.7636935415404367
0.6377456549664711
0.7189977441371288
0.699783769420318
0.656848237420878
0.658839275905336
0.6550940049040112
0.7166774833410071
0.7587620779280148
0.5998672989507814
0.6779637186892992
0.6508619613973491
0.7310191825322286
0.7345106972231649
0.8034117562065731
0.7384737785810642
0.6388759567197774
0.7114446149112106
0.7660551090992859
0.7020747077792708
0.5068607495523713
0.6869132047009688
0.7591564722026053
0.654516212182166
0.5315681307526993
0.6946445373075201
0.8424754191223156
0.6530830129699912
0.6934415599091436
0.556553794194093
0.7050843667150368
0.5782804911710332
0.7627991425092034
0.8193918124622688
0.6115025783219634
0.703473957414726
0.7311145383033112
0.6772480439093291
0.588203214443481
0.5549403903540804
0.6314804733306281
0.6864468339008192
0.7337648027760265
0.705801529327696
0.7219711171855564
0.6493275620113693
-0.013576995227400879
0.7208054887038885
0.6757303688481147
0.6569383780031678
0.7135175856198531
0.5778951456663016
0.6325707891140994
0.7021355584758564
0.7062848311907737
0.6920915231739407
0.6793057194224907
0.6548283571527104
0.7230281613687305
0.5573776534865948
0.6896346768200188
0.6102758264446522
0.5966826873185446
0.7003718694707006
0.6824090992513722
0.6914300560462413
0.6794055723666896
0.7065374272506253
0.6118197993796566
0.6298777115332271
0.6451030212983437
0.7687982313684528
0.7067543167168285
0.7243729481948196
0.6707468489851269
0.7562245719309028
0.6027542017074465
0.7638532184422588
0.6099135134650906
0.7984883382601893
0.7710304162274412
0.5501107041519029
0.679542920486628
0.6861979462632148
0.7238034182520596
0.6357887048933288
0.6430168916523127
0.6775001337590217
0.7872193068150543
0.49593049776814474
0.7831314834280955
0.6407078523735202
0.6805227951485446
0.6507240970043303
0.6834042420861426
0.7534364518259569
0.8115266278613499
0.6257181684325613
0.5614342257383179
0.5678768992523126
0.6882366790855396
0.6551610009077105
0.7961665657297968
0.5994422808064164
0.6805361234797025
0.7028347408036457
0.6477976081842637
0.6384046787045555
0.5419154674684546
0.6365312525765889
0.6992942381478856
0.7149508055292887
0.6375885347213419
0.5994271441093751
0.7393421702143796
0.7431527997458007
0.6230030136283483
0.6602720117033661
0.8536416974403718
0.7017737540393086
0.6604051529522916
0.585349743677858
0.6182608675408138
0.7490072179498789
0.5753949263318078
0.7942926662364018
0.7295191684896449
0.6924903969060553
0.6337992534363358
0.7565467721254252
0.5317086515083022
0.8471743966815047
0.6303440591674018
0.6479852376845754
0.6906602033392888
0.6811748271551323
0.704560697468288
0.7311280177855943
0.7659322367976598
0.7399531662715224
0.6898438469525296
0.7643384939666742
0.5648858096536905
0.7590073860043876
0.712027923770545
0.8236383588537461
0.5880924447229224
0.6377908895955198
0.6896065823155626
0.593342724380451
0.8198215294936892
0.6950978301834367
0.6443898536725791
0.6602415341677563
0.7551122090084433
0.6028349734066644
0.7161293477012038
0.7331295757705951
0.6018370316184932
0.6974867553413048
0.6505236349511319
0.9161816494548859
0.7157378908213772
0.6070234404357638
0.6832489039062889
0.7118507346975355
0.6378867409475748
0.5495940121222381
0.6372915069195227
0.6478611095530875
0.6326980113021602
0.6802940639003051
0.5894089914441862
0.720500703562052
0.6892357645437068
0.7124257252814659
0.7399372684236761
0.6580276689095371
0.7978841792988135
0.634599857268823
0.5297451552097208
0.690255928413973
0.6401928999486103
0.7463042615042867
0.6564126724398792
0.6531619035008408
0.703009650782351
0.76357835271961
0.631629413131652
0.763011965578622
0.6859182929664978
0.598630239063
0.549975373561436
0.6670111632823229
0.726563095146536
0.589101976737698
0.6459630500308459
0.7175750373742369
0.5477099734843732
0.7066006852947244
0.7439584342928491
0.7020216048800018
0.6687357340722313
0.8195678305262509
0.5931822695717442
0.5366123483080659
0.5293178384680676
0.6998380950233304
0.6662161459810503
0.6886396605666217
0.7014420975274673
0.75223453223078
0.6496225801401595
0.737042967151707
0.6480130612899011
0.6544597205875595
0.6814393945327816
0.8253852879996899
0.746448098687682
0.6771320818480587
0.6764440562908738
0.7180377435354179
0.6409974620574383
0.7258398421832066
0.673227821148007
0.5053359846429304
0.6756232112899921
0.6539133772872979
0.5031717569933539
0.7329981723921568
0.47385816145647003
0.7870319958136192
0.7454178968756138
0.6408419480284347
0.776966620273056
0.579678323369393
0.7730600205898158
0.6765757757415846
0.6542153286982514
0.6469493091895574
0.6909908741472182
0.6718718617783603
0.5756242473153108
0.695890381001505
0.6233985084541951
0.6836528248463707
0.6703548273535983
0.42931699070125473
0.6561578474642401
0.773957770331745
0.5681705512331611
0.5541910177764339
0.7631539809660062
0.6533950713868338
0.6702408284133176
0.8421631077422951
0.6005514732883876
0.6935977762663236
0.8757277320853945
0.6237016921880866
0.6668945448725953
0.7343979566878159
0.6667488397363197
0.6791509136153674
0.6943750876690102
0.5857840226135652
0.5908134400770084
0.5947325831553035
0.6382269657713532
0.7491371683211656
0.5883812428662291
0.7083084151608112
0.7912043040692027
0.6418696424968227
0.7278405491252105
0.6464360618867068
0.7585464163257138
0.5711534023446332
0.7624488585923647
0.7225860545766875
0.7087531474158967
0.6953285946559462
0.5971130538973396
0.5460652343205383
0.6017021629457844
0.725876215167974
0.6078684827818059
0.7765186947085493
0.786027092011274
0.6948882655789547
0.6707504840869999
0.6663385118421471
0.7220152580575236
0.7736439830074721
0.6870087587064525
0.6782214328467181
0.5462833443704276
0.743050836265777
0.6929575015606861
0.7077392266715332
0.7383870369210911
0.8046632136709746
0.6416987251351617
0.6204119471666705
0.7043963553626985
0.7208989698491693
0.6448114720513717
0.6988118281672803
0.7481535347046362
0.7606544048503876
0.7045095345196659
0.8665481351826271
0.7073983979921679
0.7241033193711296
0.6796744274392025
0.5991670013745394
0.7718209111339451
0.6620574387036381
0.5820715422799501
0.6997947346623808
0.5526304069378818
0.6132513997174505
0.6509475914009619
0.6656729452122572
0.6665937081152489
0.6543897351056
0.7279642400440746
0.8043925197318124
0.7205047416963799
0.6607234714323512
0.8128908658021519
0.6213982578388981
0.730859496308673
0.6917591549549446
0.6724022467316956
0.727396883957615
0.708257631995025
0.7028252261136372
0.7179425017452675
0.6874878409619903
0.7904298949888064
0.9006199693499506
0.5797630314187255
0.7070236232602344
0.6508059781772562
0.7626125090283264
0.6831187214802158
0.6590910222753052
0.5635946888172331
0.6145435577229509
0.5946647105517301
0.8078808390363068
0.6715889038795954
0.7625297536676809
0.6735059584065759
0.5460525324903731
0.7453346724827045
0.6798670859687307
0.8053943280111822
0.6477731119778235
0.7652928308743248
0.6351896245682501
0.7977197167122159
0.6922368310155882
0.695893690240822
0.7077926976787827
0.7175744746172672
0.7058359695123466
0.626427236308834
0.5713330918077089
0.7622657997219081
0.6839365448507272
0.7015784042411651
0.7098573378377574
0.6155374840522546
0.6701090452384922
0.5198308007059884
0.8314500198893111
0.5696807665390055
0.6137755295835214
0.684983381317593
0.7496575055106323
0.7714427727031042
0.6526758983440228
0.6454463852994188
0.6122181677380084
0.592400610188425
0.6898752534891266
0.8502148969887291
0.5545764467390345
0.6976897001073009
0.815296724920351
0.644513854636135
0.568334256418598
0.647274829271281
0.6603402237285511
0.6195505600825308
0.6241076743174854
0.6217678446199489
0.6064038251507924
0.8061568670607009
0.6540702704864315
0.6284562896187796
0.6306215229842842
0.6139173128184824
0.5817436336531531
0.7089461393972618
0.660340874940265
0.7194937428124866
0.6020732821473462
0.6445780915117809
0.620760397463373
0.6712827400699234
0.6123165028789904
0.7689880607905187
0.6682438806974873
0.58993324779063
0.7529415231485521
0.7167682350879196
0.7184108125959018
0.7681756348657941
0.7205536867033758
0.5822174445978056
0.7372951568331662
0.6817542208049567
0.5822951924426981
0.6121317331112247
0.7464058281264043
0.7028168913975004
0.6919144876824544
0.7999336210161281
0.6872399421803003
0.6563317074338905
0.604026774401382
0.6156045414068659
0.6657903878107704
0.7255146748561506
0.677007434106772
0.7317877164940686
0.6770015414951768
0.6648377902083072
0.7584102371445912
0.7520476602129628
0.7147204172420484
0.638865163423346
0.7840964677167643
0.7548333559313369
0.7639684059087475
0.5514977482111764
0.5858175417264765
0.6107039893800489
0.6228706880972673
0.7740506864624788
0.7110685524570857
0.6251279027710143
0.6644601169118755
0.4442126304590414
0.6918218871439388
0.5601484353119157
0.6607115304023313
0.5761170557159642
0.7263592735404065
0.7378890706237772
0.6814268761378073
0.6804229983595479
0.8162767186148119
0.6673839111029723
0.6864083750381886
0.6933480256305861
0.748962872885363
0.5888137591720609
0.6961253797015204
0.5639988456447915
0.7571921505936817
0.6791288222369921
0.6361686776669677
0.741420940953966
0.6629814113947751
0.6849371008785888
0.7583848417627865
0.6344570152018575
0.6572904381880958
0.65091394267379
0.6388709550385263
0.5941490278696382
0.600845901991715
0.6317718411777529
0.5660749271195435
0.656880300401958
0.7610523048666618
0.7064781648245042
0.7412443471228494
0.7265633301425266
0.6418122637292661
0.7328447151910243
0.578773301492789
0.7583207717224472
0.8964036737881308
0.6931469228763256
0.6047335335707503
0.7179920148132396
0.6460855394756826
0.7590100492750628
0.7404370579390045
0.6656067884169626
0.6306801765927352
0.6486656594628374
0.7451516788473272
0.8088209079098589
0.6891806048860482
0.6514728853060178
0.6112937334923573
0.5767780791358214
0.7547441018363586
0.5515850624191181
0.8605860857676285
0.581011627314854
0.7535520946929233
0.6720553548783057
0.6836239240012666
0.7150584760647023
0.7147405939369957
0.7911485773155009
0.6032260135771517
0.6851382739669232
0.5656058884969195
0.749785797014226
0.6951515457419871
0.6759844375059957
0.6644456178204721
0.7572358911127683
0.6589927742309435
0.6452070050090106
0.5337927326094405
0.6957757105234995
0.6222853603131235
0.6953679652171001
0.8323251570189591
0.630641708096838
0.534758021104618
0.644116526975243
0.6874384827829529
0.6923739794125423
0.8649703468370478
0.764277836499595
0.7030664392291075
0.7250810273919086
0.8273507178162488
0.6317811314748049
0.6324115643245583
0.6620868428899832
0.5919746342224773
0.6788815440117179
0.7401767498818771
0.6752864424067626
0.6409198479465651
0.7179469123321653
0.5672872720309795
0.7305505845847863
0.6359378926988201
0.6159212572488685
0.6474554644553764
0.5311136212550229
0.6699232221665524
0.646027746212603
0.5461313841250225
0.8144951175789581
0.5744786417792522
0.6388155239981695
0.6309014867589905
0.6157789977307545
0.6925306595217666
0.6791666419405795
0.7721075486399469
0.7144655906767198
0.6819782153018538
0.9038279727036049
0.5811552640826451
0.6334006350219953
0.6403342050988644
0.4866069614748578
0.6779069630119497
0.6369642161211191
0.582574960843426
0.7218471141006066
0.7518387670632847
0.621010103230411
0.5913040177843147
0.6898301305172085
0.7050494838648739
0.7152597442112097
0.7942055217532854
0.7219352875931011
0.6681764810555889
0.6106146231358225
0.6411593732210364
0.6958638421197194
0.6114955934075824
0.7771974672565722
0.5414511474264417
0.6482673239598552
0.6851225956475765
0.8012756999713633
0.6913775720941189
0.5417770416572871
0.6532633118335552
0.7073210350404081
0.765165705196127
0.7075354133685353
0.6809616372921213
0.5689652295977111
0.7005431436404598
0.7157762547166803
0.6731490149257892
0.6659371719015488
0.7329397388412141
0.7014909101517139
0.7578854147352846
0.683225966138771
0.6652213631380918
0.7251120383198005
0.7080382571482668
0.709285121239264
0.675524426344984
0.6828583592283712
0.6971551898916588
0.6434337759398209
0.7117610874437178
0.7090851073215466
0.6420823836311155
0.6545974758883882
0.6935469515247246
0.7901130215622986
0.6747126176800254
0.6078979854330173
0.6644764291608205
0.5107925968108752
0.7565299995898866
0.8622641161575849
0.658409011769272
0.7314776013337432
0.8720584918033663
0.5702641452341366
0.6490272399883003
0.7370781005062007
0.6758078368472445
0.677830102317804
0.6130358355525912
0.6710228747514569
0.8097789530341301
0.6706644271719738
0.8247442935314667
0.6114977902336166
0.7324849942066338
0.7496895949867801
0.6853945496905832
0.6143995444499016
0.7067905711246786
0.6255746101398109
0.8814771017330759
0.5932977603158176
0.587826744427112
0.6962929561665496
0.6282151188997587
0.548559115888119
0.6508576955971853
0.6584047810026192
0.5997048415164574
0.7622929256897981
0.673785005827041
0.6913672328632547
0.7094477832513028
0.5692179428302646
0.5819162461505025
0.572755520896291
0.6819438917467012
0.6397956935881459
0.7451264685004704
0.7251475634458013
0.5663183844939997
0.7853345240519098
0.764574111474552
0.707660540167213
0.6864725350934641
0.6574875103701858
0.6296049600795363
0.7549256983107057
0.6576537712941927
0.7534723520642712
0.6845391598595452
0.7621985662369106
0.7174928866626737
0.5924850445268319
0.626011853894179
0.7793626257741294
0.7107433879289405
0.7342577234332076
0.7521942472900911
0.7331257467966277
0.7235128647008989
0.7091773782233523
0.6765152094504492
0.7644726938364969
0.7156579599516544
0.7402035289254418
0.8584902467922086
0.7218987649543634
0.7425365387024956
0.6286839358754258
0.6539792422154992
0.7961949847891581
0.7862011021423333
0.7043726045447407
0.7139935383415754
0.7443421314065247
0.7644876184979839
0.6334451680765139
0.5682761848606931
0.598526876088446
0.6184768122015261
0.6955479155664389
0.6398293678545199
0.6435287659872889
0.67042843481752
0.6242084857797187
0.6112566584732284
0.7617308657485378
0.5912516873728846
0.6777394575197486
0.7306500977800012
0.6301980391561441
0.7064724079893007
0.5924726578989871
0.6682501291022903
0.7604302815411514
0.7345651489650713
0.7087177826728324
0.5502801058973086
0.6859981597159792
0.7220292907810227
0.8045158431768004
0.7589829776398401
0.6091878798274738
0.6906181885822269
0.6125046589975162
0.6710361321020607
0.6332702453763926
0.8291032911318033
0.7058179290994033
0.7063552019763825
0.7285561426604282
0.5626513744888686
0.728890737382424
0.6321880411969234
0.8409194136821858
0.6188962978952545
0.6168309828413968
0.5333149147550559
0.81831585122088
0.8061230674433373
0.6263297112781654
0.71382713025081
0.6377950844107557
0.785398169006352
0.661672266540425
0.638601370308585
0.6829207953236426
0.7321672416598565
0.7188597085048953
0.7122072856482504
0.6943612927110947
0.7626632331527438
0.7671432989850957
0.7015293032973192
0.7559732934515194
0.5512951391193746
0.5491381028721817
0.7607467956333132
0.6583236576802758
0.6288519423940734
0.7018341230663586
0.8127637402243252
0.8038975414577433
0.7510214881135935
0.5242531266646253
0.6647806528735009
0.6831874878231267
0.4830626093730578
0.8375402591830481
0.7611656678865346
0.6410741017552097
0.7524949985937078
0.5938606129958092
0.7324175511996459
0.7503657939482744
0.7825112022646193
0.6090300511392108
0.6681030809625349
0.5827161251557021
0.6315187773899168
0.7189604849221949
0.6997689517364133
0.6033943935620713
0.6668279019000009
0.6519680304014267
0.638461367510028
0.6830255647805754
0.7158970079744315
0.5470309175095388
0.6625339163964942
0.6028817333007731
0.6482758330876504
0.6872777725242294
0.584719308680496
0.6867588843098758
0.7492447176237982
0.5646697152156036
0.8195782747542154
0.697937467258066
0.8704289905142369
0.6495512272918241
0.7250107359495588
0.672893525053957
0.6143650552414287
0.6518987140095033
0.6942570392317325
0.5728259798670463
0.5030636965619397
0.6661897504889078
0.5831387914928056
0.6556419850905862
0.6943996106640858
0.5683731235641314
0.6891090695185593
0.6853522342777361
0.7605443255978158
0.7297805348282125
0.6138559027999632
0.7768374036765753
0.6082867226169877
0.5599747576246497
0.6486298696429801
0.7135680909561678
0.5107905332365951
0.6086346952091211
0.6275383644053755
0.6103967857705483
0.6911302964802051
0.6876563650623416
0.760615478367567
0.6360358363113339
0.6573908757096929
0.8246716075885338
0.5978040440105326
0.6422280874492737
0.6603398557057063
0.6219120184769604
0.7005316038242396
0.5968273935931001
0.7255022217680377
0.5486012742135588
0.6048301807182176
0.5183656132221599
0.7529185385793268
0.7426012506276979
0.6561569818880812
0.6140584123165308
0.5373088660383388
0.70596008496592
0.6804562266358988
0.6837183717331977
0.6401107938417314
0.6780507859665852
0.6435439337532601
0.7303951572937097
0.7368424519653058
0.7587213048994954
0.7871024803499053
0.7534244232986609
0.6255581232626563
0.70176869898774
0.5517266995833451
0.6396441291767634
0.6427767720817307
0.5663601349703667
0.6912949258614262
0.7269502137692722
0.6680428179949366
0.704045367356943
0.7578548938330943
0.6248558547458992
0.4746528207521259
0.6260136504415361
0.5850560351342754
0.5981430475137162
0.6746869155907004
0.6787552861707824
0.7394272332686513
0.6687373477699972
0.7174238191824007
0.726106319850351
0.6792820488001675
0.7031784681279033
0.5983683328316028
0.6116807612465159
0.5851982776401412
0.6760281352993289
0.5613455071662624
0.7119326554055131
0.6936205189940766
0.729380737784756
0.6568135612628613
0.508437871016726
0.6851752879979723
0.6749657617201834
0.4568885387362944
0.7576638387665611
0.7123756761177891
0.787218510780239
0.6687393925797148
0.7735872175401963
0.5850883149180336
0.7641289150199816
0.6863923084627531
0.6368434480185203
0.714351943208341
0.7496030420222303
0.6910551698838452
0.6809117750791183
0.7162603055787449
0.6542206287038027
0.6441862583196212
0.6098726691402097
0.784731421529223
0.5913465386871066
0.5918741988363408
0.63651976733969
0.6598305552383339
0.6692336500356602
0.7592044903984788
0.6605438606411067
0.6126245114508727
0.7329501004353195
0.6438751369255492
0.7898319549707171
0.6122253977730472
0.6771234993010754
0.6947154299177684
0.5708167683952766
0.6369143447398377
0.7125371482479157
0.7420222205922581
0.6716754904785754
0.6787531165178917
0.6394284716710962
0.7186515991826286
0.7350203277258366
0.6642732562471168
0.738333857085747
0.6763146298299966
0.6890845894777042
0.3999259198908433
0.7529162805409197
0.6123479662340308
0.6918009748389503
0.7398879594712819
0.6962769977724493
0.5934746858368887
0.7998086618761767
0.6704493095022377
0.8361679849337991
0.7239247967198967
0.7761929030996264
0.763787923216054
0.6679307659406662
0.6475448867579277
0.7684582602178099
0.547233525262895
0.826440158912281
0.6742570519063761
0.5678375233238907
0.47638859010116863
0.6438519557168831
0.6670877280219643
0.6235796843403697
0.5633789051441895
0.6454944609456329
0.7012044985066127
0.7269637613330879
0.8166479564453798
0.6628006237654921
0.6590384364846701
0.6000557711931899
0.669463595880886
0.7088708743531612
0.6646718768148173
0.647229543145201
0.7021822486515206
0.6260871420852386
0.6394536762790323
0.6874780754861005
0.6520053218802061
0.6596894312270755
0.6766870957699266
0.8154462106316943
0.7240428766078972
0.6715534273665585
0.7091520541750757
0.7023125102313301
0.6504982633345476
0.7080468974966108
0.6747709491445892
0.6381518002549654
0.664561015811039
0.6502920284360274
0.7249687635772182
0.6650462771900438
0.803242739049396
0.594381085278603
0.6111242985624623
0.7103995317332447
0.6814469515105847
0.7442467960161798
0.7208103002144801
0.6212823951841666
0.6786713616084116
0.7734916053652825
0.751502421825515
0.6801514786837886
0.6056953845742815
0.6367500540481812
0.659462493376135
0.7494512802874385
0.5423821582868357
0.7967239504329117
0.5194848869316603
0.71492310138177
0.579493249400515
0.6337002091912272
0.697012285238267
0.6401646159905259
0.7146063826821869
0.7299996170597506
0.721909737825184
0.5889168571711187
0.6764886245114561
0.7131568939652848
0.6394618333979267
0.6751562681187849
0.6698683058911251
0.7983295328503891
0.6948590488150637
0.6523390865031587
0.6906441250399907
0.754566618490796
0.6175488365955899
0.7343294444483819
0.6447648959565832
0.7923960598336809
0.6307446993534374
0.7128342721701251
0.6030712606132268
0.6803973104051186
0.7223899474676413
0.6953709955517248
0.8116295523765984
0.6528892877283701
0.6092351431810957
0.6730840700717319
0.6401798333457551
0.7281100244871457
0.6056556735984113
0.7343046011368235
0.6211627707899673
0.805208901826927
0.7252834517767514
0.6807373198212989
0.6424377552408931
0.7165920696668777
0.6783784265723538
0.7362510942244013
0.5739767839015972
0.6033041380888355
0.6916792465178335
0.6714029133701228
0.7661607614192993
0.6455548031690523
0.6466228791848254
0.6388816765771116
0.6151208957117135
0.6385771029396079
0.754005420690851
0.7087497333737859
0.8073974487457083
0.7123519696645119
0.6090841849481524
0.6780128889176277
0.7431791968671084
0.5740814630492806
0.686623878050479
0.7460565971387236
0.5194417438930939
0.6229348091197814
0.7042690394819346
0.5732837222632853
0.8019896100499186
0.6522600492041213
0.5720123206396891
0.6742102325784014
0.6685081415851057
0.7252653652030007
0.5819470289147888
0.700824656310298
0.6868551647829994
0.7628938703229362
0.5073184137879931
0.7495973580740906
0.6548025218574101
0.6778791385366686
0.6461483667891558
0.6270119916510252
0.7358767766524618
0.7975341313543889
0.6302650959838124
0.670716556965793
0.6180266349728879
0.5944107855837297
0.7494564568962031
0.7691166399424989
0.8025382795602625
0.6251854901188338
0.7651467893794909
0.6647264782504231
0.5698686584842727
0.5492589566278921
0.6142375746461685
0.6401898510604939
0.7134013541204233
0.5939202070043148
0.7781038476705371
0.6435062552645396
0.6153817491931692
0.658508394037834
0.6945854785442109
0.7211546565296364
0.6611389326447493
0.7937175905793177
0.7357324402011439
0.6430639041485655
0.6619923040781039
0.7500799606041619
0.756819847924738
0.752131779246797
0.7682843393340772
0.7258324971046802
0.7566511510546203
0.6137315168235926
0.6138447123217123
0.68538153986265
0.8902401524838786
0.5508070471444563
0.6910373107215163
0.6187559162258439
0.6332429746490462
0.7190395980977777
0.6926962237657422
0.7132497546388551
0.7352861006899312
0.7064217930685249
0.6473593595104101
0.741130245481718
0.7598455184395788
0.6781689284967549
0.6269732962593323
0.6689697616781616
0.6419731265542975
0.6617433022804324
0.7796843318927923
0.5732310524391194
0.6019447188259966
0.7145042215337144
0.6137188100761901
0.7445635025168089
0.7657489497557184
0.7120737485038903
0.655801775131879
0.7048945568617477
0.6779998131768133
0.7335259159502782
0.531582146438957
0.6255044429205431
0.7116961032131424
0.8192869741563931
0.5584108620775158
0.5630271501806062
0.7192683153246191
0.633670884354195
0.6233228626998072
0.6268700659138067
0.8223467091673669
0.608261195382048
0.7048977734331408
0.7147249749247635
0.6114390782025237
0.6689492400163676
0.6204385698881558
0.632877923564606
0.7071772488185685
0.7195387362773635
0.746926293674225
0.6184461010931198
0.6764239069619524
0.5926376023231882
0.6283205316874947
0.7108628806303285
0.8045957171796324
0.7176549143597186
0.6198342437079756
0.7405599292452137
0.6966713440942601
0.6485805204023931
0.6972456642986092
0.6900805983273458
0.6578615580747561
0.6806887709625242
0.6375629474942566
0.5582209305973971
0.573184734807695
0.6619793854437994
0.7731646341723255
0.8043128235003187
0.6878163254513556
0.6958742575770724
0.673792577172442
0.6113273574735809
0.5966195558631289
0.6398343329469082
0.6457537074165369
0.6746769946190698
0.6671710691393854
0.6965561050651864
0.7791969630091726
0.5920985957489059
0.6839412808100483
0.6052319901049378
0.6404596672282603
0.6259492237484262
0.6640141555296181
0.6920264563899753
0.6309614309562769
0.7798748980110856
0.7069809637405027
0.5921330755560885
0.6011641964659624
0.5877862223708906
0.6856554749015779
0.6461102024109867
0.6339159157025999
0.5618574461964312
0.6718961345844908
0.6766687981640734
0.5867661466190608
0.6915419298353679
0.5857464080807794
0.6313024467311588
0.6999384563800368
0.688483925532962
0.7468524091814799
0.6605125986495916
0.6965030467016515
0.600345437716983
0.7818574354526788
0.6956369428634226
0.4696321183806336
0.6239019394606456
0.7028050786682437
0.6448311325146024
0.7431182746599714
0.6826797026287766
0.6900884879098191
0.6800125913078688
0.6876512279044998
0.6732568809869105
0.7230542041660589
0.5681062183580304
0.6597341145345653
0.6726995032784622
0.8894481210635147
0.5966762468113277
0.6833968411885509
0.5895064115697392
0.712092792716193
0.6923874209332254
0.6766333840336238
0.6814134730386893
0.6963396570685172
0.818185002850985
0.7580366529377041
0.646083153478182
0.6675689578411235
0.49884681322085034
0.7234201800005546
0.6968360781866718
0.5776087079128258
0.6940069540204148
0.6791446476865585
0.6947758277263927
0.870402547917455
0.6126846784739276
0.5433442601855116
0.6243460292490083
0.6097017106895425
0.6792210469477844
0.6702857020992793
0.685966427867343
0.7168967266256157
0.6511540686145644
0.5562776214324141
0.6502415209081837
0.5810852227555844
0.797617368370374
0.5440877298099297
0.6899710412673826
0.6961864949425304
0.76663526662357
0.6999870516474177
0.5275966618786653
0.6113216377402658
0.7797059303068263
0.685615954074856
0.7570604688235821
0.7716971699229611
0.6658287261130234
0.6662394499850416
0.6374218701980539
0.7525102614689645
0.7685397129224099
0.6225799342832595
0.5601866594284045
0.6239087983798924
0.6698953121713702
0.6640696604200306
0.6262537079142091
0.6324748548168817
0.7588508455903111
0.7172039559000517
0.6228235874984734
0.6713867236013432
0.5907679735082977
0.8281433769782424
0.6077842172816935
0.6561009454013782
0.6534830666000611
0.6884315688429897
0.7536940758149844
0.717596546513079
0.6874381617118689
0.6412992253419232
0.7433861056009556
0.6380567626587448
0.8057416566212113
0.7119133389549427
0.6912563751858946
0.6342826956623535
0.7501399054416862
0.7122736590829474
0.8418492074807391
0.7676281485197116
0.61574702333187
0.798874109689669
0.686905989774362
0.661658156503709
0.747225665947337
0.7618884480626125
0.6887487271568542
0.6947178979588405
0.69063186641942
0.7149298294063036
0.7519552959846677
0.6232573722837377
0.602258743767743
0.7774302283459895
0.7417683657589098
0.6164983003945154
0.717099830465657
0.5205879680635715
0.6848218981777754
0.5880062478014918
0.5679606168805242
0.523444469909738
0.5825880014219224
0.5914787295321592
0.8033623009682211
0.6532945957116526
0.6772675469060652
0.6199019670386928
0.5554602095916182
0.665078766309094
0.6227715231422161
0.66278765425076
0.6984916972704279
0.7968023558384008
0.6965194333035781
0.6233609132588112
0.6944119752597745
0.5689677364819511
0.6410743841733918
0.7274261583816146
0.7381545388362523
0.7185711264658339
0.669217203119267
0.6496770323206212
0.6723473915987372
0.7284797966797011
0.6564178040518781
0.6794382656067145
0.6811104260861546
0.6120487051835357
0.6260780081830557
0.6611251348067935
0.6015030514052158
0.7183267182031249
0.5645364650819337
0.7575014090308969
0.6395697899929353
0.8085242909395365
0.6210775374751684
0.7252479470728393
0.62226304855713
0.5694752839884988
0.6538017299859468
0.7021313821596712
0.6802647141158514
0.6438925755179126
0.7189806316007694
0.7068176429302518
0.7172426500284239
0.5729937193706113
0.6890162670854203
0.5886701830737054
0.6686581480695231
0.7339749528557444
0.5903626415263414
0.8097704241300093
0.6032270603721355
0.7233780998081857
0.6251593425666503
0.689988991840968
0.7332742884325663
0.7472483912271539
0.716969870880074
0.7041649741729953
0.6763765520444508
0.68019682749446
0.7399348954479051
0.6793776690624306
0.7648661301318078
0.7296559854633364
0.7095631768952378
0.8676015880483966
0.5202732656205039
0.9190939742810162
0.6857080346441834
0.5846360633168088
0.7064775738438192
0.6762617920455299
0.6658215290680103
0.6479842702335017
0.6560260891570926
0.6015161234263098
0.8134541653482095
0.6563048499169125
0.7244436043683438
0.7088128064100824
0.6563923324897524
0.7557989111265104
0.6405437104772607
0.6721339893344936
0.7692912520714137
0.6611006165735344
0.6559710526402714
0.6579132481844302
0.6302827114954047
0.6608286176546474
0.7209973844812433
0.673432055166874
0.5218556105440052
0.7920973230421909
0.5423379541181614
0.7169579832199003
0.7377133592891668
0.7190004446942039
0.6156751285505052
0.7631946389236682
0.753773377140652
0.5970541799091391
0.8193607113427778
0.6043229889126142
0.7314744125617089
0.6024366245218853
0.754571733112432
0.5894683426252798
0.5848684541793565
0.6210463943017921
0.703352689903432
0.603088760597505
0.6053325543947894
0.6588296154550446
0.8351586281533846
0.6979259538913919
0.6670331112585622
0.6253030204818666
0.6138431667537431
0.7236643980894996
0.7212643365251924
0.5826959716943897
0.7766652565130225
0.5888389213479938
0.685046824679826
0.5454502130793927
0.5821737057155697
0.7203787496019304
0.6198216521368094
0.6368637853039417
0.5862157407634544
0.6844933010351045
0.7020843831367202
0.7160270939006594
0.7768295174373009
0.7432646331683074
0.6622866829832764
0.7568576073694004
0.7167704759558339
0.7538187013621136
0.6287627209715779
0.6489500421198724
0.6698361051852783
0.7379128990178736
0.6908305982611956
0.7052448412807443
0.6955430691732769
0.7527661364382805
0.6293742880346858
0.5358805464798061
0.7827890212747645
0.7845733722170483
0.6413764512877722
0.7435443214655512
0.7406419441665691
0.6987601330154406
0.6758951546573803
0.7974975657705642
0.6956504342861597
0.5984376486607816
0.5245937672137789
0.8829688112464283
0.7308897115825497
0.6449350974209889
0.6331229912220794
0.6697187625607413
0.6943417915153474
0.7647584464399243
0.836529216178417
0.7583952088074956
0.6444139568849782
0.6863507377853975
0.686320688015257
0.5995665814291403
0.7050539292805456
0.5448408508160808
0.7234248646194853
0.6719679546760676
0.6554552204931341
0.5908158829362643
0.691397301720545
0.7049733537315322
0.6110297673704381
0.593618281621988
0.6381502493184089
0.6968842676392831
0.6219951419777483
0.6740419732954906
0.7115723957605496
0.5424478713520048
0.758873139250467
0.7044908423610956
0.6938225688539998
0.6556537141793009
0.7121545925251187
0.6567330338661321
0.6456501993873363
0.6895816133936213
0.6834594778169961
0.6317853136722021
0.7231481955904636
0.7782934068879275
0.658829463831803
0.7296460048483425
0.8034793924719513
0.74856569846338
0.8300421045358476
0.6062841961002845
0.609043082240623
0.6562288604810009
0.7514191279800333
0.7229231594989847
0.7374302598146828
0.7366221825570706
0.5982885650387071
0.5993527326829844
0.6092226352513023
0.6903517746879534
0.6515405579893042
0.7532279501066025
0.8245078985048758
0.7330327789762325
0.5890651685773717
0.8716744057388528
0.6799755601447778
0.5807806464681563
0.6294567364070432
0.6271511880607497
0.7655860040364053
0.6777544554385955
0.7794035190212487
0.5282800913490202
0.626291387969988
0.8049143181315701
0.7261701153805693
0.6290070423052311
0.6604092406820921
0.6222962223635066
0.6753320857633098
0.5979001570274617
0.7258717511804305
0.6144722029736213
0.6551786677733589
0.8107993547807797
0.6482403895965493
0.667864453597263
0.6563455818275552
0.6763004739769061
0.6999178739984906
0.6797731952974617
0.7456440558219546
0.6524635667550616
0.5902296556570816
0.6147707897198796
0.6451677149403743
0.6580268821600672
0.6876316100620103
0.6378143440468329
0.6829107903365598
0.7047584120141198
0.7344840263000274
0.7379710802966777
0.6996727408531468
0.6499052099439601
0.8240627041240097
0.6848201545737803
0.5673478070100012
0.674626397224278
0.7082469187183058
0.6043543178201256
0.6401294131626775
0.7514494199743433
0.7170328028844666
0.5014462946169113
0.77408665663823
0.7242172723445016
0.6994943458942625
0.686601140840198
0.7752742188618038
0.7765361108993043
0.7579377224628605
0.654317379132623
0.6830071535814642
0.6918380723915564
0.7055554755889006
0.667444115739417
0.6498414138530758
0.7040191887379595
0.6792551027801849
0.7678181325377242
0.6678595457484278
0.7072957404303083
0.8165003683503175
0.740139437143716
0.6721979843818516
0.6762731496056381
0.6910872749314809
0.7330716782473945
0.6999995506970759
0.7120540846265435
0.7548583088104193
0.5952301257162509
0.6485080409479335
0.6721819949863983
0.5833108155236689
0.6012558471548889
0.6724920094946623
0.6990763060993284
0.6299918584512735
0.5429716192975045
0.5933544413828261
0.7532165577242843
0.6368899876541333
0.5993381829422969
0.7934537274382458
0.7500016760478445
0.5276963233516615
0.6715322594208593
0.6890821141671114
0.7765810205713077
0.5763593382741554
0.6116974719529883
0.6595289897693597
0.6722803040446476
0.6628329780894879
0.7472995261823575
0.5816447733299264
0.6831174493409967
0.5087059636639046
0.494650163606441
0.7322679695456157
0.703740237646584
0.6569261610353642
0.6630715542973166
0.6414415402673136
0.6217119418206565
0.7084632499297457
0.721768582652818
0.6963098443391359
0.7420180813584819
0.7712418423844493
0.7615156319459113
0.6452969139649607
0.7696643404890424
0.6857532502988795
0.5902233799585495
0.6057893508821197
0.6359204628278824
0.648098782939343
0.8453960760052026
0.720504355404763
0.5949160108049824
0.5619121030675448
0.5686282797868093
0.6657556023359478
0.6825395830629423
0.7267753650381319
0.6252747777919813
0.6614748257225812
0.7955833438370523
0.6954664588051553
0.663757462592516
0.6897462270555182
0.5529291516963255
0.7777681681763817
0.6964618264323479
0.5631472295201675
0.6493032316293613
0.714289978872593
0.7020715176350866
0.7274042399917421
0.6757373928192445
0.7488943956725057
0.7482246840190855
0.7624218461604457
0.7456974022099853
0.5243742770717146
0.7891433299806265
0.6048158887194479
0.8005710333374502
0.633261450353097
0.6580386550571674
0.8302208546584872
0.6841523673767151
0.750817244707626
0.7784427547593435
0.622800217640715
0.7009176230753607
0.6971897290811843
0.6175901021570417
0.6510934974292356
0.6584435536372282
0.8241530119733196
0.7404596433768514
0.7518912519440362
0.6475673073419937
0.685091322227331
0.7475813100609412
0.74922270502529
0.722234637833486
0.5985024028797525
0.6653580120282583
0.791807337618078
0.8445173758163526
0.6905426448272712
0.5799548878141244
0.6563952147562303
0.6896049338996458
0.7313333487545869
0.6235466343607182
0.5951054389063904
0.7736038503205764
0.6636770355875758
0.7751996826088853
0.6236653239399338
0.6345084248569591
0.5955736388476071
0.6778921971815746
0.6720817489428117
0.6937171123624717
0.689411311329229
0.5880705431131166
0.65910316991135
0.6869205183855648
0.746865374645394
0.6765988157055818
0.800183995898378
0.6777579406358473
0.5650125447194566
0.5883353095779121
0.7070298529402167
0.7434484512219361
0.7762678199084158
0.6287464731013789
0.8076739908697737
0.6297535722412926
0.5986377247762569
0.6113549692164727
0.7350858925198449
0.7273815027134282
0.6241461460189934
0.6545601655547719
0.7015601461680342
0.6759571041312737
0.8527592347907843
0.8358817826727308
0.6992758978091119
0.6528115329226595
0.5389728866404047
0.7478404045017365
0.6535518340699263
0.7352565841238576
0.6921528703678582
0.6441665774497921
0.6546433363807945
0.648790244152032
0.628733163756896
0.6737149889722069
0.6613327652858613
0.6233045707430728
0.6636133017523385
0.6038233954449211
0.7574693118786266
0.8225899566009669
0.7383832019723587
0.6118927009553148
0.7289120059681785
0.6276327477335228
0.7405874271914717
0.6483987186230159
0.7489570282394635
0.614975451452215
0.7855077832648176
0.8204529474242376
0.5765997371397611
0.684229972954154
0.7436171637849741
0.6086539109633499
0.6181911714907754
0.7433163569256926
0.6327625490546291
0.6851696353425087
0.6203028380016145
0.7328691756765859
0.7911969968096062
0.7523420949893256
0.5606854479264269
0.7173811826514319
0.6478823679223161
0.7634495994417522
0.7379015761187477
0.7805855128647249
0.7943886526570505
0.6961383640980352
0.6923458735967856
0.8026203460103783
0.6139362601057853
0.8533121116400408
0.6660897637097736
0.6035273211950575
0.6397053653874609
0.6106993288647938
0.698505627728808
0.5637977068854977
0.7446975767576007
0.698104471546315
0.6919804264087904
0.8041982817885597
0.6880550539972861
0.6558987639953016
0.6395633953572392
0.6650585144579896
0.5933256848429331
0.6897301853005966
0.5982342709535003
0.5984640090175025
0.6996927156005744
0.6734549916432944
0.7389448784625751
0.621690325932484
0.6482913745839202
0.7017298008879573
0.6258273118715261
0.5993403415634403
0.6053831039313007
0.62278205314899
0.5232540932655123
0.7411076418686238
0.7408685174258972
0.6840146948792676
0.689796903654424
0.687661415431548
0.6200727432968328
0.6268818769698076
0.7465021073708934
0.6520137390382502
0.6647172855903373
0.5964101908560242
0.6847363191580779
0.670406403743572
0.5657549053870413
0.6661962573976291
0.7201067342775676
0.6989636916611536
0.757630189338633
0.7434968015265178
0.8875114259874793
0.7485835663219467
0.6219771307029582
0.7202415956619606
0.6502534094856991
0.6352602395961814
0.7526361850813075
0.6547792689705096
0.6935954005400097
0.706023591219976
0.6388808589401269
0.724387277809596
0.6597424373768588
0.6761061143762227
0.5710112426412305
0.638578240274899
0.6016237594454584
0.7694849563930295
0.686617451430982
0.6315487251335133
0.5746466808818472
0.6599013919937681
0.7720745376996452
0.6372331821110597
0.6759198051943989
0.690184995467196
0.7708706106448713
0.5490061171728581
0.6752042680570832
0.8393508435424738
0.5995990998096418
0.7537438699038457
0.7527941666112069
0.5807052261169537
0.6962796965091714
0.676091550477705
0.6961465558082828
0.6723330189364586
0.7374183611504753
0.7001994796218123
0.7195877212417725
0.7301320958120238
0.6521067755504538
0.7184564316980465
0.5917680457893982
0.7605872401890448
0.679463511262928
0.6079058877879027
0.7276971185465607
0.6060638554355089
0.6040130697436928
0.654512260583414
0.6642094058550049
0.6824327961365281
0.5782694960948379
0.6136209550332974
0.6489723441888552
0.6819021187754818
0.692137125423808
0.6787643465422915
0.7145870725117462
0.836753692772862
0.7089744154369758
0.683420092418705
0.6778468640442505
0.6155982924437535
0.7379166504426429
0.6897560735049911
0.6042365236525333
0.710101858131884
0.6154438940383938
0.7048869885468658
0.6635660299083507
0.5844927135014242
0.5878424963148584
0.48423315777064735
0.8180025254897944
0.6708606529881632
0.8321106641310084
0.6894110531905914
0.7028969600160647
0.5622367404522185
0.5804328160335189
0.9613040581200869
0.6617527711604817
0.679327095311585
0.7209001554949299
0.6503140548690992
0.6735239496028728
0.689907791475849
0.6327859636090226
0.7220141352186897
0.7760739683879081
0.6486353184246331
0.7247814972458078
0.6216752764444906
0.698647796360877
0.6834082081110515
0.8255686902262173
0.5570019382202127
0.6927036248602473
0.6126835947468705
0.663428839674279
0.7395404194392509
0.7730758994829011
0.6514224003995381
0.5678321726429968
0.7010816387627563
0.7149681510415556
0.7176207863430214
0.593405045793625
0.7763411725350116
0.6101287316446039
0.6966824352622994
0.6690355935254806
0.7066898438226638
0.6585704341243057
0.7638055489144271
0.6670195439910871
0.7644788454110315
0.5958611370665788
0.6883347662858256
0.5911924469890715
0.7618526717793066
0.6644444933067265
0.7508905446700207
0.6727154261431307
0.718383398017025
0.6732065195531606
0.6901109268916106
0.6761413534370758
0.6263341360726375
0.7024251302090996
0.8007918804652328
0.60641114079794
0.6484631367843708
0.643484877585049
0.6488260117104174
0.7032582761128117
0.6900314164757454
0.6359933004808334
0.6519071000160779
0.741803339412095
0.7745718756290706
0.675874327809239
0.7437136807349995
0.7196535407932051
0.6649470215281416
0.5278113532918325
0.6647664061590919
0.6825378366351486
0.5355900922864443
0.6997543016791697
0.658973943326017
0.8231793292988068
0.6466747348427685
0.7761323923279592
0.7275566767162087
0.7044712482522356
0.7869824703074434
0.6275733118588782
0.6640452891652026
0.6202869588209231
0.6889047378662287
0.7467699781648255
0.6519599077685065
0.5814050026803484
0.5596321610050663
0.5961671722587074
0.6878658605270728
0.6915257186102632
0.7341114160827181
0.8387562930903899
0.7492746989206888
0.7581937349294511
0.5993276506562464
0.6830669433489445
0.5919978329993462
0.719648002455093
0.624303607362512
0.5178855272051776
0.6300281380893548
0.6542931618449999
0.773252891416649
0.6006027998045911
0.5931839745119513
0.698404077147136
0.6788172564060047
0.7378242058293699
0.7635459126460372
0.6589363047111283
0.6148612063328408
0.5818924471136108
0.7083724131396807
0.8093423391014761
0.7174247503227231
0.6568443026345512
0.6429799758129456
0.5890928058216794
0.7344188200348931
0.6748615275056408
0.6667974260114978
0.7493345903239117
0.605741747098451
0.705333696098278
0.775427949963062
0.5597546826817286
0.6343759792591677
0.7076715057355648
0.5873373829962523
0.646961056092323
0.6620011715099373
0.7499172433504157
0.624213174971886
0.6141698058869892
0.7760759162157567
0.6496851845410805
0.5198861361059337
0.7127180193808736
0.711390598889003
0.6992616827381091
0.7097786743241753
0.6698114428134764
0.7490506946238578
0.5478912629803033
0.7193846826968201
0.7255406500941654
0.6844944451952927
0.7857187522887108
0.6732691817378066
0.6959365538695358
0.7278686141424403
0.6338213201805739
0.4875773744715315
0.6590372422239111
0.616138372028358
0.7000320274588714
0.7153383461453809
0.8415396957598074
0.5336443685164337
0.6513908940049972
0.6139182455867102
0.5582787280617504
0.6705129702881456
0.7166063972644559
0.5319699290926931
0.6553851074485053
0.8148848854750694
0.7090858632698259
0.5332424462006942
0.7342880667765278
0.6754459740697775
0.6836119452881226
0.6639053326593384
0.7155871738250792
0.7668137914519977
0.6644376896541652
0.7853617810651465
0.7243863779343988
0.7635044511819993
0.636782235380676
0.6794366777423146
0.6751158996918538
0.7032361228342264
0.8083099220767446
0.7293429117849232
0.6994680870083574
0.6660363964716594
0.5868492366221746
0.6828813630584456
0.7735073196581866
0.624192194281129
0.5651324260824224
0.584798795000283
0.6817645292126593
0.7309956350841499
0.6601186155782144
0.5868076057999968
0.6529372207273759
0.5041910153908283
0.74127112841755
0.4838942310269802
0.6765759876869846
0.6424024603687456
0.6613929266441425
0.6900966458367276
0.6170903371658278
0.777826759876429
0.8072243868070559
0.7376710634114573
0.5947204017018975
0.6975230345847793
0.6741560720558349
0.770842654634433
0.6360872259007382
0.6407622467774208
0.5851108669300653
0.5814739832974608
0.7222958273799693
0.5917015345488927
0.8335461881712317
0.644833648023714
0.6395379059654096
0.700705964019043
0.645700277979562
0.7601101560555403
0.6426273636758548
0.7930062756986516
0.6802843145294345
0.6194433061615808
0.6976539909876033
0.5657903884176938
0.5889180510314755
0.7187495551364108
0.6100214849911992
0.6503195312606218
0.6418926873152452
0.6853638480781323
0.5714035727789027
0.7504258885289232
0.8242606843921048
0.6582604770235759
0.5923589649112118
0.6304584886756981
0.6149515122891185
0.6571513520310343
0.5868928210670344
0.6131109414109014
0.6244109351335303
0.8197119479117757
0.6858445853071201
0.6872753473149155
0.8327742573705479
0.802797823471758
0.672709125176657
0.6244871538709854
0.7245648101684452
0.6573697882367846
0.7775805318488006
0.6897356876347139
0.6207665258198117
0.81048877311394
0.7665987632446232
0.5341971638542721
0.6146069043741381
0.5792589062303685
0.7131653142142594
0.7371171536869081
0.7953179700985515
0.6424649764660444
0.7058390716757232
0.6853733451476233
0.6430491429160199
0.6533882626495651
0.7324062167387911
0.7473462018051829
0.735336065069934
0.7644283677148433
0.6695602484372588
0.6919022005005752
0.6296221304240218
0.7176918637453138
0.7348238170531619
0.7138113226982759
0.6432321624425833
0.8122720439726206
0.5354554404044753
0.621273756365535
0.6092153978683293
0.6735347708875381
0.8023748624585912
0.7801849214020201
0.6377961062135626
0.5916045167182569
0.5672867434073372
0.663253207068169
0.6261406515463294
0.5729793101930565
0.7694220016885875
0.688100618361945
0.7547303684150414
0.6884378888817476
0.7651529920774798
0.6797310301424139
0.769903443465336
0.6482525234567085
0.7645850319530385
0.5906705080043148
0.7648527655615815
0.7123466902178489
0.5831345538186289
0.7772955550162463
0.7891705801338733
0.6450801000027179
0.6178425966369867
0.9071641281067603
0.6661154033057287
0.7812761556739651
0.6706945962973861
0.6446634798526372
0.6596001744923926
0.6655786458255915
0.5679836329496246
0.6842395287397249
0.8410822555281117
0.7149278797240939
0.6051486774610889
0.8055881232917537
0.6666869584101077
0.6731718809035105
0.7891522512618151
0.6078845268083933
0.683971896969322
0.8208066964107438
0.6629213417974489
0.7647140462077867
0.6859397570117732
0.7774166588192949
0.8264492862728581
0.7824732027009245
0.6235266077839806
0.5470650585119459
0.6871488809970805
0.5852537058864038
0.853088747566124
0.7280210217720288
0.6003222718187032
0.6697184826260235
0.7276455828060677
0.7867935168921927
0.7066457539562676
0.6952653368472567
0.6114772185683718
0.6034635935728551
0.6934562791765585
0.6870102972245605
0.6766015813607779
0.692795566070616
0.6434733774639539
0.598523891600036
0.626759832620609
0.7195501740030092
0.6147012020880701
0.6335919352446905
0.8411275170156298
0.6804097817796588
0.5958619945088973
0.5811706620818343
0.6253438208114664
0.6118058377148519
0.7189846960027215
0.6982821196929987
0.6796441249899605
0.6496012080467383
0.5340133604270262
0.6858038894163473
0.6071141111238054
0.6734680609160327
0.712830859299027
0.714161638391494
0.6979826876369055
0.6690823274330623
0.59158900833598
0.6528417629293339
0.6223038372838979
0.4399323835395524
0.5891414782930681
0.6642723694681223
0.7315593590251515
0.7236753140324991
0.7630370001656659
0.6232992546729617
0.6688389726782833
0.6553881195926414
0.7002725041943711
0.5973711153637248
0.6811896057665447
0.583776439858168
0.6919303630407926
0.7032193567592645
0.7552353522376087
0.7131287401610902
0.6653191918228861
0.7198527851738323
0.6004331252148626
0.6827374835634679
0.733052421075617
0.6259178341770965
0.7128945687015332
0.5876874878071711
0.5731176833554863
0.7716834618977467
0.7678112352130668
0.6890370037370274
0.6195571761194564
0.753364263646193
0.6927146555761351
0.7524463964875722
0.6333323351080239
0.669658965653093
0.6592305435700757
0.6499668890410879
0.7168660672011088
0.6617730132354113
0.7087994687383363
0.6868238816121716
0.6903574844645493
0.7249517252106908
0.690773682614228
0.6782516625100484
0.8792434801494933
0.7052756418756276
0.5638870768983978
0.7101297451876154
0.6314758471881268
0.6524823163853145
0.6560944377330103
0.7157260741170153
0.5975305602319562
0.4909496171548031
0.6538067894355036
0.6111349787259108
0.6154012800536816
0.8081167706050616
0.6960080377819969
0.6012241701201505
0.6551396197820802
0.615703938457797
0.7252403724359553
0.7121716184367961
0.6327531075861098
0.7556075427109008
0.7033276179671166
0.6734768467570221
0.6569176545942188
0.5865015372744975
0.710980780279269
0.7040191839921922
0.6993347902260957
0.7440825190325876
0.7146944366625989
0.6354691376089221
0.7677007845066416
0.6593840279403543
0.6917275965221495
0.7522066369653884
0.5953269608066789
0.5691082039016518
0.6498902787120988
0.7210861078696462
0.6632471682538811
0.6733405203415036
0.6878410577037024
0.6829603983771849
0.6736059842619027
0.5798784464228757
0.7337708711811284
0.6878972680246931
0.7168193126219841
0.6038116691383739
0.7517322802222841
0.7196593025571052
0.5549794351536449
0.5330977238726158
0.750941642232132
0.7901351607935665
0.584145888875597
0.6811075258577605
0.6505058123726276
0.7489184932039791
0.7142817455360239
0.7266826106619397
0.6038400481687889
0.7244901848880089
0.666144246949762
0.7570768030016293
0.47595696625985423
0.6556618455722838
0.7598510584668975
0.6153743428559649
0.706146615518811
0.6855291920886896
0.6011529326535121
0.6723096734974103
0.7464267798792013
0.6333173446161163
0.7704370953371964
0.5830505324465672
0.8506218370946207
0.8188921963617829
0.5920770545977437
0.6689540943253317
0.7727811727398983
0.5430519693809998
0.6561396466745824
0.7580650967040781
0.8701668832594184
0.6743192069191659
0.7078849654492473
0.5906102973806862
0.6645180380982568
0.6712998740167143
0.6871049438269321
0.6465012562777407
0.6215792116320522
0.8244292815108181
0.6408567381933804
0.6978466183464828
0.659290812903835
0.6600851480669646
0.707610574401678
0.7559954528073831
0.6172499200569933
0.6776514669645097
0.7649315532986738
0.9350662826553685
0.6402843970282455
0.7475224783540085
0.5512042129348812
0.7127502824992257
0.5706557499436228
0.6551540102535157
0.6574008530154842
0.5592772088745364
0.6274138413720061
0.8121117124556283
0.5888656103333194
0.7904158653274841
0.6033708163292716
0.7560827576512207
0.6887726005674552
0.6092471115148933
0.638868374933502
0.6737264260500656
0.6081186412501998
0.7013203284032762
0.6375803810233095
0.6093585601348906
0.7505563317487622
0.6865585946134474
0.6785019384189043
0.6777089296298473
0.7044836804666441
0.6411422082980186
0.6271682232837895
0.7068109210991652
0.6510351734256904
0.7698175050516436
0.688771610351844
0.6838787096324364
0.7419692232936995
0.6795382910437164
0.6735433034221966
0.7156591333301549
0.6475601186613263
0.7930551040661081
0.7240522252859588
0.5941125725805291
0.8212777346028208
0.7546227671135984
0.6630283119788803
0.6919793898507782
0.6072293481422819
0.5895729180815604
0.5576322785573816
0.6875986057563134
0.5460260333888304
0.6259438047336422
0.6242444191436715
0.800813015224103
0.6863062383486053
0.6630791638069926
0.6088299215841515
0.6467113130519068
0.6218864588349803
0.6557995713937594
0.503690894085691
0.6450662794954186
0.697911357731242
0.6791763903115096
0.7272318182816374
0.6890940290700721
0.6509255353549919
0.6024305363325221
0.5672814290484289
0.797263928282684
0.6933552410357019
0.7194036869606157
0.6527055745521843
0.6476716243532863
0.6571095261560537
0.6779445364338976
0.4965427655194158
0.5659232682242514
0.6616816752328233
0.718893667084767
0.6469660956145735
0.7741639681274798
0.5938464135010059
0.6422741059670264
0.5292322859067657
0.5394601607859681
0.8404508750741273
0.7844949516388844
0.7240593705684898
0.5815648047912986
0.678152623065989
0.637015021325127
0.59327205941916
0.6385084809704961
0.5531328647229273
0.6956307779294512
0.6083358178889141
0.7204372616161101
0.822777402508406
0.64833765492425
0.6920727374496946
0.6091947824127355
0.5971278331176223
0.5794322498434177
0.6947693913087236
0.6563021403747903
0.5693459512368235
0.6792155154355156
0.5735528448545321
0.7326030606751561
0.6791783759990849
0.7848043646717102
0.7408830541152686
0.6679992092974445
0.750453836526853
0.5400739361797354
0.7045822636275153
0.7176932079327483
0.6845465299763939
0.7395833528817908
0.7032746158062457
0.6718243881138305
0.641909772556156
0.7155272429901455
0.6992673322307025
0.6573441499183634
0.6635607196624227
0.7233449365471318
0.6362209896578898
0.6650716291086528
0.6993010549541522
0.8033663144081862
0.6877485611875575
0.6423712198094607
0.564387143798581
0.7421418687663925
0.6747336529594313
0.6796604049620912
0.6222409569633133
0.7337707513946639
0.7971271580279193
0.7017150534063465
0.6734000343453662
0.671627061762397
0.4868751117906208
0.6537705212866061
0.5800137263761407
0.6571277778500976
0.5949952736654018
0.7135215083066222
0.6710976300163506
0.8217874464418001
0.6874165913246816
0.722273092382299
0.5959612582149486
0.6355786468657342
0.551155605001382
0.7426053095396787
0.5884811236193184
0.5539762048079602
0.7109475695167878
0.6984615501693342
0.7819039871496292
0.6791150362551922
0.7402083976782071
0.7016412951701586
0.6215140612646177
0.6217162478435241
0.6822684067552359
0.6917343550847744
0.5787448190058954
0.7157544455746481
0.6299501698560027
0.7889500441819777
0.7125704937446896
0.7445702147195231
0.687427512839464
0.6450241429790443
0.7146028851396746
0.6717606829913699
0.6388921417081824
0.6868473227519921
0.7584948525907771
0.652396754836562
0.7159681052793544
0.8086722184814497
0.7777371444740948
0.6571876050863866
0.7456220947226426
0.657421586715459
0.7400348042348158
0.7683732039385486
0.6456033425278752
0.6776256736537838
0.7099257565132157
0.6516765729073946
0.7063307062226044
0.610878948645776
0.7185005315447459
0.6099439616070405
0.6897648076775117
0.6363637249077155
0.7207586127713942
0.6333425014591768
0.515773672268077
0.7327635445803387
0.6845996095157451
0.6786790408153678
0.7438076193564702
0.8264561336076672
0.7293338603807277
0.6263933164894075
0.7225085137130831
0.7378346713341699
0.6766229151106241
0.6949294083411753
0.7194168308770778
0.5415230577452035
0.6790983938559352
0.796228273978555
0.7270413485529343
0.6999008387309437
0.8208920429677536
0.6998711657544715
0.6339239027801056
0.7891796305616057
0.6493663272141347
0.700551460476652
0.789105012756521
0.7331754304541928
0.6984705819247999
0.5987635066899587
0.6424740398965576
0.7287935061742838
0.732115869341436
0.6436750281296146
0.6832892851413334
0.9297597030304612
0.7987549460816104
0.7694201059580252
0.6733001270852047
0.7570331058927993
0.6656168694798721
0.547751127943127
0.5761206909335057
0.699187530035164
0.7871411935812169
0.6743403362366586
0.5843749417908672
0.6468560953572554
0.6253275557378214
0.6275994100022138
0.722779223122422
0.705911890261525
0.7566862704865415
0.7458289870151363
0.7170030507991483
0.6415274807634205
0.6906992255315417
0.5688176350099848
0.5618704234030685
0.7661846384736767
0.8413323686333254
0.6260586496975193
0.6352330343539093
0.74105677982416
0.7592447360476202
0.5236085290408877
0.732948483630045
0.6493136522168811
0.7177083048029138
0.6527319620490734
0.6400381846692684
0.6855529730969215
0.7191449883014354
0.778034265853871
0.3031921120407223
0.7321451194727342
0.7491072195664971
0.5759521807792862
0.5983126140246795
0.7023306392225078
0.7147444495955685
0.7157385212625575
0.643974617218647
0.5715635548512618
0.5901885571107359
0.8230989943454614
0.6345336294501485
0.7751130006323008
0.5789195263146321
0.8010006540430444
0.6370494667299412
0.6103095623857171
0.5936952972513164
0.8447549013651774
0.6900062990253768
0.6220147208228557
0.5938286392525988
0.6779346447159195
0.6894196140703576
0.6902305016606961
0.653741080874854
0.7112086975984336
0.6389248662620206
0.7005750198815085
0.6964272862208213
0.7290645629928433
0.7090635452500056
0.7583164683441611
0.734628419739245
0.562505002044602
0.6898882964079424
0.6004262577418906
0.7226532416100571
0.6565385712480112
0.6768812362350763
0.6487472646354838
0.6911763643808977
0.5597495932734989
0.6988192367182325
0.582346254372575
0.6583882169845696
0.5962972679790375
0.6867163412192003
0.6419415462450098
0.6270774628796031
0.6183741308917929
0.7138796874829452
0.8108873871074825
0.6699404974424389
0.7550491541343269
0.7381983941292833
0.7214463648359063
0.703588933750681
0.750677355921345
0.7665656030180634
0.753663226929121
0.8418748221368989
0.62189771018742
0.6230286221088854
0.7859529395905681
0.6147735616296811
0.6888366868163365
0.720559015755697
0.7243974617419952
0.7750296531113823
0.7496334602862734
0.6801464919060596
0.7213475786332594
0.5415030551807364
0.786083049720555
0.6851771684418707
0.6835871648351391
0.8539070365196851
0.7261533463971049
0.7047442908078039
0.6901349908941302
0.6823512909448483
0.6445438704362412
0.6895410573471857
0.6987971256739826
0.7336033087537863
0.7619078447825093
0.6075657044930741
0.6538667140842832
0.6918488424551862
0.7134199343680038
0.6908814703649805
0.6884053780896551
0.6225783813208796
0.7092982575760599
0.6547476842632368
0.7961859747447745
0.5064850761128789
0.5934370781813422
0.7145601573006437
0.5784319373499138
0.6365116551757319
0.6859565262563759
0.6276344498351164
0.6783357884934118
0.854855777261794
0.766324584716054
0.636073104926581
0.715879066727221
0.7253105330816274
0.570547161309856
0.6401183713022234
0.6561236105788714
0.6549267160050107
0.6949360430271628
0.705955172547548
0.6673716934574251
0.7589243018359655
0.7298553103293638
0.6588592381354795
0.6701863279647622
0.6288691690775846
0.6041710991219299
0.6693538905160358
0.6874577600916747
0.6701775864994226
0.718416384967411
0.6178016968802968
0.6797250234982508
0.6476542134049342
0.7801883468556626
0.7323483203925154
0.5346193869608051
0.8234274955202358
0.5893011418801868
0.7408185768334294
0.5753272394244666
0.5140404695261603
0.6231934470014892
0.644312209811582
0.5782618238368169
0.7069267951419628
0.6423436781258333
0.5472577254455092
0.7554366765803274
0.7484554832831015
0.7054772450190822
0.7574921810882287
0.47429523012718977
0.5766920602933595
0.7009085201483142
0.6741424508640396
0.718311164336985
0.8107451844760754
0.6733919985947401
0.6614575554842821
0.679510242485941
0.7030864890701215
0.6824979200059452
0.7239452132227424
0.6469888653214726
0.6861332658058444
0.7740354013592444
0.644241724893797
0.6519274333672689
0.6313905998685673
0.6872724395791008
0.6743495656835544
0.6695774981015163
0.6026057284312949
0.6633114812550197
0.7724346226962597
0.5908067675151796
0.8904882142492331
0.7163913756439739
0.6526144697205537
0.74393290836187
0.7437388196110855
0.7021575208691561
0.6599728263470218
0.6388380010334515
0.7364437133449259
0.5844845441492201
0.6572282333397332
0.5336388365105377
0.6470478685085681
0.694377811864711
0.5546177254849206
0.7104772842340069
0.6977017049868828
0.7060573126360422
0.7296556559128772
0.7222906857098155
0.6735704102801146
0.6555642051305739
0.6899215375690502
0.7119981542550221
0.6242490876651449
0.6239914423851411
0.8725726841882835
0.6084476358046595
0.7352116637897227
0.6939872202571307
0.8011283074099733
0.7015279582466507
0.6193998103462784
0.7257424852691303
0.7120744483213429
0.6002422084532631
0.8968447629191078
0.62037571775575
0.6441481993179095
0.660643284816273
0.6376530313785089
0.7537411688433507
0.8118550457176462
0.6603170128627092
0.6219819750139655
0.64225310175114
0.6988908115372416
0.6980584225307659
0.5915696672665889
0.604503264845068
0.6867953023880999
0.6268357121092997
0.6695096669182927
0.6864136401715156
0.7512058144512991
0.6083613483552602
0.6811022801879486
0.5791017776133313
0.6430297347312645
0.8205343649317592
0.6159352877334038
0.6487959316922378
0.6019601454605258
0.7630377356452529
0.6998187177723589
0.6530505982299433
0.7806456196946222
0.6651266077309695
0.6713754540729758
0.7342728702666474
0.6367008001220849
0.6189769508998588
0.6976265510447496
0.6396255243279747
0.7745494477703265
0.5767338775283476
0.7582202229660698
0.6767313058074621
0.5421387533494079
0.5610597189641032
0.7426023648802407
0.7231841745197982
0.7708915897645714
0.8107067482443433
0.6569710459282307
0.6998350306075719
0.739541993813625
0.5879117384407876
0.8025080363842739
0.7151297385295448
0.8721408559975627
0.6837148055597776
0.7163308423052799
0.6719842173399606
0.7477366148091023
0.75297559910497
0.621371641848456
0.8151417139320651
0.5772086165053323
0.6654400111528077
0.6434352023111388
0.6536748657253213
0.6382974886204448
0.7706701128109981
0.6514987239984795
0.6636600272913545
0.598990701524451
0.5419014886208723
0.6251181112755752
0.7622025161563118
0.6209834586504297
0.6634818367411495
0.5585373262892325
0.6175003560419161
0.6240835539889922
0.6636926261490954
0.4813485285646674
0.6868564754060041
0.7355982487548736
0.636549468193185
0.5977705991069787
0.7899950087077219
0.6687961623356408
0.6972768608083116
0.7201966715148577
0.5425037371584532
0.6588755362596768
0.6793292589723735
0.7753100574358669
0.5769300626199892
0.7378839631743677
0.6572571168256416
0.6782847243545957
0.7502520396934413
0.7403973843393186
0.5251108603796846
0.5785084125248346
0.6816867018069149
0.7996690146839291
0.7043107836660599
0.7197704704067771
0.8094140253653372
0.7622558385433992
0.7180165303597489
0.6898490740416021
0.6634036439385017
0.6110107784790495
0.6089769081731928
0.6120467797795904
0.7379013809632827
0.6546853607057734
0.7299679131735086
0.5649046197197425
0.7134672343422513
0.7415156391165354
0.5632516163253275
0.6021231546608302
0.7288242744559381
0.7291951870272659
0.7221397359206787
0.7407047972687772
0.6878842211106061
0.7445438741165572
0.6060897542406185
0.6491829599500737
0.7395450411188773
0.6876420498799968
0.6591015123579324
0.7849317750884861
0.653858656971469
0.7543297082803098
0.6087293119024993
0.5080069291629274
0.5054919055664744
0.5511778464690877
0.7526773803758414
0.8849362156278568
0.7590535314480485
0.654869714108108
0.6737953294914182
0.6479136351776155
0.6157883052774941
0.7887731621066869
0.683651229219199
0.7751592878355203
0.8145974487278959
0.716324011090156
0.5805509581437464
0.7289022610447075
0.5864784006959506
0.706168141419634
0.6449924934756418
0.759978381856125
0.603278558725098
0.7486005305486365
0.6202468573925216
0.6450553745219977
0.6175013299137194
0.6486021219601398
0.7314934284762701
0.6399571988029067
0.6916046851530409
0.6715870589978766
0.7154879493401861
0.5995216982476822
0.6496508700651913
0.6756426575573412
0.645173629304782
0.5521427482013838
0.6109211295837323
0.608630141943605
0.5877908230269066
0.7602578388156976
0.5551653038243403
0.6903298322277774
0.6521471924299241
0.7218096205424871
0.6696701225391222
0.5771298254935634
0.6602445134211063
0.7459921482900487
0.49347594455361216
0.7380082004701447
0.7345053796477335
0.6855195361892976
0.6932261352962544
0.6742878493381639
0.6353057958865699
0.6591032370728896
0.624035736295042
0.6175106673104893
0.6814998581210542
0.753112052847816
0.7073787229042846
0.6199802304254555
0.6022172030432543
0.7469699165783931
0.774992612800981
0.5435125890483177
0.6699929024304082
0.5449320542126631
