0.7424408058419617
0.7301154676484091
0.7061216523891606
0.7470154926140085
0.6521521535544861
0.7079788374547736
0.7188403556972001
0.6488713838588404
0.6936378494504477
0.7110586456944529
0.7002742923226681
0.7016924106987624
0.7033842290313096
0.758730116937184
0.8000506674885809
0.7699218840589177
0.7717487408195383
0.7397957682851259
0.6653446966641567
0.7839846297428779
0.7736851207296194
0.7603200132957223
0.7545189612856364
0.7075533384367447
0.6925533412680519
0.7115581654434596
0.7672771086485366
0.7570589369177767
0.7058205706102294
0.693634761261616
0.6670626997068893
0.6550027394299889
0.7727560706194085
0.643737670511145
0.7277113345365093
0.6959228106892873
0.7344208091158106
0.7676720909816798
0.6479881466339928
0.7685970501793715
0.7527939797263261
0.7302044889269884
0.690258335392276
0.718622435496001
0.7345702271696707
0.7636871508496399
0.7963823838330139
0.7563884178858987
0.701653355671732
0.7246600542205879
0.718418880036934
0.7183371229150268
0.7966903421803708
0.6648477380514083
0.7385353528501596
0.7521495840596484
0.6971017701041835
0.757191953650245
0.7403732184273053
0.6869349714577626
0.7575098503416694
0.7123755003147784
0.6365096269073585
0.7210089394837454
0.6802193035099237
0.7528733386645188
0.6873007747667113
0.6587751843529507
0.6980961775079048
0.6812165791035384
0.7414276334574152
0.6974242842410382
0.6985746426667163
0.7071968435917818
0.743200996620177
0.7929450243766689
0.7266539046624891
0.7618515142941487
0.7530173380105756
0.7141048365653306
0.8179172365532213
0.6901292579637114
0.754399488972121
0.6971575641706443
0.7405246596436919
0.6607791029311054
0.7310806417512763
0.8203204744532325
0.7618005297597207
0.740226934205364
0.7751559370820487
0.7217059135797711
0.8204669760354588
0.724617314324046
0.6923886029049292
0.7229739960466294
0.7564851377634386
0.732601822499265
0.7172220043956827
0.7513762598727971
0.7744111127314741
0.7024393955334317
0.7318047969203553
0.6791063030434492
0.7337440454589335
0.7567072873831286
0.7643092498722013
0.6644541753062176
0.7063821950256949
0.6862645908045372
0.7178121929290558
0.7806978133523029
0.7160060677581814
0.6554617113492892
0.7312606423004209
0.7390457459058378
0.7285151081269501
0.7158657916315804
0.7852677760909571
0.7580043995191629
0.7073500508373027
0.6973280680789417
0.7253154219934487
0.7246923769320842
0.7396966545985451
0.7741077521467148
0.6982716407817844
0.727860273827071
0.6683440425087703
0.7572525800904027
0.7346194816614007
0.7291281284685014
0.7165981894018998
0.7241848149730034
0.7377955553394983
0.6994369713055791
0.6890065337151855
0.6096657020910133
0.7387830962017189
0.8102879299222451
0.6966604150830779
0.775672558367184
0.7593205354382406
0.6283867858651064
0.6652439935630999
0.7020801639507406
0.772870565243753
0.7222809601384845
0.713989825715919
0.7136181877623028
0.7110117119389967
0.6736379601672788
0.7748236037123856
0.7783103737177518
0.7509527427085764
0.7328859225163195
0.7686089497807552
0.7518943178187576
0.857149300577887
0.6996555944287691
0.6844936013493389
0.7467755065115425
0.6939668234292565
0.74116133767784
0.7618527342591905
0.7573987194075558
0.7718866152052115
0.6807810875471153
0.6898668457862666
0.7245221234944526
0.7651564519199728
0.6975292981004695
0.7070677967542311
0.6814223788808162
0.7734000554467744
0.7285444646301666
0.7215808969428471
0.7858640341992095
0.7317606863434729
0.7777714241293183
0.7127427715853254
0.6877853966004838
0.7108782171361808
0.7295542352684873
0.7384108765134314
0.7234973435245855
0.7423544205915265
0.7021847581798087
0.7190255701761975
0.7006172529803951
0.6904267779634802
0.7102600685215821
0.6963074677576938
0.802614736367816
0.6860748791122576
0.7426303884981481
0.8432796969511697
0.6489028960763576
0.7757741442360124
0.6919364221403375
0.6689935669249257
0.7667676098155198
0.7698511704379418
0.7764228411255226
0.7167973679435331
0.7317749096524307
0.7252838208557919
0.7772399195523277
0.7193506104759088
0.7459284110408461
0.7888413224186277
0.7155905580564784
0.7268568455232925
0.7309665864602719
0.6815942731880519
0.7222066561191658
0.6946404145268873
0.7181928421758332
0.7361456783654117
0.7504975232905093
0.6394865871811556
0.7346135660678227
0.7321083531458733
0.6387459974459255
0.7396890642667177
0.5849040121780533
0.6725908448321279
0.7109374466482942
0.7048229649638027
0.7167826741961322
0.7088686102921491
0.7304735330490565
0.6908557302751808
0.7007944623702145
0.622126834415695
0.6697837387987712
0.7261414438716806
0.687919506922352
0.7848452697486814
0.655665589673676
0.7352488317173496
0.6293397253900199
0.7357226168132214
0.7257094774258693
0.7492306688312449
0.779660255578856
0.7518625105275966
0.7681295747926989
0.772930121572513
0.7369268932902096
0.678030955068602
0.7062373040400017
0.6641169143218806
0.7236209697343834
0.6429492226939963
0.7345128464565075
0.7530603250873155
0.6786255225570396
0.7215714948581902
0.701505481264233
0.6581368918685975
0.7437375425750887
0.781406703890991
0.7257860155195663
0.7342579773464599
0.6510120690243362
0.7521464336780934
0.8170221266596155
0.7492695790447891
0.6575641422959412
0.7333981522874898
0.7178835393625027
0.7415952532054264
0.6913043440127721
0.8196292229239258
0.7111911908731318
0.7563691569271804
0.7310638353674614
0.7324992276467162
0.7372682652736126
0.7182237927910846
0.7511768249942591
0.6986303495310152
0.6960252297203794
0.7469517141130391
0.842360802351211
0.7596209282215225
0.69713157056448
0.8493285493707502
0.6111527154238358
0.7296967567090348
0.7397625190373942
0.7370733700989248
0.7174289540320377
0.6618094395839506
0.7631499389704025
0.7445887207824635
0.7209513556869301
0.8360118825610541
0.6740155787928952
0.6857029109818602
0.7681109548487686
0.7367508354821061
0.6301501195196969
0.7741572643749689
0.6967417301946656
0.6840090185093969
0.7026431716115306
0.6765790137517386
0.7378924151927567
0.6296372258176954
0.7028499862231166
0.7127024262409246
0.7605019655054193
0.7150816733043935
0.7585416898337473
0.6875242987525427
0.6944576219812576
0.7018329796153363
0.7875442015266543
0.7092462628412807
0.7489634854755327
0.7261108065355659
0.8861986619261243
0.7123936244928037
0.7434756465635521
0.7299006361760437
0.7276663741803253
0.8062068068871615
0.7570007607851414
0.7163711426886981
0.7846104939603383
0.6814647571829839
0.7623706977588973
0.7016697233165097
0.8143231623906725
0.7390660474968912
0.7294701549999119
0.7859843980684827
0.7488180455846911
0.8188382076490329
0.838465357771876
0.6913222788003317
0.7661575277393347
0.6880982361807687
0.7174333457061067
0.8308571459371629
0.7526784554953094
0.6597403703276368
0.7549835113560757
0.7439342443805048
0.7066426148881594
0.8375430504902641
0.7019664978080938
0.7317796152515059
0.6427553602361985
0.7040163170048219
0.6808601643536226
0.7461259022081028
0.7388151610774322
0.7701916708384029
0.7106409570230049
0.785354209245143
0.735566583833067
0.7386378688531187
0.764151151545006
0.7826131274941608
0.7465573529851864
0.7631324019488905
0.7476419681380795
0.7930847094712449
0.7696379113773533
0.672387559308054
0.7472099182529393
0.6913365966802099
0.8102283986829548
0.6997355132794514
0.7996120363155649
0.7145794259172549
0.6561508877636465
0.6763234375012538
0.8290861548317957
0.6509815685872232
0.7796229634925266
0.810246801423386
0.7619605183379462
0.7468708069094628
0.7182630188718703
0.6746917491101253
0.8294477621275218
0.8349457626760293
0.7702571569230565
0.6474978000217764
0.8174675629619897
0.7150812479942081
0.6739779329748034
0.7322934460274758
0.7716291559971546
0.7380810218231751
0.7461760631308513
0.64559591015831
0.680958776340833
0.7446964789001003
0.6997797804901433
0.7480847067324331
0.7190946515006318
0.7310168417829793
0.7752974080231837
0.717164337886698
0.8629945234535717
0.7188094064457594
0.6747545072548333
0.6694853716400083
0.7706531533538161
0.7240995613640631
0.7473986374727997
0.7257993897263401
0.6693180850854069
0.6551871939658217
0.6465436890986622
0.7999847323757979
0.7526171206138308
0.7495224535794552
0.7489188067209731
0.6517363811758913
0.7734266559813543
0.688587478745522
0.7645771228231779
0.7684996701477644
0.6869824337530089
0.7711825565901703
0.6996184650573531
0.6086186776207438
0.6493178869914454
0.7470533799163076
0.7275065015223272
0.7314274291484112
0.6222668313529733
0.8004875442688089
0.7605926225231036
0.7215133555446133
0.7609845409543159
0.7116646476217137
0.7638840096943834
0.578876794234859
0.7243027531432265
0.7333584914736515
0.7555228651097148
0.7143568872374798
0.7412116710529687
0.7574269931185277
0.7676861952262073
0.7439353699337493
0.748999011739975
0.7453432103384454
0.7238282607521076
0.7248479555781697
0.7701469426573855
0.7621944324618191
0.7140756866741971
0.7401108994796531
0.6425555358332455
0.6560721567143418
0.7444282325532207
0.7463708870908722
0.6861056391206408
0.7453873699798818
0.6283238210771963
0.6944413555414292
0.7475862351312754
0.6887249221756903
0.6916907286743863
0.6744631799975074
0.8248157169409924
0.7632301584121948
0.7627747931042602
0.827678312647946
0.7557749624560754
0.739734154772146
0.7434719851728275
0.6818207412898624
0.7413662151107786
0.7069855515282308
0.7545670654256474
0.7362227174340529
0.7433520840387351
0.755977035215872
0.8040773329946053
0.7352687278379253
0.7433882151747884
0.7924620510961772
0.707361202361299
0.6922980931398094
0.7044054513706909
0.7249452285351975
0.6664728640726779
0.722699609838952
0.7864266384712537
0.7892596256207687
0.685749529073903
0.7118974994888364
0.7500056223928938
0.7263355850705926
0.7088074630141933
0.6665752800886189
0.7294863587174447
0.7264500365532217
0.7772603943972456
0.7772718936192072
0.6799206688098737
0.6987618970727912
0.7200599682616394
0.6991149940982821
0.703202155363351
0.6952240138928536
0.7169689914012025
0.7856869755665047
0.6602062424837037
0.7882157240518299
0.6826856583298914
0.6924992618835835
0.764733210177127
0.7492610735139749
0.7252558345060907
0.7346766309328454
0.7333019580665169
0.696980539248999
0.6889159046264983
0.7264923319264139
0.7403317467176023
0.7667970755451602
0.7299629286001673
0.6795695942860499
0.7188803588827861
0.78857121088696
0.7498551579921582
0.822958069344445
0.6933903621243006
0.7702410771290827
0.7297560509043017
0.7393335500207217
0.7122829312276509
0.6835771129356584
0.6458446391859646
0.781740451002972
0.7099533152083012
0.8267018139313874
0.7565848108064251
0.6913026106810737
0.7219506174171156
0.7301222160600058
0.6481909743924746
0.715944469736491
0.7418330707714024
0.7896576141433092
0.6788839325806997
0.7004816271367776
0.6996088500270291
0.7400161046026779
0.7672037884718077
0.7499325243052781
0.8336503662308958
0.7107234288791927
0.7593675948921876
0.6905102127016275
0.7177732896282887
0.6917909093441517
0.7913009717768067
0.72244689669333
0.748955517878188
0.7631450281653329
0.7155680000921698
0.7071163657194345
0.7726775427645677
0.7340273964423742
0.6839283785624085
0.7632183913689792
0.6473990127055975
0.7471472285291428
0.7294153687399417
0.6869207779214035
0.746393735375023
0.6513395008192752
0.7576107921585429
0.7088790708515803
0.7006151419275876
0.702717295084351
0.7141854540356477
0.7589718783883429
0.7123913427862513
0.7406366634145558
0.8266188545522976
0.6097170047309426
0.7681227189312709
0.767091017030727
0.7425000343870506
0.7274407102241293
0.7069728348735068
0.7059420571256805
0.7534820718571424
0.7374821322616008
0.7246706854662326
0.6781380777705507
0.7593268674517537
0.7026741132204815
0.8288206768294596
0.8594411130013562
0.6344658388494344
0.7010187035932588
0.6724258095934421
0.722309228827116
0.7526223340140326
0.7159706755578796
0.782560207990112
0.7383553272710645
0.7448539655018442
0.6703886574180236
0.7600224076425184
0.7132134409999553
0.677623314433988
0.7203405053369841
0.7071196552587148
0.723098908561502
0.7541315642375328
0.7336691248902416
0.7200532869236148
0.7167047697951571
0.7843110225780637
0.7121308392896434
0.7116464054435601
0.7413076622349133
0.7027466924785455
0.7251496699130213
0.7103252176884031
0.6641404295459132
0.7451146059561827
0.8110373554068835
0.7620261519636977
0.7304533400181296
0.7256282563187036
0.7201882334986159
0.7695304911665871
0.7593973296680587
0.6682371135331019
0.6848066637248311
0.7104740295151658
0.7521628011983832
0.7660943042371928
0.6628338194687147
0.7589361343431305
0.7435241252859305
0.641670647698546
0.7127144443737111
0.7986714037109213
0.7624935260994823
0.7151884131105168
0.6785379810576315
0.7276141027784678
0.7224847825994882
0.7762899538179054
0.7769640975146453
0.726794097469114
0.7940983533792579
0.7328454650082971
0.636531805886074
0.6374358184793035
0.7073679184858387
0.7447128618783743
0.7278557516222005
0.7250248747227535
0.7802817183049384
0.6973248910418253
0.7724205721153747
0.7397270834335734
0.7287131569910651
0.744896262703115
0.6986169928060407
0.7870271707536239
0.680268227785401
0.6795564705685948
0.7105918677386774
0.7541373564259283
0.6668053259606439
0.7165996736092103
0.7138614047899886
0.7524753914416906
0.7072448126979397
0.6913992926999797
0.7829377411790244
0.767024249667398
0.7630106524316959
0.7179970082056282
0.7569481379755724
0.7477982977780844
0.6756052940155074
0.6175128928001509
0.7800812145023373
0.7902975173921918
0.6867432739695831
0.7431641690954276
0.7315177539238447
0.7458555996783441
0.8081450775949395
0.7562229064182162
0.8273770975706434
0.7108634848887441
0.7232479323293839
0.8193206863541596
0.7402089785754777
0.7446433185668325
0.7012344460712877
0.7678656861048694
0.8429774482863972
0.7255010006782319
0.7243626573292495
0.749222924456018
0.7701616648788615
0.6436304191996369
0.6707515281085004
0.7481071285676975
0.6776058446913229
0.6978631986341992
0.6639720390566097
0.7478873591338485
0.7117734195259701
0.6971713223825144
0.8109456343229604
0.7611030170781087
0.6929118098705107
0.7114174311333811
0.7282383396487446
0.6912220277839504
0.7127679449629227
0.6989947447348515
0.6764241772187302
0.7019365861411972
0.6895231683638493
0.7499509757148536
0.710622425269
0.6419908873432972
0.6965261004863349
0.69695585715974
0.7571554326002883
0.6835622396686629
0.7426148051027079
0.6988556886989464
0.7635856751493516
0.751015252123444
0.7549426068018604
0.7225715181237433
0.7226341204836171
0.7481280857140211
0.6632201466953899
0.8550390390439739
0.761585731295495
0.719219883116038
0.6875183176413033
0.695847264857148
0.7973294727666372
0.7596027156671712
0.66749176006558
0.762565951236073
0.7019236889084816
0.7373259688266034
0.7062421800192699
0.7214678820279014
0.6244945428457503
0.7701882827490896
0.8394789627199836
0.7117772369324299
0.7169910326985663
0.7548297585546615
0.7302152927310113
0.7216328877501703
0.6301991946777825
0.7946923028101875
0.7222314803222005
0.7475293149820048
0.6922346761930652
0.7492085132785179
0.6813501762827076
0.6627370957953129
0.7563490591812455
0.6878192572730867
0.6928371047727984
0.8181568579936481
0.6600872101092768
0.7101886100768594
0.7947358333549637
0.6861633245001784
0.714864736946082
0.6515183759413059
0.7042666436957067
0.7941316432212955
0.6497720567023567
0.6765771562649285
0.7641126799635425
0.7455700787775998
0.7302178694240883
0.7180606086318637
0.7579134072825949
0.7585496727169445
0.8041338693039976
0.8068799950186999
0.7063419722008261
0.7181549673281786
0.7069908189375967
0.7357759600277334
0.698392951445276
0.7392202460087132
0.7331136130522792
0.6885137974155189
0.654512328934189
0.6991649922503912
0.7252015179245551
0.795470985106918
0.8418621896417262
0.7308160002612396
0.7158992162884272
0.6817826235090152
0.7274048282890739
0.7702297927957862
0.7270608438585954
0.7142269067582095
0.6288071073969212
0.7535076310628965
0.7531753394533676
0.6736877646805867
0.7530465668901719
0.7619539734864033
0.7252116082036426
0.7486893541723997
0.6644259537353897
0.724567020572621
0.759903795122305
0.768392918981415
0.7417449330566009
0.7992267435351884
0.7497151785106981
0.7988966522090517
0.7121439683105163
0.7381516184090249
0.7165885895043896
0.7480062020242298
0.7035726011962707
0.7086681202862238
0.6694318960515657
0.7563656420490366
0.6817939677643907
0.718149096944309
0.7649907530338571
0.7631181995504446
0.7953724612372164
0.6743380708790053
0.7114778214352189
0.7133236999230387
0.7462246467721878
0.6891146358372936
0.7120846616245263
0.8111820387973591
0.6991774469824059
0.9070228850529253
0.7634269561517977
0.7305655721802853
0.7645076844082738
0.7550403738710847
0.7710450553661139
0.6941783240415137
0.7319902983318056
0.6493270062673383
0.7124262708787065
0.59646534363439
0.7380925095578069
0.7658387303759111
0.7354244896586715
0.6828885098629649
0.7214136660063332
0.7223254276949302
0.699894571704793
0.7081919758990799
0.6454196917380263
0.7178689435225972
0.7777483766872445
0.7917350359325557
0.7465921277867968
0.794184086036963
0.775756482118733
0.6323555921813596
0.7578797427906477
0.713238756306592
0.668172984004293
0.6996683763993101
0.7645983904975888
0.6796374430210802
0.7258768697790471
0.7332644193248893
0.7114330191824039
0.7308768525873669
0.8064806069336521
0.6689128391467035
0.7115632535046787
0.751907178035201
0.6837597698997474
0.7148351673088429
0.6952117031704281
0.7182865097191784
0.6947796473390656
0.6875677581365267
0.735194319484455
0.7366775821473952
0.7103464673769431
0.7888926952780955
0.7046678123118567
0.6581481248481336
0.6963939273245915
0.7539488362255021
0.7384763949112362
0.6928142470106666
0.7689345418160571
0.7229598367782177
0.6912331448934718
0.7098157667315608
0.6324150837422429
0.7891321020655762
0.6798908839572848
0.8062203112259524
0.7670222529469267
0.7324145084474735
0.6541290697769814
0.7540849057780252
0.6890531251272484
0.8094209566934525
0.7089486489586038
0.7573801420250788
0.6505359430910175
0.7220772189800251
0.7913404074458286
0.7253348698877633
0.6789474248370724
0.6959877006197541
0.7965037704344652
0.6478650954292693
0.7920519771592361
0.7621908755050505
0.6641260409214044
0.735622629590343
0.6697124646501483
0.8131130370567674
0.7550222313731133
0.6558567449123314
0.6926655813565076
0.7457810271288744
0.7374606127526012
0.7139597963830008
0.6964642347346086
0.7351542075209436
0.6850441031896306
0.8054520401831553
0.7680627554008783
0.6677329559093702
0.7489903132414636
0.7222437740017748
0.7529340451244119
0.697935839089012
0.7289794295765699
0.7031353983734354
0.7427066428397229
0.6887305896781007
0.7494217672979981
0.5953800185467301
0.7991105914768817
0.7486971576539793
0.778597454240679
0.7404180041316655
0.7474504835648156
0.6645173831697907
0.7005036456022687
0.8188771247715761
0.7226682571106641
0.6454788265288326
0.7793282737952318
0.7340202129268542
0.7679572034192697
0.7606843532778775
0.7657628840046614
0.691058696679926
0.758525706472513
0.662732028502176
0.7725524749178009
0.7670249238348614
0.7214259213174328
0.6618836814715302
0.6912188548583339
0.7008668788237467
0.6745161227230593
0.761148331452553
0.6762117257284864
0.6627795748190496
0.6981153509012226
0.7533454681663001
0.7378206497201327
0.7055353934306637
0.7447040276717939
0.7482742020381404
0.8305046441798187
0.7386942547780966
0.7905764787455316
0.8038473796920053
0.7108884211476447
0.6883707353413172
0.6861135871730952
0.7826729248907037
0.806320379555435
0.7767924887761138
0.6528569814604721
0.7807444215674324
0.7830629373280479
0.6346057657700348
0.7998093762791433
0.6989947544857408
0.7079377150431019
0.7329448840244256
0.6490371992610133
0.731907288764285
0.728504018409168
0.7585197341587591
0.7199587056537402
0.6975194745063427
0.7458924400336844
0.7609092873777868
0.75072411540688
0.775678935474901
0.7849929592114513
0.7775504889334891
0.7412567958252684
0.7315898433534049
0.7242268479492331
0.7858784217659593
0.7927778224045798
0.738695623598708
0.6667338324194144
0.7593751813508225
0.6660773213663442
0.7608705409013862
0.7882281621352043
0.6819114603239829
0.7800951437457966
0.6772688180208738
0.703282358715912
0.6078608129691042
0.7481951288247546
0.7310039977373025
0.6635942165975582
0.665460741174119
0.6247190429422765
0.8172012596381628
0.6229216435104207
0.754801724015161
0.7153787209534141
0.6320282258355436
0.6589155420126137
0.6370112924086314
0.7090796769261566
0.7600284402436077
0.7140328248746188
0.7480497693996606
0.7615594265735515
0.698938358774277
0.7658534906201192
0.7128286786512558
0.8057809168267225
0.7468004590048198
0.6987291055764354
0.7941432662023222
0.7921710947970779
0.6860128772447135
0.7315839261045516
0.6748696981547414
0.7132408688738235
0.7871013043899214
0.6701973433499486
0.7565278376739938
0.7059023528821741
0.7448599006769214
0.6242232466398102
0.7578888937642723
0.6448540074857018
0.7421912960812798
0.7697550574792863
0.7366989166088791
0.6982914069663
0.7399503956309119
0.709584578654914
0.7677937385062666
0.7301443864755881
0.7498872273943716
0.8067631393011996
0.794882392927733
0.7174766725780823
0.7274521095493205
0.7394075596107272
0.8705151146946296
0.7853165496633693
0.6970230987153491
0.6755972691482892
0.7468950278143176
0.7405579459086462
0.6500129292359206
0.7310830614370671
0.7533949176231225
0.8055294404416262
0.7541350463757792
0.7057301248391517
0.6759361511234975
0.670407937228399
0.8041955232012741
0.6430977642550735
0.7222623015753887
0.6987794087892075
0.7355146668375987
0.7411446793668266
0.6712505900858865
0.7015814787274426
0.6887259974468255
0.7480718990951528
0.6810432126778482
0.7629364396325251
0.7067493334332947
0.760893670439596
0.690416477355803
0.732581520137994
0.7248457492395233
0.6977608052130515
0.7203696902301864
0.7329239113629167
0.7304926229722095
0.8011958498474456
0.7908741480573387
0.7040308439220283
0.7483011406509191
0.753171987441447
0.73497440053567
0.7613728008429981
0.7765641811163737
0.6609870230848771
0.7781109300094857
0.7027775458141422
0.8733738483129201
0.7876056098950859
0.7415077958731378
0.6769521533920655
0.6724163819695603
0.7418207952032931
0.8213755601988569
0.6671658951655405
0.7432141191290859
0.7401076788415457
0.7118719108092887
0.7488132047557241
0.7111042570101299
0.7160478459864241
0.8209752315152701
0.7134554291723268
0.6457480116037596
0.6634681489071702
0.7452177195147214
0.716588903047333
0.7290459381351173
0.7639368596220754
0.7348946975921764
0.7542660623261446
0.7432891023128374
0.6967431115200109
0.707795478528335
0.7120706267030571
0.7703095860475129
0.7847325601571966
0.7368667059885469
0.7800122704549409
0.6265331858336233
0.7529327819559228
0.7287225617218125
0.7094795158880324
0.7639059274211408
0.75157479221535
0.76673957844395
0.6925815071433217
0.7256294220341951
0.7241302775680328
0.7358062520512264
0.7343464299148447
0.7095641543491298
0.6735423461186766
0.6651917962219916
0.7417249226980317
0.6851685303057904
0.6997196835328623
0.7053035550089588
0.7285769432370091
0.7426185385460963
0.7009064238717744
0.7365463413464921
0.723973820185306
0.6929189879067688
0.7133979173261952
0.7426835064924706
0.7548203551058246
0.7398559299872233
0.7136426307903915
0.6727226908517656
0.7518988776947438
0.7387154927492569
0.6963086362273193
0.7075095292860735
0.7515909994354836
0.6888911481757182
0.7236033257533614
0.657775586244089
0.7621176704343997
0.7698455893861513
0.7335339936559689
0.746370920710558
0.6775157865167533
0.6551274650866177
0.686849266898106
0.7425398193439754
0.6982191658528318
0.7099508421621281
0.7017255176974572
0.7828985337566874
0.7323404961875161
0.7311703391612328
0.747684535480711
0.7760139121234157
0.8170883235728735
0.6730382125761509
0.7019516270015216
0.692290033987339
0.7330209875197534
0.7149673252513018
0.7399393671464832
0.6710478916081848
0.7666355535852343
0.7096234558737433
0.6831096047519772
0.7036037344894075
0.7213736091032507
0.7367441581412183
0.6402449626398062
0.7083191164048867
0.6904130624053633
0.6823238636122017
0.7425653784708806
0.7037187039089355
0.762233862573063
0.6665517947888312
0.7503198817525393
0.7599768693170078
0.6160625414813737
0.7295524455595948
0.7068659708700012
0.7403265200956225
0.7149123659652203
0.7316253556986912
0.690171701800848
0.677640302874365
0.7864728628970139
0.7665888539057274
0.7256009395288471
0.6890757839915859
0.7007967887775719
0.7325540839802681
0.7041772644848155
0.7381624964984923
0.7251681423763269
0.780853784764517
0.7418480433534875
0.6790031120415893
0.844570714604639
0.7345012744916823
0.6890332453665561
0.6989614390083361
0.7621249247961982
0.6677842093588631
0.6537193575444403
0.7355196747550787
0.7528656946996805
0.7405206907415461
0.7653778569447681
0.7636289949495799
0.7612762687873278
0.7305781462478832
0.6890264036787846
0.7130075304362002
0.7023155658067414
0.8015700475056359
0.7030102616013534
0.7398786973069402
0.7629350103985407
0.7747083128118092
0.7603620979031801
0.7199879360747742
0.7814380378476913
0.7470095854277763
0.6949854214509268
0.7142110729900719
0.6988655272480221
0.6918429812404376
0.6589529205743708
0.664334885143984
0.6649154717021012
0.701888340869199
0.6326763039286507
0.6629204502360323
0.676299730802139
0.7162029356549224
0.7248113416323481
0.7085763884633219
0.6340145087155433
0.6948135457331729
0.7075415964314103
0.7333646513804633
0.7283460080468808
0.6809364555126288
0.7402504512127163
0.6974438395328372
0.7479704145355388
0.7819509193272729
0.6446238709740746
0.7129878779474993
0.6954873359030863
0.7456874369082511
0.7217317453766019
0.7422097915852366
0.7165949638388055
0.6619078999268027
0.7022782239507984
0.6111268734400124
0.7372937697951487
0.7179664453694126
0.7083091776400224
0.7262276844941281
0.6718794984620315
0.741786921330932
0.6138099689010547
0.726012004519645
0.6994303458455527
0.7313188798683099
0.7902006100252305
0.7676429010120503
0.7907426351204222
0.7830744919963868
0.5941102762058287
0.6992875619240508
0.7918294945267265
0.7850290799836226
0.7561881838206831
0.6884407427024107
0.7205159907049333
0.5976370725004251
0.7247993144865996
0.6693455872728276
0.7490459020640743
0.7128645176457218
0.7065790941076626
0.6762185855089725
0.6986527913975236
0.7544879623802561
0.7212140705849284
0.7861893723628877
0.6971556803716797
0.7765377907688533
0.680760281519941
0.76245310186494
0.7870646458436463
0.7227686759136823
0.6391933529214929
0.6590744896113171
0.7508056449839376
0.7058872002981951
0.666296239693235
0.7991266485410168
0.7489801655824623
0.7277013019697388
0.7221445490418679
0.7483845163169929
0.7484589561642159
0.7937173523338452
0.737601732459961
0.77888658201962
0.7317808169928274
0.817719718429074
0.7396100380807094
0.7429665649990852
0.763614114641411
0.7279874390769205
0.722042212623027
0.7523957014596356
0.7206291305791815
0.6685795309412264
0.6974841453325674
0.7490394664417381
0.7334720382860663
0.7169154055483353
0.7005599552986035
0.7009839959380284
0.787548995484864
0.7028289199159014
0.7574183718589664
0.6972100138071567
0.7102363562327244
0.7444381477621249
0.7537966814777475
0.6895043016578729
0.7135998801201474
0.7387216143391372
0.6503638553006186
0.7209202364927844
0.7130358064784688
0.730708795247181
0.7686941180852381
0.7364098346654206
0.6507804356186355
0.7190141302618884
0.7515635268566763
0.7329101147238646
0.6589312050215512
0.6956387031441919
0.7039518532143738
0.7396389634720278
0.8178337908499889
0.7956100661804256
0.7304784899072101
0.6544099169806759
0.5880570869238196
0.7244978501826779
0.7539966653772211
0.8168785932749759
0.7044138910984453
0.7257036540873767
0.7783853877885272
0.7930425211185794
0.7924116240737039
0.7046510349192675
0.7232842556150587
0.7038408942547792
0.7344241780125791
0.7725137111867706
0.6966424522065061
0.771127228746145
0.7366549801639714
0.7031988629556903
0.7159896052527676
0.7421710210259025
0.7377362435350873
0.7721879630191577
0.6914174817510402
0.7734859767513516
0.8110873456413044
0.7242892796157137
0.7817245375936576
0.6794616262484797
0.7157880326525949
0.7033061225484024
0.6629935593382043
0.6893193725175897
0.7166230490143892
0.7468058862868259
0.736734366325391
0.7329737302124604
0.6262276067850805
0.723185942557153
0.7420571431397726
0.7283265505155583
0.7600757659157998
0.7494257465450079
0.6799171900392015
0.7285376446372986
0.8305324742858435
0.7463329375099708
0.7464761763241078
0.723909355026416
0.794111549246884
0.6882454095723971
0.7442689114945105
0.7158266812817358
0.7412692666925854
0.7000021487106415
0.6903808558647753
0.6920688903841317
0.722365643185683
0.6631306223975941
0.7365496813312588
0.74435106577408
0.7084949736812185
0.6791711041951143
0.663512376174361
0.6862570493080471
0.7587932845986278
0.7501016196803091
0.7332046359171351
0.74910238091714
0.6529137435374556
0.7288628035450586
0.7458527346678197
0.7097882762794915
0.764172297351994
0.7050434494088532
0.6768491132028268
0.7799651870948436
0.691336977319598
0.7621165431322867
0.7215087000392695
0.7711223702470715
0.7184712984194896
0.7428498181840795
0.7309718404542247
0.7246736102292949
0.7841419865521263
0.6104688285958758
0.6276300042266514
0.7416712978330262
0.7118454833565118
0.7134319960268837
0.7475879616820826
0.7454722241487053
0.6288069684730708
0.7207168798300865
0.6839720088010847
0.7316166429524655
0.7496680666472698
0.7499631783987251
0.7388474095478029
0.7957192982382976
0.7705479822825385
0.7203016035230577
0.7388019344816619
0.6840500124738631
0.742753033914983
0.735720504859033
0.6401912967364691
0.7658360379342116
0.7289101076883868
0.7223172127674259
0.6960831903796011
0.7002562918248607
0.7600496372079878
0.7512018787528311
0.7292863420902597
0.7538567657139993
0.7683559960261106
0.7854964788064348
0.7239553551359347
0.6930769678089
0.8324065626930097
0.6578630702280798
0.7504412765724556
0.7385961132945169
0.7821184851890333
0.7563929258577472
0.750573151871347
0.6904674873256226
0.7467991947834717
0.747419119602813
0.6659176401733381
0.7285336933162492
0.7445615857125958
0.7645450841187628
0.7333156503652342
0.8090182737609113
0.7504493428250777
0.7061089073102753
0.7226695309957758
0.7734599623845415
0.6886176092369577
0.6768630992087635
0.6755273394379481
0.7671180976120123
0.7535453474798911
0.686339574498332
0.7089079881053628
0.7377890455145837
0.7725531136563514
0.7511386395323654
0.7480986345459864
0.7168848779354604
0.6347456381390933
0.6879042754312604
0.8096157276849422
0.8240779281613475
0.7708747977671913
0.7906070530192633
0.707213442199569
0.7538236379703698
0.7312555830721661
0.7569864334359021
0.7958783273124858
0.7487773227945529
0.7483620717080639
0.7116284852780365
0.7629410475686389
0.8311382424346732
0.7710195557963735
0.687065238574947
0.7066849259165427
0.6209023846276015
0.714209832547922
0.7062413495490879
0.7229686981239707
0.7664930631213392
0.7933444833175498
0.670229375179515
0.6864352660096541
0.7502588986463038
0.7325086238356089
0.6871764577344103
0.717963483981496
0.7568943941831142
0.7101050476609475
0.7741818775546946
0.693735230506591
0.7158592654923644
0.704443162476263
0.7543332201421983
0.6631463183979472
0.6495110397123939
0.7201304161841218
0.6868238523331037
0.6325625573681101
0.7571356357768353
0.631867333815371
0.6596838958588633
0.7532165755046168
0.6512339195463116
0.7162267834299121
0.7169349932356306
0.8290331848081024
0.7724696025743596
0.7162041217538043
0.7114406009462937
0.7606566193881026
0.7301687574435054
0.7504363640381496
0.6974320937260381
0.6675432200381792
0.6387231888430668
0.7187512927766028
0.7410479008623115
0.6400037434017659
0.6671039625759971
0.7430462614718168
0.760035907105561
0.7595695180290765
0.8083022957571643
0.6903430767680949
0.7274491126371765
0.7428774808018487
0.7698913875613276
0.8202640154405825
0.7261177746967117
0.7429710519705504
0.7137781865912017
0.6814452760300593
0.760571588872825
0.759557739750836
0.7912986880520754
0.7114632168823594
0.7785849826641624
0.6951017582212163
0.7313246796932134
0.7018432112482645
0.8025974314189127
0.7295300953626643
0.7542784775919384
0.8526808211119027
0.80624789600334
0.7532849017223873
0.722129345940443
0.7504572939492297
0.7681144668988039
0.7901469315727268
0.747339381464439
0.7354475997678019
0.7734872562807074
0.8249754870350375
0.7650262516412193
0.7269783904390476
0.7493640002375977
0.8281112910348595
0.677220711742979
0.7338170358276229
0.7294123112474147
0.6873274369266409
0.7154166215658073
0.682428226786147
0.7374882882829062
0.7904916905678189
0.702321379502394
0.7512394197291405
0.7539555185099335
0.7840488143548757
0.7628232039025051
0.7617537557845901
0.7797505633802753
0.7217676725891399
0.7780375523394457
0.7227588657273842
0.7261845563455271
0.6547919624567075
0.7091916284851897
0.7716256054571385
0.7415349324082634
0.7684476213920227
0.7575383585441922
0.738469483522282
0.7759863756950752
0.73889813988923
0.7671015513156709
0.7230494432522314
0.7114846347784748
0.6725864562929876
0.6982587514854739
0.6674412111112104
0.6703286168437597
0.7750373342652208
0.7604392601983352
0.6249295280933875
0.7472676533413458
0.7382476837859329
0.7238310506125695
0.7419513564907368
0.6378434581300217
0.5681791331851979
0.8033668287006499
0.7163736818568189
0.7821984763691617
0.7731418077624848
0.6755118223456571
0.7346259090762036
0.7840147420338004
0.7581150068416466
0.7729140223716597
0.6253867200546738
0.8246717555813043
0.74107853427784
0.7822052887213304
0.7334604772596274
0.7106129479180471
0.6918140595386664
0.7167938823950504
0.6714944609325605
0.686966164130486
0.732814240887522
0.7898344120942797
0.6946479624307041
0.7412807100801976
0.7135096487258351
0.6816509060470639
0.7335904461184786
0.7168744617804625
0.684468141798746
0.8012540351523909
0.7514491426274004
0.6733903450410157
0.723296055867649
0.769164520794457
0.7206082247410572
0.6520162106635589
0.7395633625230272
0.7967945527435273
0.7816646106614704
0.8146570292149737
0.7272050403931756
0.7532599366885295
0.7176571928295
0.7576920375037394
0.6708871890771854
0.7328505576794433
0.8185897352167998
0.7146068600496883
0.7214938018594369
0.6935317799723316
0.7495530601115366
0.7152155065102568
0.6420092371737467
0.7479396768153572
0.6932274292649206
0.6748797416702402
0.7498400166202527
0.6991672246462204
0.6806732512326393
0.6708449216660821
0.7086522350149407
0.7104608503547889
0.7296724787253213
0.6498805910773324
0.7421367528328056
0.7236229962568631
0.7085712709481965
0.7645238244858251
0.7533620381926132
0.705158932232366
0.7462310182890439
0.7060871624233755
0.7836584618409258
0.809880185849328
0.6884870917604321
0.6149567906523931
0.6476926069379468
0.7150140487619012
0.7071277695130347
0.7389025846563031
0.7002892278731203
0.7688836194323209
0.7846023358961045
0.7330345229658752
0.6652274193071782
0.7371507013011681
0.6554598956240448
0.7880685892201175
0.7798462279183572
0.7296956530275451
0.7372819233005916
0.6830811614658078
0.6935022421159499
0.7152182542448813
0.7012492097525088
0.7393869632716323
0.766074843797889
0.7529587338269708
0.752581415991441
0.7349786802095479
0.767359627210463
0.7643922255639388
0.7744263971281503
0.7316030095044879
0.715574644622211
0.6602816314592362
0.7705351730598815
0.6836612447485927
0.8387634941616398
0.7157337785858274
0.7621265027754246
0.7647237237767338
0.6230449648837068
0.6582832477157012
0.757655890137944
0.7037140033362418
0.7047682089183953
0.7356168056369341
0.7193429692900415
0.6809773509128433
0.6967809352193898
0.699009314471389
0.7373773610808977
0.681472250740797
0.7158530175536677
0.7165804139347693
0.712734969154685
0.7509106344851709
0.7079631467226687
0.6743732726647583
0.7159832896446965
0.7725007128317035
0.7453269333267828
0.7392774599789785
0.7105515478465257
0.7043296066876243
0.8038722413779149
0.7197808452869953
0.8232148396164196
0.7391656352099373
0.6963339734925152
0.7197365023455993
0.6997393418492562
0.6618603640148429
0.8068341387855303
0.6644925691981758
0.6918223329287253
0.6951581755862498
0.70051672669002
0.7746513366300674
0.7344985140530282
0.7225473879218793
0.705693543047206
0.7248724253306744
0.83061630975229
0.6995782272088172
0.7711453844534779
0.5787573124370756
0.7036700781567529
0.6586955521409606
0.6676313499197247
0.7648920393467706
0.683678990406553
0.6585828761878579
0.6709511529673918
0.7781364107230976
0.7546405634450168
0.6866880766679668
0.665343786181114
0.6765410868105942
0.7144414027251929
0.7772377963098274
0.7386364100801011
0.698581421688551
0.7476066955760896
0.7535613367553091
0.7320112955240138
0.6383751573883689
0.7899205312151414
0.6871990510245892
0.7751199872456918
0.7687989754582899
0.7571461402026134
0.769369121013338
0.7629138867356838
0.7059385904637906
0.8049819724525704
0.6472415706460661
0.7103784216399902
0.743168346866463
0.708179684760957
0.7326568443006826
0.7908166530719318
0.752490326993217
0.7306791733716538
0.6851174626447529
0.7802555419119852
0.7319209541813927
0.7851320158966312
0.731014672919024
0.7741733759503134
0.7062028360439965
0.758503652354781
0.718556116175457
0.7813314281665095
0.6947258784062322
0.8138121367575911
0.5886020616538791
0.7061165005234624
0.73161511777899
0.7147760219449762
0.7501952114543573
0.5278407929796545
0.6745205845619565
0.6154555688617638
0.7168785018724599
0.8116836686517663
0.6881142452806622
0.7077721571654334
0.7802745176529879
0.6989773488262369
0.7037978241946266
0.6641924897741928
0.6895934035816408
0.6904064653463753
0.7102403386934274
0.8077793857635776
0.7272335180494615
0.6613881896035159
0.6918010544634928
0.7437871599291911
0.7673399784974281
0.7134329714152691
0.6955902526612193
0.6905218281510265
0.7930495128299219
0.7255932372163032
0.7047340309107578
0.6908096363007564
0.634796053358488
0.7502137941718588
0.7218472502989486
0.757115344804658
0.6362951495362488
0.8018136251058006
0.702102493625194
0.6946121666314687
0.8132755091576708
0.6809438792412551
0.6545864139659436
0.6947912063308291
0.6820042067301443
0.7547996806796783
0.7434032194208753
0.7320071987822487
0.7536541482470993
0.6737823561879864
0.7088351968428924
0.7528886419362628
0.7388271821418804
0.7400710713406469
0.7618731654374955
0.7451606190237159
0.7615593160221032
0.6500054161933262
0.7351518435862963
0.6550125145915724
0.6832026893729487
0.6744413300615809
0.6899710683064915
0.6436618015896958
0.7338720810825341
0.7720534303874883
0.6870804046308431
0.5731922756606697
0.7543557137959135
0.6700548053250943
0.6313663016974689
0.7584544964330774
0.7350204782575648
0.7518364895068648
0.7052482863270509
0.7693164162056293
0.6899078778460527
0.7154437187603422
0.7039444816355874
0.7747059213222492
0.7540035465438294
0.6088495919626817
0.6765674313577785
0.7356969218094283
0.7497879249126569
0.7474495465338202
0.7692684499514476
0.7788780947010935
0.7496460309257107
0.66919737757908
0.7875885629777921
0.777786152972572
0.6558663770014107
0.7225758686082553
0.7308227304044971
0.7133314214943879
0.6866185824699219
0.7571424516810094
0.7155025259839084
0.5704155242068315
0.756107858005786
0.7605888029480481
0.6475210872123738
0.7262569806126947
0.8008127456236298
0.6633974613064019
0.8360079337632508
0.7712540752210542
0.7098465033572211
0.6740222525455639
0.7109984575288616
0.8094789084807891
0.7652584274335228
0.7067014018296859
0.7010196558444248
0.6838373634847729
0.7618538700332691
0.7242832233972945
0.7291463408264065
0.7115731144293549
0.7039730535131447
0.6714890887377805
0.7456228456330478
0.7821840622141785
0.7593994984721262
0.7300885416963673
0.7408848563174392
0.678227342049317
0.7709694901091898
0.7249490675061381
0.7710741823953459
0.6901180008926672
0.7433963895615308
0.7238485750847591
0.6646686152958918
0.61088998886463
0.8012683821746373
0.800817046479861
0.8498142522900056
0.7292127229639469
0.7905994207268184
0.6615143564034771
0.6883178586071985
0.7750037848201543
0.7388338017620638
0.7431265005660912
0.7367261740976557
0.7053648756591088
0.7546437574600462
0.721456509673251
0.7001228215554894
0.70748925836356
0.7083262275890291
0.6176208913148546
0.6979379065237334
0.7052500018001812
0.7731074233578781
0.7452690785238062
0.6852994795058217
0.7545549652685445
0.7291619591023221
0.6682694452456318
0.7380428978000839
0.7203829925770375
0.671357184742832
0.809283477866677
0.7572824077058582
0.7188630744359678
0.7458574682573362
0.6702486158991626
0.7430349166379041
0.7441933752056
0.7224384302958221
0.8037223306527995
0.6571516412134462
0.7399175501476273
0.7793877387599024
0.7497692158659134
0.6686967093723865
0.7460358415521166
0.752746465013375
0.7769626297637355
0.7555543217866857
0.7706726206724243
0.7053582625858495
0.7912351094365663
0.6526155414149041
0.7522799721913129
0.6693024921764684
0.778683316560422
0.7670254763851465
0.7108517220575883
0.6701026382708023
0.7276677911997651
0.7313590669535683
0.71596901238835
0.7833341002192062
0.7189074502401787
0.7539237158506817
0.6738708191782131
0.7039397485278199
0.7660263667494769
0.7359581547506295
0.7403128589388155
0.6897223707833056
0.7811080258987841
0.7048436129964809
0.6421202264643316
0.7109979288444334
0.7821295684260018
0.6970251334080498
0.6593347843471243
0.7134501479458834
0.6818464205034133
0.6620357426046942
0.8487258943373999
0.6741461489508893
0.7701094698602794
0.7167925560666564
0.6912145683757781
0.7744276703168913
0.6689138815818702
0.667804412425527
0.7502536561002555
0.6362637870374286
0.7616609027613196
0.7626496091948306
0.7627568661281647
0.7764871613461011
0.7219418386022279
0.7325819911500765
0.7331905026219927
0.7329372960438417
0.7636097701448294
0.6853125524099113
0.7472090638488251
0.7549942868583281
0.6261971971889387
0.7414430238483992
0.7069917546406512
0.7634363226556617
0.6713654900893773
0.6943367202943285
0.8212187756804168
0.6906801670335733
0.7904423029705768
0.7299332711072869
0.7477358266265645
0.7026043135436892
0.6945355938052438
0.744836525952596
0.6629114366557113
0.7342606900143798
0.7176743267968356
0.7198804508699211
0.681292610378264
0.6368713569882024
0.6616824969909226
0.6996463013462357
0.6933486610359155
0.5979812803437405
0.585004239681687
0.666263041529677
0.7326845396798378
0.7344338499382415
0.7315450987700233
0.684830553045635
0.7405504500559132
0.75606192873995
0.7321842863808166
0.6758191148437279
0.779620006328929
0.7233149346811119
0.7502873173584245
0.814187342431396
0.7954031442179259
0.7326435186895839
0.6644178806813034
0.7102088389593284
0.6900237057639489
0.7526003609321763
0.6653230808040628
0.7347951190355358
0.7026812606119028
0.7406046819271523
0.7233998491781427
0.7439294177257888
0.6899163815620555
0.6645021427503356
0.6549338713651007
0.7075979336771941
0.7054369973359789
0.7102017635814823
0.709762551937471
0.7391743015151637
0.726835284716502
0.7090614041443798
0.7446742773603732
0.7044233899201591
0.7265901419368606
0.7102224093512121
0.772679434563481
0.6873987279372383
0.7461647604563557
0.7868016878859785
0.747180985127098
0.768769126159564
0.7431152490431698
0.6681181933602123
0.6934592952317419
0.6774241607379472
0.717247197358903
0.670041476955981
0.7921562865600477
0.6851693020861406
0.7224110513381854
0.7522926510175476
0.7344272300341947
0.7910649227404322
0.6458254011918796
0.7156299886268032
0.7530393305368728
0.7490744623615043
0.6460971041128537
0.7046942527545252
0.6740322066746022
0.7127110327912517
0.7441013746918278
0.6893436649050672
0.7475749180122191
0.7029103287306996
0.704040100691201
0.7805234806223783
0.7922231511353152
0.7286101282586039
0.7111803424961217
0.6987866265499721
0.6982749706073292
0.7478618999173132
0.6720438711763254
0.706220820837149
0.6788881213569025
0.7197350488046256
0.7609291775988695
0.707866951771089
0.7684514092044079
0.7308912329000106
0.6999208405980835
0.7011590030444017
0.7268800938026801
0.7058868843465868
0.7954595571899736
0.8353035106387221
0.8015396761013438
0.7045361821177439
0.7101809912507157
0.781888457484648
0.7925915174344487
0.7134788208797614
0.7643197787169584
0.7083419614732048
0.7642571626035393
0.6918674466618653
0.7950881825487375
0.681154225620933
0.679501030064809
0.6722214436059046
0.7302689201118755
0.7032888921331895
0.7236202084666135
0.7193138070434775
0.6907473979117628
0.6052697042852861
0.6653675662092646
0.7228400961475671
0.7228404093844508
0.6804984369251513
0.8209741138963378
0.6386483061230348
0.7515982430552695
0.8314503780993683
0.6935694183454547
0.7126444498949311
0.7186545234545004
0.7578082655146045
0.7403299688236131
0.7246038432145877
0.7528852571239356
0.7531383757621288
0.7063726097136336
0.7209856945315853
0.759470113068141
0.6995091473479355
0.7685214718861682
0.7443907742550401
0.7471628751162634
0.6590568577814864
0.8074822553285784
0.6602057800294551
0.6787132529479732
0.7873165299737113
0.6542666264243263
0.6978774038309239
0.7831926156855304
0.6997837395272567
0.8348097264180744
0.7253041039687492
0.7748140713669011
0.729921976298818
0.7302946919477025
0.7564479342648724
0.751037758620778
0.7258088413642674
0.7459120543564912
0.6583076148904586
0.701253234835177
0.6775550691513313
0.7991602549981914
0.7223217383603889
0.6727102861983276
0.6096557622377298
0.6786390464975792
0.7123410158233555
0.6762082437952616
0.7533124302972624
0.732503598369199
0.7400003288392939
0.7350758397310638
0.8169739890041534
0.7008554793920949
0.7623503095862488
0.7615560416345551
0.7473872510511012
0.7193715404573305
0.7168485333340914
0.648807261231757
0.7918295463021452
0.6961546419376873
0.7274276771571119
0.7078940878014873
0.7488147567874668
0.6826452214604686
0.6817353509418855
0.7612963932518224
0.7301936601046395
0.6951433822357507
0.6974369507637225
0.7220124225920586
0.8676236345525833
0.6355290453038916
0.700089677416755
0.6803807614737025
0.6268404152429475
0.7333439077967793
0.7293115380752365
0.7430673979866997
0.7035823359804978
0.704445518942144
0.7292979922960521
0.7566735556440276
0.7711203289845621
0.8447622960708943
0.6632677507625494
0.6227171395355262
0.6640206752207014
0.775404014639897
0.31139148325168137
0.6689231068664362
0.6840044275696453
0.7550574217953996
0.703601260799296
0.635243843462267
0.6919159009708952
0.6960826698275407
0.7658510866834921
0.713878568726454
0.7446494571331003
0.6577913243829426
0.7147347772571747
0.6791742877702156
0.8027252620787945
0.6959655750534939
0.777436228856908
0.7648182333677844
0.6945521787360502
0.7468143952620911
0.8135848927822036
0.8040346834250577
0.8220713610500967
0.788404171532733
0.7589391392728272
0.7242214197012262
0.7913533851853604
0.6846248305623616
0.6785072802505155
0.7505514591009149
0.6600604282088739
0.6486330127168574
0.680366737069105
0.7343103246712601
0.7224806213700595
0.7111525074256709
0.7246456389413272
0.7708965926555335
0.7897095511419608
0.7717956485417008
0.7339242266249398
0.6949760011815201
0.7710708692324288
0.7558031611547983
0.6696938005713506
0.6742755956051174
0.7687880224092414
0.766279048995202
0.7240331910330612
0.8037268360414733
0.7045232619527264
0.8212498797341397
0.6761859229217694
0.6642266685843252
0.7111964509642864
0.6776890203247744
0.7382936180437958
0.588022957381232
0.6679570178203407
0.8052405584050829
0.8256158294210321
0.7369631228029476
0.8009786690879966
0.711132898080188
0.7470572087463493
0.6866504851561759
0.8188823433451635
0.7937690488638062
0.7135119388352476
0.7203901865187592
0.7576380792138343
0.716423903768845
0.7312910272742539
0.6728467394737678
0.7366247732561074
0.6325710416339213
0.7052458760602388
0.7721468962916452
0.7859975768845486
0.7351266705254683
0.7056463626007982
0.7454488537476762
0.6895106497938551
0.6364153356700641
0.7731596382476221
0.6869997867534128
0.7245718210360002
0.6713739967864059
0.7070376150597044
0.7008436551845897
0.7886504755165193
0.6764244763152197
0.7498005512244289
0.7947934063372505
0.764447755484964
0.6986370638816819
0.7903295283558011
0.7535010269587922
0.7104989284895649
0.6958356610567551
0.6278387276740696
0.7027045917844
0.7643974428488954
0.7289456911115786
0.7545001191740119
0.7690639478054153
0.6831178433709033
0.6847897822870586
0.7300096897953305
0.7708232301496162
0.7246606440148913
0.6807328416862038
0.6756656336379184
0.7819173001301258
0.7410882072619055
0.7857365320715587
0.7264437906148624
0.733259595817467
0.768849252042899
0.6930815170245848
0.7384249185570052
0.7840726315946905
0.7981573120794933
0.6592615628499481
0.7196886995361055
0.7272901815743081
0.6616596857972604
0.8078615113506412
0.7354810214621221
0.6852498766026536
0.697370819041972
0.8371889713807026
0.7944620313764379
0.8001429663216829
0.7096920424937943
0.751721861344979
0.7330864147858009
0.7540098339896973
0.759659375237007
0.7225023556218254
0.6283211585016032
0.7051813324386272
0.7351031614048174
0.7017149521202065
0.691045908273733
0.7254202343391654
0.7211270904339757
0.6496870596186949
0.7335673183174692
0.717488371729901
0.7304237574626735
0.798411408750526
0.690433040929823
0.8002318001461906
0.7576251991765137
0.7255670425866422
0.7281905950495801
0.6782759971393606
0.7534994662638905
0.783431118614445
0.7373306074552786
0.7236583605566164
0.7159018495692833
0.6513226359706946
0.7207298889907244
0.6971599243563867
0.6750417851901322
0.7065224900356937
0.6903700522183132
0.8414008867962444
0.7220119970155003
0.6822090936293831
0.7434625148492596
0.7599893226836579
0.7398501691389034
0.7802153174675241
0.818849863327574
0.7134975906598149
0.7233862349322717
0.7272224450550409
0.7340162839987094
0.681527544230164
0.8638852810723272
0.6689155498798551
0.6759608124527351
0.6905551640685429
0.6756805376694349
0.6707272717629399
0.6850010059632412
0.7222765840383947
0.7619876008949182
0.7170901898401112
0.7007803589467086
0.7060286532157882
0.7390075589142538
0.798995472992329
0.649759558897203
0.7538709119156223
0.6656133824329861
0.6919254372899611
0.7334597685765423
0.7895975791044489
0.7756946743344043
0.6770382557502798
0.7259836387667244
0.7138366944188008
0.7076925934368362
0.7103600335270951
0.715730905975942
0.7819366824325753
0.66880062417648
0.6722540332195691
0.7268019751927248
0.7736206763629745
0.7482272586401046
0.7219203809076062
0.8210546964414399
0.713396727447579
0.7791164088625986
0.7640549891451461
0.7391914778053121
0.7759011630281437
0.742981579596728
0.744063783546736
0.737710091181117
0.7335350518236896
0.68572985613321
0.679307118765736
0.712622138586812
0.703403530194993
0.6859535941443441
0.7602974440751873
0.6903036916963551
0.7679065639208144
0.6839847818946119
0.7150222363573471
0.8155765814990251
0.7440695414710972
0.6621781125384444
0.8170103630495762
0.7208991178681088
0.7789190393942093
0.7384544587060172
0.7235947005424177
0.6360939872202636
0.703652715456755
0.7444396336868985
0.7358558656538641
0.7177515785548303
0.6990486352897706
0.685953058539905
0.7503919879039473
0.7778637339964165
0.7424602995365134
0.7159806486358138
0.7057584696747068
0.7510916629194627
0.7078658431782151
0.6565751497927332
0.6396920649834349
0.7154552440975267
0.6894693226241926
0.722851725233269
0.6753232750764806
0.7307611862823009
0.6704029048755733
0.7505417533883639
0.7685894979599486
0.681200809654913
0.7207095776825619
0.6956699599091146
0.7408164691437272
0.7800487938525986
0.7440496377642997
0.7505698085363504
0.7373419380635525
0.8192778372278479
0.7998104831002333
0.7131090272855396
0.7660982808488558
0.7854012308186271
0.8133938325248408
0.6529203399644089
0.7735411149925289
0.7340939266171247
0.762055691334413
0.7245983306366609
0.7034829581635604
0.7474068404058265
0.7184717106118598
0.6771911815069106
0.6138077132873095
0.776386252775855
0.7162344460973016
0.7569312315959834
0.7295293282182506
0.7014786852719292
0.7307201769699796
0.6741055521346304
0.7245067472104469
0.7575219245900843
0.7408094187258136
0.7016326855547829
0.7390510816582999
0.7250825524706541
0.748183954065109
0.7501293094729957
0.7065617520034589
0.6782627209117644
0.7119835448388745
0.8130327178201179
0.7353601689410746
0.6533418649157535
0.6987274870688559
0.6884779343187616
0.6885880126757865
0.7661963896523756
0.6983556993564873
0.7913038776691256
0.6959330292179678
0.7290660961923285
0.7007764430846645
0.6415764589849489
0.7893020257018367
0.7565078448214809
0.7717519388685706
0.7364678564934888
0.8352307889800222
0.7502916771957606
0.736080152383374
0.7148604170531893
0.7175227131036228
0.684709455260553
0.7453232164756713
0.7267123377525572
0.6981385950141848
0.6658325356630936
0.7300797721869946
0.6089361376494876
0.7470948803953756
0.7050130585259139
0.7090831593521713
0.7799506321670285
0.7484582813990827
0.7897342097663671
0.7578472946317596
0.6901743334444869
0.7401694392930881
0.6752900277278192
0.7435317911095067
0.7101422730844772
0.741245507501034
0.7687286712626326
0.7431144772274567
0.7865545069067423
0.7156263259147388
0.7602166494079249
0.6408356378639666
0.6991119158681656
0.8218970780041921
0.6993085508590421
0.7537978719112548
0.7860435096305001
0.7369079506381839
0.7183207642730554
0.7068400182190099
0.6688689568953008
0.7246052273607062
0.7243739684470508
0.738516632219922
0.8196927586572832
0.7705329366165103
0.6865320069015067
0.6687237901795928
0.761734166034624
0.7317423393934744
0.6015432750800412
0.7295753254279395
0.7398415563094682
0.6429337430897252
0.7988981073520548
0.7295924746124257
0.7332998208582848
0.7281731009569017
0.8203067675227798
0.7397934758000857
0.7453632100765496
0.7394792822080555
0.6776713028305777
0.731707455642549
0.7329801187642249
0.7519873218787325
0.7420290396442668
0.8319932953551203
0.7802109102495438
0.701378174850243
0.6387084689950058
0.7402682425954275
0.773574485790792
0.7694132350726047
0.7216808244829114
0.8012284648536611
0.615092307570264
0.8016939382976188
0.8376441357352397
0.7587242446541888
0.810951675255334
0.7135996732704039
0.8031871854345317
0.7601218918591096
0.6752541823389634
0.7342853883921802
0.669115362861747
0.6682661877066066
0.6612505271990966
0.6912485369572885
0.7420447669900185
0.8005534259885303
0.7056971500561421
0.7616950375111251
0.7663514357004292
0.7464691217517381
0.8323723986725899
0.723620844353809
0.7835107052554562
0.7321010378979459
0.7421044868709844
0.6840910651228423
0.7283091623036113
0.7219112239458505
0.7571223336641673
0.6886589236592564
0.6829736789429227
0.7469040491048015
0.7004536124539685
0.6946999151718666
0.743289874470136
0.7472285920200583
0.7645396036549706
0.7595419393509477
0.7473358751117068
0.7416968590757819
0.8009946390771293
0.6969327788199909
0.6698722570905696
0.6669414458464703
0.7015143513422386
0.7263709808470105
0.7418925188833846
0.6880347464289177
0.7876958267245355
0.7273913214751695
0.7793760403794598
0.7335321803082286
0.6875182214630371
0.7002841714752617
0.7300157603064217
0.7077845585154758
0.7368847089300896
0.7400077810444479
0.7029584490484093
0.7192601959088755
0.7292343177301325
0.8190749623705716
0.7104003837700832
0.7383898516918398
0.7465973104274329
0.6853108669570515
0.6272268987732735
0.6931430999835817
0.7166371804034228
0.7508207235799653
0.6195777182718157
0.7294980209602542
0.7717803766194683
0.7754772599173277
0.7115605651667306
0.7676714522725995
0.7263488510286528
0.6337659059337587
0.8443621875144367
0.7482451171185754
0.7715109072706494
0.6837868554545737
0.759257742177302
0.8641882228868424
0.6771653486211745
0.7972853459465745
0.7523413442560398
0.7111641951250555
0.817627693802199
0.7881922109177035
0.7409736302976219
0.5820045196755663
0.8388369076091078
0.7076120831581676
0.6873740282246669
0.6792535881090799
0.7326932132586449
0.6819654783141162
0.7623567047779255
0.769980588938066
0.7053428066205218
0.7010706130661719
0.6595891889104113
0.7066695890829672
0.6261342234333317
0.8270752629212369
0.6677228243179548
0.7375232777659624
0.6648308598747026
0.7497639088327495
0.7379312447355526
0.6950058656664102
0.713359095876061
0.7071967341895233
0.7768955239050207
0.656699953339887
0.7379883072860667
0.7445901108869324
0.7158347081641222
0.7258066203882807
0.6857561782862577
0.7611616838191266
0.7514465528997497
0.8059058892762412
0.7474466898160641
0.739111137035275
0.7404301748224045
0.7357274654237645
0.7309959650783455
0.717731736548876
0.7527476898725745
0.6882247043048005
0.7197306272565208
0.7282026407304093
0.7285717367594257
0.7953934690447633
0.7602437843837567
0.7350838617958382
0.7159483723788586
0.6774955385465273
0.7125447107209859
0.7263608787819568
0.7408760856590402
0.7802579320803955
0.6807742560905327
0.7881938029509943
0.7834559983648345
0.7785815468578187
0.79936085956354
0.742014803069502
0.7470301024411873
0.7488517602245621
0.6336670000607193
0.7343748776166223
0.7201958051644621
0.7649305365547215
0.754330121396667
0.7645996012036546
0.786876325149383
0.7214342336478126
0.687220889138324
0.7129908151529415
0.6672985466259426
0.7054372540238746
0.7678166763894246
0.7850988530345748
0.7355251622567778
0.6844694779739623
0.7379130203783718
0.7037838382797114
0.7686011309524649
0.6392961157544802
0.7844601902887028
0.669914976913485
0.736089187236856
0.7099381092435103
0.7049408469776587
0.7328738939870098
0.6070605495109689
0.7173268913680056
0.7779322643309645
0.7530835784127805
0.7432914609767854
0.7475741940264939
0.7252695884095335
0.6500026746898799
0.712784855903184
0.6218065493682864
0.6382511521716544
0.6830330245002987
0.7439060010671396
0.8466608759452148
0.7123732885483623
0.7399506728840753
0.6867533056656249
0.6239165764131187
0.7819955239846794
0.6616594590614019
0.6904497381382169
0.7478190988042905
0.7299986430577725
0.7924445805985858
0.6419997459426442
0.6970082181442933
0.6155407199075905
0.755386732941495
0.6627029581836426
0.8264480956682873
0.7104752835007216
0.7364234344461378
0.7351338434785692
0.8301659842911024
0.7523269689291355
0.7653982324296782
0.7396296454620068
0.8028656018836853
0.7409565049763948
0.775270019757624
0.7510111840229236
0.7753390433646472
0.7040609553846672
0.6812176888595947
0.7431896115165818
0.7797401212825348
0.772463838644762
0.7475414432073924
0.7718163548842019
0.7281871914267555
0.6646149503134701
0.7632096941684651
0.6286808088179026
0.8110768970734663
0.7030064346113338
0.8234828644730893
0.8134909886550881
0.7429848295927846
0.6502124449263449
0.7546819937190136
0.7194595987626786
0.7692742348891011
0.6821008199223544
0.6946789317368539
0.723845044957956
0.6998959432082988
0.7603858446695261
0.7058780391823672
0.7710395209357607
0.787832353250375
0.6970544254549832
0.618897813632938
0.7073158108681712
0.7898171228772838
0.7752709175122745
0.6947941546358296
0.7523213875601232
0.7165167424418916
0.7817640032406861
0.6062845618425223
0.7050369822215882
0.7994585163439145
0.6918276264917037
0.8027065817952364
0.7863436191192613
0.7112115915556174
0.6976989975849914
0.6663542397572199
0.7179679884654588
0.6878632737565823
0.6813204204253612
0.763873499681238
0.7325836096355485
0.7151844705117814
0.7068117413791657
0.7679169914904586
0.7013257854768461
0.7636661087747113
0.7582768602508141
0.8152578122722285
0.7772168201446492
0.7136410132431008
0.7690215640896088
0.7423567408374346
0.7364346294476153
0.7809294068632969
0.7531972457178102
0.7395631490820804
0.6737324262235768
0.6465572072852569
0.7958471722431583
0.6866740752859015
0.7538800984363389
0.7377438970929266
0.714581830298344
0.6703420424238491
0.7200092339006318
0.8005780253809269
0.7082844342866877
0.6832994611255612
0.7605782471361899
0.7471775664653483
0.8008609835029339
0.6990882402061224
0.6517699528135454
0.72542478071982
0.7201083779367418
0.7829175076542536
0.6859475310878524
0.670558002936266
0.6816006833032332
0.6739179491631762
0.6089983056202724
0.727700078952648
0.7259640679067152
0.7344436445793812
0.7612952041954422
0.6976644468707112
0.6995845172586721
0.7353625812633314
0.7633745139561559
0.7036437892247344
0.7556131905549893
0.7074797239844642
0.7300425215165438
0.6474444154175725
0.6655136976773773
0.773570779919868
0.6364623076098618
0.6980430732746514
0.7332658214773561
0.6767198950955982
0.7005292269463557
0.7466739541059627
0.705998674616017
0.6769350558526278
0.72136751927217
0.7085659415243174
0.7471111908949604
0.7540157323166096
0.7691781425363386
0.7158707631728946
0.7477083925172604
0.735126248734675
0.7504360077615461
0.748195164260613
0.7121649587632651
0.8183146102264752
0.7475889887254035
0.7774667555348136
0.7763756003873137
0.7828329163699015
0.7088220466577867
0.8216267891508737
0.7963303337591204
0.7629956521884121
0.7190650722300518
0.7693201808701421
0.7136980543883472
0.7264123716701705
0.6882906017456288
0.6825390847149847
0.7754672267454603
0.7546690898101568
0.6582802780564535
0.7849095043489622
0.7655434172409419
0.7301099393194256
0.6643209098745175
0.7188328157891228
0.6738852577814135
0.6677751497420129
0.7919019058688215
0.6886305038681386
0.6574741201204994
0.7440428284981373
0.729598405057165
0.6421678432755291
0.7332917550926362
0.7093060567689569
0.7003846749014299
0.7623450746360249
0.6573249469188652
0.7437679266433589
0.7100756785385912
0.8037015616512633
0.8246851810369038
0.7153443051542718
0.7508148919396674
0.7424894468532115
0.7262734279388591
0.7404716919284018
0.773484648990955
0.7745127469100541
0.7321609522328903
0.6713678826267575
0.7707017125403757
0.805407438198133
0.7015846108675409
0.7140256930491549
0.7689580225606644
0.7638713581932617
0.7857701001919761
0.7210966686733373
0.8077073718581701
0.6173518417603767
0.7496461728661531
0.6545290552656851
0.7350503327338888
0.6464000903775902
0.6905688885025252
0.6782418591588257
0.6796171010876143
0.7052136764024336
0.7537784751496321
0.7522416035872389
0.7723386153040163
0.7114741175902544
0.6228804436983969
0.7550793436060048
0.6943039966463227
0.6702094927199532
0.7827776051252433
0.7987529505236546
0.6798237426513197
0.71502581358206
0.7579595749135006
0.7177207442610097
0.7453232984130227
0.7592042621548319
0.7632424263153774
0.8052067610897191
0.731866705393218
0.698825092740304
0.6888349677450761
0.6822522582079772
0.7282464889840791
0.6624505959113015
0.7145929114663451
0.6327173227180966
0.7688247257529057
0.7721270931102374
0.7454029885044708
0.726688282766998
0.7592144812930113
0.6888600166137684
0.7663643786966625
0.7466797459471397
0.743584884699235
0.7096823810113583
0.7686013212238141
0.7293949092739268
0.7609203699703514
0.7377442629374064
0.6770722820265158
0.6290401984822118
0.7086477331447562
0.7010818549842418
0.7460939435598354
0.752999621173272
0.6885348314869368
0.8284046447695076
0.7481445786286557
0.7719025864947255
0.7743478117730113
0.664732558208123
0.6961207498866477
0.8071180469630944
0.7870202623043016
0.7002777639551908
0.7353709547779756
0.6793029798402501
0.7162411399800994
0.7065895232968953
0.6611723299202021
0.769102880868278
0.7586334532601686
0.6928189983937058
0.7650824484159437
0.777330456698957
0.8192594775132195
0.6715034935692219
0.5984700550231866
0.6455640413828684
0.7034875354194421
0.7482089975828053
0.7804069111261661
0.768389944050307
0.7466171323491358
0.7633603311006822
0.6849031257315215
0.8018948676847029
0.7110987789753435
0.7166877146430386
0.6465219879396013
0.6576659775880681
0.7574223823071071
0.7682135471600668
0.7799456825276792
0.8183978154115814
0.6770622585132471
0.692248569512509
0.7184145830857233
0.7515514522076318
0.6948357961315007
0.7755273620315009
0.7589365785876361
0.7505592802310512
0.6308435018584897
0.6959425419017192
0.7458766751368782
0.7390322860912104
0.7480362597167859
0.7091483156662088
0.7428823136789908
0.7430235964746007
0.733831627170472
0.7026161773069779
0.7012335329658369
0.7759592980556396
0.6980428252587526
0.7856665486782184
0.7910164892148003
0.6714258548909159
0.7753274624007686
0.7431812003702545
0.6933705698268079
0.727306654473991
0.7590384904056544
0.6908377448195014
0.7204622371321672
0.681097380462985
0.6846862938564698
0.6706742671397797
0.7303545743891359
0.6907186196597164
0.8049820202122949
0.7777840709483352
0.7612189274562625
0.6836425479633736
0.7264992551237301
0.7174239596031607
0.7346311263211607
0.7024325393639939
0.7154162154777974
0.7397345329721844
0.8057290939506201
0.7856088789643972
0.6542224298565422
0.7068148023582632
0.754644097970884
0.7151866017940929
0.6513651195864676
0.7192869856856148
0.7069171462036882
0.7282191437805368
0.6952669241373527
0.7844684336097975
0.7676741283655865
0.7369184225339405
0.8191611025403184
0.7304511369275956
0.6752607404392593
0.718647715269371
0.7778862114040551
0.7736182705149003
0.7479937455510283
0.735304289525969
0.7203182334893965
0.768885737093837
0.7219558890509112
0.7687446569658496
0.7295730635682229
0.750889339010518
0.7321841413969723
0.7607637761053653
0.6983602956922587
0.7094406390195673
0.7659124675941129
0.7189840416996064
0.7181379801649687
0.6749494217623693
0.6373478129052413
0.7400058251668756
0.688142662920969
0.7496506960673462
0.737630635938807
0.7568075492873916
0.7005052699196511
0.6358484577924703
0.707923533702695
0.6760146613529489
0.7360562541102188
0.8008480955882995
0.7469628155151292
0.6688898281815882
0.6595584892616196
0.6994111611887285
0.6818862610201788
0.6927674348113836
0.7469279409521827
0.6508933656093502
0.7421916285851209
0.6939412387878917
0.7092146715153134
0.6539399029457292
0.6551555355180337
0.7675529580108045
0.7751182595170867
0.6977690627413067
0.7640604899675663
0.755417046732121
0.7124681566519939
0.7369266132340563
0.7993174831636392
0.746742304610318
0.7261518946659045
0.7261198967671159
0.6758418117141787
0.6828509585460696
0.7696923643162973
0.7079180416015548
0.686014266887549
0.840966488248003
0.6069459920948364
0.7050716613709131
0.7036007325128625
0.7121803387766349
0.7326650940260787
0.6955513354651084
0.6669828976341299
0.6273166815421636
0.778569274254155
0.6972812602287465
0.8389537220842302
0.7034258679303638
0.7251649411691258
0.7198523253432411
0.7403026263455235
0.7699937581135546
0.7213815450158098
0.7257414505509288
0.7205410359712814
0.7372633195919274
0.6575382753679778
0.7152503045375288
0.7886249213752239
0.7039056711423124
0.7616575664156643
0.6721890367450108
0.7209549742137652
0.7085460373638943
0.6687610858822461
0.7404136895688321
0.6859217756893344
0.7091522131453692
0.7164190241286944
0.7702360017755723
0.739281901617438
0.7749697247486067
0.6880483647563826
0.7681389050825317
0.7228584418612344
0.7392918937992501
0.7620936182119523
0.7509949894651108
0.7634650125402126
0.6796349364243143
0.7767175009832594
0.7571310331861154
0.6680700199573094
0.6956503963777838
0.7925787785220976
0.6732236793068529
0.6430640384909424
0.6759684695503444
0.7596160531813461
0.7221329164575501
0.8116953839052187
0.7428966279082624
0.7291848034522989
0.7871246588210289
0.6777057696331009
0.706346911114212
0.7064635974410391
0.7533635542262929
0.8547269854746082
0.6531005371986051
0.7703015296028616
0.7228607355763351
0.6611368684433526
0.7570464445183646
0.7269818833407813
0.6994720979897732
0.7248805185919105
0.7534995590556441
0.754011247689337
0.7210311249809918
0.6846363652742968
0.8232068324112886
0.7312658701778648
0.7489737607058989
0.7293303046818791
0.6460142179222569
0.6960243849701802
0.749157908138155
0.7074928486055283
0.692039592521075
0.711966643185804
0.7684026607096649
0.6520415611798708
0.73015431104542
0.7616459591621761
0.7684812814568891
0.7462127962368661
0.6727602998399027
0.7908394054326858
0.6912165232210589
0.7545008721246005
0.769763604400127
0.7418623291505568
0.6752796313252705
0.6423278030019094
0.7199068364935931
0.7223786594868487
0.7535671599482382
0.691977911623821
0.7264786416300073
0.7057285065388283
0.8210520288044149
0.8032414914953316
0.7163903967200165
0.737603027856251
0.7243662462058251
0.7987868259640596
0.6619598146352469
0.7674913292934273
0.7173525604696983
0.7117991001923673
0.7240118823129345
0.7124597904709797
0.759627700480615
0.6857629960891228
0.765071033934282
0.5709573527865878
0.6975777700721201
0.6869845737865968
0.7690107887047661
0.6989952527007629
0.7594231965548303
0.7007116329343515
0.8132562847584943
0.6849966820917693
0.702573745491851
0.8536425322442934
0.7494828769439157
0.7760416505519985
0.6811588144524984
0.7573072389297368
0.7211747240399872
0.727067783754792
0.7483726303800499
0.7189783817030918
0.7226048722991377
0.7702074923619514
0.778071287941516
0.7511129060790662
0.7100827582988449
0.7808348837924086
0.6642854390652536
0.721967381373875
0.693087080416822
0.6237003072893504
0.7308565622640171
0.7385190932201227
0.6803502219991714
0.7197865085082945
0.710033779959553
0.6712365662714671
0.7055547360234843
0.6832267368050303
0.7428740627777978
0.7133634025814276
0.7271108900114807
0.7078927707963367
0.6723622924375499
0.6891492244738188
0.7262561880372789
0.7897113108746839
0.6646615576969762
0.7109410838729296
0.7448138750451729
0.7964351477815568
0.8053926975088228
0.7272889014958835
0.651697496880275
0.6619358594121244
0.7338477427958119
0.7296257870079883
0.760167435842917
0.7533189466432292
0.6771196927306166
0.82466841633313
0.7162425204106218
0.7808212306068206
0.7550079159480798
0.7547425733883096
0.6334700117037381
0.7441337650822726
0.7995384280703108
0.7591788628829429
0.6922180115321265
0.7958267592661599
0.6641057186413765
0.7026477491612771
0.7272778906020761
0.668254134733138
0.7376393222737333
0.7608343991114543
0.7553411761604507
0.7835529652918204
0.7521347411955104
0.7514687805879001
0.6547332772552795
0.735305401110653
0.8369467783846061
0.6898017836773934
0.7847157870348738
0.777487363365457
0.6920366876831919
0.6581104700373699
0.7556232663806075
0.6805960711947029
0.6910720269019246
0.7045270339165016
0.8323857673763463
0.812387172782372
0.7500263419941621
0.7073065332052804
0.7445893382752379
0.6506996721202629
0.6735201904103517
0.7207309202311729
0.7064136940074175
0.7291010278844628
0.6211976835083509
0.6702651689410081
0.7783711504687384
0.6445071606027071
0.8095514152022055
0.6829797240223601
0.7574309166898934
0.6734087039437545
0.6752909957909533
0.8394796107781622
0.7164902033127005
0.824224785776821
0.6599233825231616
0.73307730427886
0.6516314272786696
0.6824835414099768
0.6735338942670431
0.7836787726856493
0.68319227361313
0.7778117817755685
0.6840943665665443
0.8271103578691152
0.6726618259736912
0.7695907876510425
0.7764306341326749
0.7231738244961858
0.7152680038034319
0.6590470107754552
0.6935570144236972
0.7284596846874536
0.7428868701099187
0.7526807521258936
0.7860716094407383
0.7568537640957859
0.7520085005634729
0.7212369358940723
0.7134831953369333
0.8221662979248924
0.699508363162217
0.7307988658457238
0.7075532964539547
0.6887295818071758
0.7730757388787703
0.6784370237098357
0.7995832462768595
0.7685586018526349
0.7091656456109005
0.6553875951322553
0.653068803993671
0.7793509903456626
0.6552075932874771
0.6750258652695992
0.7732508639866684
0.6529976820593694
0.829224117456852
0.8055938723356029
0.6463221218313484
0.7159406079401286
0.7606686153553361
0.7269928926694528
0.7352808091399967
0.6971736025504564
0.7445956520081911
0.7043567299738438
0.6618346757244703
0.7860146212710394
0.7310665501719334
0.8039674763582603
0.7110560310550964
0.7828479188777818
0.7295618952103126
0.7163057102679107
0.7186924830031947
0.7474118770370236
0.7697222803209112
0.7003676688096514
0.7136111649580769
0.735924046223969
0.7744998783117392
0.7934895591660124
0.6931629474172333
0.7344649729736977
0.732058736441892
0.8166213008955073
0.7851571372488412
0.6746439823202639
0.792487225426191
0.6447124497171823
0.7890739209575569
0.6443250359174822
0.7414095481010177
0.7553455271625159
0.767494105709599
0.7241993639399863
0.7445286713459676
0.7728723229294072
0.7305670325911048
0.752848110090533
0.6917102617524888
0.7359910300709438
0.6882497554553679
0.8088501564053129
0.7574294858069622
0.7999200275169748
0.7726521799305331
0.6947754240650766
0.7687068914302693
0.6971750049238052
0.7100198870753668
0.7307618076013189
0.7512804910592545
0.7463386123969387
0.7512584345338812
0.7233191235664546
0.7186525801253545
0.7182356710322939
0.7797499729121322
0.7883143893554867
0.7400715559626843
0.772386439288182
0.822213293133513
0.8053980087563583
0.7120396726838295
0.7526579089417127
0.743788057607109
0.8158482706678767
0.7286161516551389
0.6594403936587965
0.6691495635434068
0.7000756928274989
0.6778363131518779
0.6875904246128205
0.7079259991338872
0.7618272560878011
0.7168881880829374
0.7840282833016999
0.7081422826684672
0.7279491262178026
0.7349748553113551
0.6919745086946886
0.7724942238923139
0.725835499629962
0.7791250165068091
0.766286526691424
0.6885689556786985
0.7149527413195992
0.7589330029666673
0.7508495902084306
0.784500241203596
0.6728782393560329
0.6783087931705838
0.7342561317422178
0.8267870488109926
0.7006635677718412
0.7613160609933185
0.7160547234936879
0.7575519715096114
0.6371738956891833
0.6805849793987581
0.7950671368060089
0.6600277348437383
0.6916114166560728
0.7253774762764124
0.7638714897790201
0.7754157206010376
0.7321236343103492
0.7369419165811217
0.6900793603444487
0.7850306632005861
0.6566221949655769
0.7000269552636165
0.7183580156746725
0.7138506632407678
0.6766767157762167
0.740437072834528
0.7926585095592028
0.8282189941729008
0.7013043802239989
0.7303789616630435
0.6633681714171288
0.7099965674517716
0.6787703109332033
0.7258869590091561
0.6919485790414358
0.6989838600800361
0.8077647499116486
0.7153399260185909
0.7821327869441146
0.7602996097775503
0.7796961996156936
0.7298180937595034
0.7100611958724143
0.8412164162154075
0.6994844229370214
0.7227835599889554
0.7495291048084537
0.7360586319547543
0.5522650599438684
0.6866895978462123
0.7955711515859423
0.7358766165249351
0.7143818143985612
0.6600231225191906
0.6639357404610234
0.7183515785491184
0.7478901480095899
0.6795128937384508
0.6598245979855317
0.7162747931255815
0.7262701217074873
0.7607780120131836
0.7223788943908556
0.7634275867305458
0.7572554383397361
0.740564292240042
0.7364039211444093
0.7588928507916264
0.7503741409184416
0.7077076625101859
0.776682448025141
0.7763821001929396
0.6818076964150187
0.7683407156730785
0.7168605776332436
0.7415316136392199
0.6911435604211641
0.7136630854898777
0.7877768227096209
0.6521653547418519
0.6975262326495673
0.6924264789776252
0.728453304075706
0.7503339859813927
0.787850649998057
0.7009955439961983
0.7638253788199347
0.6672240550283327
0.7179409923410468
0.775429435835572
0.7680690691968561
0.7366504405631529
0.6991453240927924
0.7657154246141928
0.61186090234997
0.7391804470001477
0.7132481645520078
0.7526730333726698
0.7713744007162253
0.6107696180058251
0.7939238001237908
0.6698675430966707
0.7444080196496399
0.7643251247553279
0.7635050412164295
0.7845702143166071
0.7415304957996229
0.6799998811425172
0.6338661794051476
0.7088545560229423
0.7616583937759526
0.723804840210201
0.7444925013705516
0.7688290164541088
0.8049288309580744
0.7641248029890373
0.7326607544283733
0.7570192837283969
0.7488541952005644
0.6647355255886691
0.7576222619614056
0.7294987964543231
0.7362299442811984
0.7325788421484751
0.7356180350304525
0.605240345989628
0.6887019530168668
0.65365214149189
0.7428228447477001
0.6643768685576517
0.7405426247722658
0.6529257333512603
0.656754009595245
0.696184609291698
0.7329483929416967
0.7179228270883533
0.6848127587322105
0.6610618864316323
0.7773439709248795
0.7918564264202084
0.7755974125586539
0.7085683405822366
0.765720428509515
0.785332089526593
0.6979579600240395
0.7238199060882373
0.7361422719453938
0.8089215499152661
0.7407693146839165
0.7081045077435789
0.7251921610189049
0.7389525516942077
0.7551743189012896
0.7257769429604021
0.6931607484166813
0.6780296756145828
0.6645670932591153
0.7369398894699821
0.6830286731135257
0.7498290281231532
0.738316934177009
0.7417391231954145
0.7556203286498706
0.7003359753902182
0.7587593567141264
0.739818344560948
0.7046713597367614
0.6899472649680652
0.6949960120218354
0.6965816141592579
0.8027689359706693
0.7317804638173918
0.7273528544271748
0.7573693374064019
0.72497340897186
0.7603109182861314
0.7039116560566064
0.7384647850678203
0.5966405018823994
0.6726744707898843
0.6568941963639777
0.7368449978553184
0.5963848506917339
0.7934505521756712
0.7255495406554966
0.6459268375807447
0.7810334654662844
0.7400683011836523
0.7213016274890155
0.7660409897287256
0.6825747615971213
0.7373247543271993
0.7195814604330701
0.7659929774904363
0.6700528865773817
0.7471560451188453
0.798601912919348
0.7087043883527514
0.7205781785177372
0.6957842205044467
0.7949634460836782
0.7101710992825059
0.7608966668156218
0.757471245105831
0.7363834099301194
0.6612951081109
0.6289698265443905
0.7242835524557396
0.6992600790325746
0.7891501082002093
0.7373882707081133
0.7415365906706507
0.6972548060588699
0.7292648203203214
0.613073997992721
0.6185821877722945
0.6899512063135859
0.7569964934358088
0.7073893335900813
0.6992230789414163
0.7494545761047927
0.7915731110728866
0.8263086964433624
0.7025887511120907
0.7700671504354695
0.745536607918582
0.7890228108054275
0.7817311759742369
0.7183882970735439
0.7104509424957155
0.7624380352681606
0.7261657290429291
0.8037051451325865
0.7543770264575389
0.6656527669780474
0.7732750751624297
0.6730825366632396
0.6792570215080055
0.758048458089379
0.6120139826317561
0.7408932442325287
0.7558267684169746
0.7385222392204124
0.7115432253763072
0.6799275264047852
0.6512861747726139
0.6556611598048416
0.6382690942696138
0.716492102688005
0.7446389149214416
0.8271654978324194
0.7029403844691303
0.767311712349222
0.7226090833441108
0.6844717909367714
0.7503443095674407
0.7372876676116662
0.7658950677039387
0.7241814971724085
0.7798391119597321
0.778024487049104
0.7680038694712651
0.741476541527214
0.7407088047841104
0.6735749649605692
0.7739195421600753
0.6163628261635667
0.674876317136668
0.714951131939026
0.712183944542652
0.7068379153586685
0.7736702286592424
0.6837181719615283
0.716775982223385
0.6572480619934881
0.6471128150203224
0.6589285329671234
0.8440050246376134
0.7156104477572739
0.6887209494802401
0.703210734639636
0.6720430682562689
0.7621694984322787
0.7300049365796732
0.6881621456900798
0.7596474164135734
0.7271607824751475
0.703037509941943
0.7261526676457926
0.7120239388689229
0.6779767828944111
0.7288971689007712
0.7144010749057392
0.7213026330575818
0.7143234134994728
0.6748297527026236
0.6980781230189069
0.7142078125994687
0.728680730421783
0.7305306063195862
0.732822761717952
0.7122918043439352
0.7479724484791479
0.6856865541049132
0.6623366031882914
0.7128700652812309
0.7960749576262548
0.7009787775997502
0.6671035763772988
0.7375370821604192
0.6906700492994177
0.7548645891270317
0.6873278857030142
0.5975733299367089
0.7267298132504574
0.7550443327445278
0.753841541923018
0.7110618253872263
0.7364874701809667
0.6607758905939299
0.7338108536366938
0.7439173794514665
0.7974598479701963
0.6828218187053005
0.6977057266375443
0.7064842537700422
0.7307397947075207
0.7505552633358887
0.7378475344797989
0.6775483858352734
0.7447059636078734
0.7406920001340074
0.7261662479442816
0.7601963213213436
0.7206750069519946
0.730633223025347
0.70685051394557
0.7648086305019979
0.7528097435900365
0.6938352442613834
0.7624497566338637
0.7569856333180359
0.7268653542688607
0.7152155349007749
0.6682765590973715
0.7842203958220548
0.6288757963963401
0.6975790615698831
0.746835620475285
0.6816290753061137
0.764136235552581
