0.7646064720443417
0.701820478326973
0.7232711377211101
0.7454092239999702
0.7360276781389455
0.7374023489236422
0.7092575946174712
0.7281594333643915
0.7246293304672725
0.7380238171458899
0.7779438994442611
0.7273702560747439
0.6741034452095761
0.6965473678049475
0.7296059652226857
0.7126680898038624
0.6800249109212343
0.6908635295907483
0.6977036229421205
0.7100448622155034
0.7065687562127655
0.7344711299654085
0.7278411449039487
0.7294698128656545
0.7211677908570745
0.7189865340559172
0.715976788367858
0.7293797131664543
0.7203506574280039
0.7577491645953929
0.7242242051205
0.6871567278312818
0.7340729429440556
0.6932424793721941
0.6928199625470217
0.7314040930040575
0.7463479181908824
0.7417102796142397
0.7422549331598365
0.747774136920212
0.7204525828681445
0.7160719282572724
0.7132239607479176
0.753697039260925
0.7599334741225597
0.748177341859474
0.6634308417415016
0.7336412620500502
0.7219816082718663
0.726607639664278
0.7233518769042664
0.6968490446242493
0.7081963636158826
0.7182974401890785
0.7004885541782813
0.7491430645336394
0.7348900614240224
0.7050789099121215
0.7599917041771832
0.7243943773109458
0.684127841986832
0.7184027504998517
0.7408693331548686
0.7859467814259737
0.7111021753668205
0.729619381897896
0.7267647697460633
0.7349883099264063
0.7553965083143019
0.7278952376923878
0.6995333159327229
0.7101077849586673
0.7523390334300257
0.7559186875685601
0.7321980421694866
0.752695748953037
0.714998274302275
0.7325384799570408
0.7263713273973013
0.7370285133651067
0.7558077613078877
0.7248021448005072
0.7322607205742503
0.7616645135111192
0.7546625899097362
0.7417049018883564
0.6922157446798085
0.7365970972732394
0.7283574755477168
0.7423532600305859
0.7017987327632031
0.722845830532845
0.7125822111193983
0.7447398522658676
0.6952222824024267
0.7101029781043622
0.7444305706179253
0.7040004967600448
0.7341722274639098
0.7357033194087148
0.717388420261665
0.6990443267343951
0.7398401647482646
0.7156402400138255
0.6997069823609074
0.6940764320561837
0.7562870865528287
0.7093079234060602
0.7494298994999454
0.7041992348616805
0.7377444099664802
0.7296607569498886
0.720148587386028
0.6865671562314302
0.677431904821844
0.6814126671243871
0.7340408392371911
0.7250450410708413
0.6950372821610094
0.7418763511298699
0.7114844391958445
0.723165882173723
0.7260849676800045
0.7324647429537041
0.7337798777749575
0.7259348542581864
0.7148153014591473
0.7195912446947963
0.7406146631484012
0.7618041196453237
0.7180709476551765
0.732122140379722
0.702104008569441
0.720948369162404
0.7105063408352491
0.7258024155962391
0.7254504682658977
0.7028976529152197
0.7617142715605532
0.7178726954474821
0.7377713982867444
0.7437757596852792
0.7599422994591972
0.7258300713743179
0.714591205094597
0.7251140050186035
0.723296338059556
0.6699433738902495
0.7290516885998213
0.7258480296673867
0.7549821938607879
0.7109942697111419
0.7412029573925627
0.7335373406343375
0.7417803928597945
0.7269706952648972
0.731175011229887
0.7305574437623366
0.7198322067329578
0.6830727866425866
0.7524837694004772
0.6913798882208443
0.7175289094268202
0.7338433135229017
0.7133503686309692
0.7316599110129498
0.7606195978332615
0.7507970229810143
0.7139877439499153
0.7344714955972693
0.7393463148235317
0.7202999241839774
0.7282187091949182
0.7132557968244158
0.7705252563078172
0.6692149761248967
0.7050082227773014
0.8036419451749891
0.7070105463328638
0.7126418426033508
0.7250512970203135
0.7085423171297768
0.7481156800716455
0.7214042276405783
0.7043442986913008
0.7124813902762204
0.729379513208835
0.7595906234895083
0.7227057615130313
0.6957401170783803
0.7244246467045192
0.7237012754056317
0.7677397505750924
0.6901137682018698
0.7285968489202485
0.7041295618795564
0.7290562879789787
0.7235997911619697
0.7302962747456918
0.7524873989472352
0.7314955312621768
0.7992451033638353
0.7050531608099634
0.7369036196150184
0.7302945378618464
0.7288909080884857
0.7369319977352573
0.75424728533191
0.7590760037912059
0.7390297413771134
0.708947775373023
0.6943041944168514
0.7191603119385555
0.6864307392933835
0.6940171846316798
0.7439287423146734
0.7337348573866828
0.7109869881064343
0.7416300148619549
0.7591601994507714
0.7151383574246577
0.7465545199600553
0.7030409662817477
0.6898223304370572
0.7163916691140683
0.7409862370462418
0.7410587529414098
0.747119365954642
0.7452846887111417
0.6775004985067334
0.723186705732853
0.7530535946862447
0.7540001557194722
0.7343836185387038
0.7203831925310551
0.7682882124166991
0.7475534383079039
0.740491088093986
0.7214800263591059
0.771944113321234
0.7044371365179729
0.7290411063864337
0.6798446564943074
0.6647999673777081
0.695639018622357
0.688063797270561
0.7344588797260323
0.7283577227278656
0.7500316365643089
0.691038015000398
0.7259825281693905
0.723022687446667
0.7255769560026895
0.7044656071655374
0.7338775869076015
0.7346608561337034
0.729741473654957
0.7269616262675013
0.7098735251739224
0.7217508723247105
0.727860178177914
0.7204359800572723
0.7759017739900104
0.6997280980031882
0.7517743710630325
0.7543840699423661
0.7715186760712079
0.7391437437221795
0.7366101166951422
0.6894218728460622
0.7461329398421408
0.6864972647086899
0.7153667549567367
0.7069125420935335
0.7075129091553461
0.7347680109841823
0.6737487607394147
0.7162505794484959
0.735935944776544
0.7246772199871967
0.72529843843359
0.7921176839643519
0.6994747628965495
0.7591583811480124
0.7316264553979099
0.7309932978036746
0.762699225501128
0.742033955712367
0.674683479007591
0.7581823436419061
0.7242999215515231
0.7327092437873397
0.7498281343437514
0.7215672145777231
0.730536847168894
0.7319288939714567
0.7393738755457477
0.6939369189115145
0.7416917657418578
0.683586417724347
0.7593381448089676
0.7468710900430393
0.7201441225236702
0.7243194287128714
0.7152460848121169
0.7126912551660742
0.7765732326526203
0.6933442240113404
0.7029013903077169
0.7284563308247767
0.7353139628215243
0.7518349396735102
0.6846943467717957
0.7486876332951966
0.6820629059819939
0.7279700036896941
0.7488271529287027
0.7193951840977014
0.7404676779230327
0.7221729694352579
0.7360559652615557
0.6987695356696316
0.7364553105942387
0.7202807232446684
0.7426019862044932
0.734776471026842
0.6836439799025329
0.7336630132980823
0.7255281177334304
0.6786265123663867
0.7549165556515958
0.7048662010164651
0.7163508602875955
0.7472789809403743
0.7600458995124126
0.7521067610319356
0.7291179205495038
0.7231131499848832
0.7417405651148415
0.7749155079551492
0.7511978954386598
0.7257679598725927
0.7545003074345622
0.6878109139986379
0.7622704336623255
0.7294188684165641
0.7187343574438625
0.7422497863976769
0.7060622109298732
0.7147510752045304
0.753343591659449
0.703604640206039
0.6730302693088677
0.7285188675936869
0.702610966625772
0.7639040011314703
0.7481556623013462
0.6927060838154212
0.7659188409687632
0.7416125477649552
0.7364713880497468
0.7515569953745174
0.7193027614747949
0.7192580918877289
0.7076925708938644
0.7223122325469126
0.7385433619134747
0.7199637216914285
0.7274294713163213
0.7176139587818081
0.7205772090960213
0.7454871992816375
0.7424404138696575
0.7279127495435685
0.6999008923642085
0.6917725183836493
0.7485442534450244
0.7094207476728928
0.7087989160635398
0.7297919543671703
0.7198581306785772
0.7020353086926866
0.7126367402856943
0.7461940461924502
0.742101987322558
0.6987068748403561
0.7311747451509614
0.7149915331755965
0.6811971637647389
0.682235020129271
0.7510662218650211
0.7371604185217108
0.7296167058568301
0.6936684388969653
0.7307082487707864
0.7132967234269523
0.7577727474006009
0.6977217777682874
0.7870677417703682
0.7275020272899694
0.6635592690041835
0.7583378585930801
0.6999931432703128
0.7276123783714303
0.7197092513069642
0.7282566014354872
0.7138483589136864
0.7629464841323369
0.7327168471788548
0.7434256158030157
0.7310500043554694
0.7232401610624799
0.7427175502506693
0.7199574766268311
0.7127005276602605
0.7083015206711355
0.7058064188290124
0.748502791783644
0.703580989175683
0.7584469581846258
0.730257590003433
0.7498647743464832
0.7769246332008248
0.7184743181976118
0.7762352475406491
0.7074475372315155
0.715046031270978
0.6885303233744215
0.7315885850080054
0.7322034003554817
0.7616823487247095
0.7100290372385569
0.7554282982354547
0.7233480522363139
0.7489084076373016
0.7469332775411808
0.7270970143601045
0.713437250899164
0.7309798597054061
0.7027470061099456
0.7347184884762988
0.723800569631487
0.6970960710035334
0.72923960617807
0.7362010291043422
0.7360909316960268
0.7339104638086122
0.7451030846004231
0.7326920246357539
0.7068469020425256
0.7467979820651676
0.7158348398603798
0.691548113797626
0.7622471154986112
0.736819929849523
0.730675034207476
0.7282618281581649
0.7819554484720529
0.7576242591810429
0.7332923079377164
0.7258407127364334
0.7323967301864278
0.7188237524393752
0.655146644708458
0.7356581437796427
0.7212176528009189
0.7266901250325982
0.7444109259792719
0.7365208059516967
0.7898992495775561
0.7673175103734642
0.6954724558281951
0.6632771780440493
0.7120061505130606
0.7249423899859025
0.7409785960546782
0.7486034233451059
0.6962821057301128
0.688860800351986
0.7400251808557757
0.7338337162880223
0.7000512213231567
0.7143581104686064
0.7281526850889858
0.7219780941059887
0.7409851701214756
0.7168623479671054
0.7584864040938837
0.7037523448639272
0.6927272936137903
0.693893000126533
0.7226676129798564
0.7271006398785065
0.7248587451583693
0.7516522178513245
0.6945962243003926
0.7185334153531687
0.718682638793078
0.7209341093966356
0.7666562675295273
0.7345420014092409
0.6998881970398049
0.7126410775706795
0.7076161590396451
0.6827641272144468
0.6877381999517608
0.6948517110226071
0.7235696485453098
0.7297309624102042
0.7438488157306666
0.6962643975778545
0.7329854798346429
0.7019559600013059
0.6877839623751999
0.7293519074868808
0.7703164603536339
0.6889460482832026
0.7243099367082799
0.7577400242304678
0.7587558969496065
0.724385937939271
0.7540432572867883
0.7350702997157745
0.6925207800095832
0.761605377417963
0.7011151022093123
0.7357207092630398
0.7900261750336637
0.7687382429719488
0.7174159880387161
0.719799214976142
0.7416409417870538
0.7518255576916784
0.7180032715252912
0.7525856866283014
0.7301860264537741
0.6985789701482484
0.665416651636948
0.696694363019465
0.7470757722857934
0.7129329548201125
0.7352011760926803
0.7258109885873995
0.7102537082271341
0.6975917660778567
0.6912756013893879
0.7502733825977157
0.7333178785219668
0.6675676049469563
0.7422287261494729
0.7376907867733523
0.7017412753347572
0.6770384970691719
0.7308438535336682
0.7165531334928704
0.7284025347674056
0.72752938548408
0.7164150156136683
0.7419751033523584
0.7478775377093704
0.6697811965101146
0.7528456213381216
0.7495089329555086
0.7145221333491683
0.74486377392164
0.6721430226680511
0.7556235463497334
0.7268902206028115
0.7675485872758099
0.705590956233117
0.6979726863549881
0.7119538456254225
0.7470857561313614
0.7235516775387346
0.7690052165430141
0.7263803109381308
0.7407910320105743
0.7328974611155419
0.7730641337900241
0.723534336031215
0.7138768628420593
0.7453829244235367
0.7486011963658336
0.7270900906234999
0.7445183376156589
0.7325718517528513
0.7151773966609096
0.7436650502506517
0.7207058378054279
0.7019941298315694
0.7534526836088417
0.7407688497568563
0.7377739186119011
0.7509111081169416
0.7450032381870142
0.735181891564996
0.713993142371562
0.728378835041924
0.7356447448751952
0.7136905998859242
0.7064394493449572
0.7232322375282537
0.7506092781036313
0.7378743058035251
0.7276639817499743
0.6959454271131351
0.7364995137878796
0.7091074573568167
0.7542401861380617
0.8051102166899071
0.7059987252392125
0.7305255691417061
0.7105690429171301
0.7290739834473278
0.7211768867796647
0.7536144019115801
0.7261078126416832
0.7601649455490546
0.7312626843782182
0.709738837600585
0.7144984184915607
0.7026587325343121
0.7312842374561604
0.7071176263709298
0.6677319120227587
0.7258092688398886
0.7228404592903598
0.7031579120724272
0.722020237032262
0.7041771223610821
0.7284438207106102
0.7332371691731179
0.7560708398607652
0.7413418638359408
0.7287951626654283
0.690399978713013
0.7166130449290802
0.6881643629496494
0.6881861647587061
0.7477222347536487
0.7102017603951515
0.7182913982974647
0.7084587158804929
0.723499165345426
0.7043500626453677
0.7370579615212925
0.7107055848109595
0.70819935962879
0.7227307203276548
0.7141549654373083
0.765479736789731
0.7245837777845379
0.7303678796403078
0.7620568798630987
0.7224227736410195
0.720891910400467
0.7092328660267642
0.7405652480572723
0.7779786713746345
0.728130585042456
0.7231745488888112
0.7398182695252972
0.7076338494892332
0.7360104704940682
0.7318222140396818
0.6880162914570266
0.7388617604747085
0.750673899119484
0.7165570246104586
0.7162206046027467
0.7160804569932919
0.7562614548923563
0.6732454376154146
0.729742404045638
0.7363963701478802
0.6687246828307927
0.7452698809937943
0.7503679463535871
0.7514726127649873
0.712262327483697
0.7506455731942387
0.739975775442698
0.727205796197257
0.7122991892859236
0.7368322693470309
0.7248940131870055
0.7672560616691627
0.7114628108242995
0.7392361032865747
0.6984136621509957
0.7238871410195904
0.7540662460386046
0.6964092937105932
0.7533925405194052
0.6998520450170826
0.7220403988009724
0.7054885618696565
0.74650759830413
0.7722176541043136
0.7221668854271877
0.7058064174635235
0.7583916889396204
0.7702521434569448
0.7066010777918248
0.7357069444002862
0.7173969847455313
0.7429377057456313
0.7229226314840527
0.7311238302769096
0.7572109461977244
0.7397671511752996
0.7049485254465998
0.6849270310476286
0.7002285814249448
0.7173848667676047
0.7392337978977824
0.7234544531811227
0.716358286424747
0.7010671881226044
0.7425707912439448
0.713138404496202
0.7017713216864454
0.7264408424441714
0.7224527268895449
0.7410682986518675
0.7119553444614184
0.7374664555421838
0.7267831905296415
0.7467507120866856
0.7490676954397448
0.7307503976325854
0.7068617889181315
0.6942828876875393
0.7178914002613793
0.7390036551031544
0.7232292202506417
0.7663393941875316
0.7430343964463552
0.7392019251821063
0.745738998540369
0.732332702313655
0.7350640214868497
0.7823318646351942
0.9379608992039559
0.7778217216876888
0.7218780255778651
0.7514672569233303
0.7169954128458029
0.7250530768234423
0.6861928286886101
0.7175366991404428
0.7421435429047887
0.7516562725367982
0.7390960170638987
0.7277075281357077
0.7023623714661991
0.6846811597778353
0.714268618622192
0.7412255928157816
0.7088114958850448
0.7517008459462352
0.715138613674636
0.7333607211246604
0.7122229229477477
0.7345190214435399
0.7268582615619937
0.7296803184327677
0.6923062772715131
0.7269606437359316
0.7014034280309054
0.7075579795207259
0.7695545351617976
0.7274985364749322
0.7163854826252111
0.728597782073433
0.7284048515629529
0.7580719399390393
0.7084794197575138
0.7026816389894837
0.7244029155045166
0.7000763917181955
0.7198072988904312
0.700274520940877
0.7102769560396125
0.7530446416464189
0.7018028703948747
0.7089224080556338
0.7545583806092928
0.782525303641994
0.7264811282735946
0.7334103185349128
0.7412910196656711
0.7287011597601665
0.7406097433238823
0.690983684695292
0.7406809626556583
0.6976163495261456
0.7130856789505755
0.6995539642091809
0.7370221983401173
0.7062465360347917
0.7212347849195931
0.7490085760486107
0.729308178610391
0.7394004933166429
0.7105930379160232
0.7314411128641884
0.6978042770887231
0.7129243697445328
0.7126653244829404
0.7412966099613051
0.7249935551699447
0.7352436776129846
0.7274392498799075
0.7396113506608364
0.6913128144108303
0.7042222513814701
0.7390733246992645
0.7439610239264085
0.7024378384990151
0.7322550564453099
0.7472667943724276
0.736706707785491
0.7291004917394736
0.708603493832207
0.71233826746281
0.7237581758622494
0.6840438248827354
0.7445083440554836
0.7758455165276718
0.7079878046805076
0.7375715749706812
0.7135264444321272
0.7323940558430563
0.7096170241578976
0.7810491490128689
0.7377047047286002
0.7075755206202338
0.7528660247008045
0.730743264152956
0.7131234663415927
0.7561829129712925
0.7296343131706163
0.7100536854238688
0.7271718712798598
0.7243870210247135
0.717245678508714
0.7144909325604737
0.6991050330468923
0.7197824029782123
0.6795251774206739
0.6827511948442736
0.713718520474653
0.7266954265618222
0.7505872493971528
0.6990676431528078
0.734095256399951
0.7538332861125959
0.7444747141383719
0.7356528023287577
0.6867464369175567
0.7130536188714052
0.7285007485956057
0.7484975867692468
0.7030712635151257
0.72622011233344
0.7522641366410656
0.7144466167992989
0.7721301402619045
0.7262423936852292
0.798212982106167
0.7223036565546245
0.7334112404512371
0.7005449521076021
0.739395852321389
0.7155938830050779
0.7452936883607115
0.7103174550912018
0.7450129033579612
0.7017286477216815
0.7312361938324672
0.7494063114580201
0.7266151726655212
0.7351956917032985
0.7172175378067299
0.698401570498596
0.7413738995248657
0.7288100880877755
0.7375773532447376
0.6917768781017927
0.7288179716629484
0.7197437224126269
0.7261149879241066
0.702562550204826
0.7270326771165968
0.7079536282050988
0.7083415661179044
0.7436047284462994
0.7401618065426143
0.7108868672765729
0.7337116922693864
0.7116738540959804
0.7417127869931169
0.7044419536206183
0.7150472863424294
0.6885270482451595
0.7227341434742106
0.7812235266841241
0.710549878840041
0.7226700075643481
0.7326893166144083
0.6893755618908195
0.7435796485417125
0.7479311435406607
0.7204761672241764
0.7421073568212224
0.6863688184015099
0.7259211941588065
0.7626488463268379
0.6893866122513146
0.6886828089408741
0.7532421344676378
0.7690520735923321
0.7226209401204189
0.7386937491468784
0.7284225337745237
0.780121675044258
0.7598511493193217
0.7187553009807234
0.7291984850299852
0.7563806809711168
0.7087574551633955
0.7044537798332694
0.7101659786022089
0.7086004978611419
0.7495019208736049
0.7219593237723407
0.7471609041314264
0.7025464740045434
0.7720019601286298
0.7488292749957057
0.7268706755180504
0.729916712163571
0.7574597380855443
0.7149530168975391
0.7829404986498117
0.6750999008678819
0.7223971996826242
0.7611292541932599
0.6975508675988396
0.71865086570546
0.7301502164795158
0.7165913304816739
0.7398395881360885
0.7005080475871848
0.7009106414322667
0.7377026291106147
0.7463273255674108
0.7165762055564836
0.7419958746111307
0.7240157639928584
0.722086693077727
0.7228300435689511
0.6915833650543486
0.6636472597801772
0.6925375647929074
0.7191713339653054
0.6893681968697576
0.7124218770771203
0.701715447557923
0.7065808571222012
0.7372505122182986
0.7069927159890911
0.7181307303131886
0.7150823862280422
0.7056606859037651
0.7385971638568064
0.7474910848605377
0.7356438415628125
0.7067076140252818
0.6971004117873166
0.7090119909042403
0.7384398545271134
0.7210768026246344
0.7132698642400925
0.7395069887362147
0.7430893612132063
0.737810477357556
0.724180275774406
0.7392989814849056
0.7102753354605905
0.7026700569788594
0.7762810989033351
0.7323349672381352
0.7425136728641174
0.6783744387201628
0.7208917801062888
0.7480804661676732
0.7201192914448414
0.7446917641264386
0.7344093241393407
0.7064174908134029
0.6996775232450652
0.7547928310509235
0.6879994756958409
0.7271174482546899
0.7153155112140229
0.6521795841428152
0.7576978456014494
0.7447884435250819
0.7256346478141421
0.6939332988460962
0.738751031480442
0.7478597126072177
0.7736751934318811
0.70953486948988
0.7120250585058726
0.7252726715964427
0.7242336306549654
0.7591158123383722
0.8024111435611804
0.7204328635665525
0.7197182572108878
0.727849637514027
0.6925652097022139
0.726558755367193
0.7630861921492421
0.7247275743197957
0.7480351152120606
0.7142507805519747
0.7278987438034976
0.7265082114276871
0.6929865971628679
0.7078013889788609
0.6922032821486921
0.7145057531102721
0.7363528550630758
0.7129138121613897
0.740643524870528
0.7571778479203638
0.6899387553797044
0.7480358640586736
0.7557850647776431
0.7386208275551522
0.7661087579034573
0.6847286314069108
0.7520460703653264
0.685818207642277
0.7819170183417837
0.7112330649988415
0.7446271674324185
0.7598917221850496
0.7280552291817804
0.7299504110162477
0.7265807738230098
0.7346257038722088
0.7236011052358753
0.7234449738596461
0.6954416053851791
0.7083772600588116
0.7437288359550276
0.7703381858766072
0.7421592591722267
0.6989294084909593
0.7468698462694099
0.7059267513010864
0.7267076050961453
0.6962179904576061
0.7080882421874489
0.7075526561999407
0.7677661804877138
0.7140448647727001
0.7201773056734034
0.701042175564633
0.719815939337571
0.7465236933657465
0.7213582856134949
0.7259917092833251
0.7290961747550572
0.7203065789060662
0.6916115437160893
0.7269313723087969
0.778941116583111
0.7232911063350287
0.7030910312159239
0.7289690386469185
0.7743146726217893
0.7490263286075876
0.7232523342561145
0.7723499938962816
0.7276546932232669
0.79555364345054
0.707577411502903
0.7298343199124874
0.7314733341107267
0.7444041015230355
0.7628614663694344
0.7012992262835219
0.7490817436672829
0.6846177823762064
0.7485847982127518
0.7696934841612894
0.7448878718605415
0.7147421033069573
0.7317180541558947
0.7291806736177857
0.6839769935847723
0.7046467881586814
0.7133097918980845
0.7199502724248297
0.7247019602071728
0.7221215275838537
0.7214659375608541
0.7457966661728381
0.7312671076792804
0.7210467134312442
0.728894056615323
0.7560788106414053
0.692807644080437
0.709258802839782
0.7176814086269552
0.7547172079016939
0.7297225065098202
0.7528096391774793
0.7189931643411258
0.716686596040976
0.7572333423268611
0.7222330484297693
0.7080475802194592
0.7182021255854025
0.6804321126364924
0.769528062861171
0.7531192453593719
0.7588806898969185
0.705093428346102
0.7164869872254128
0.7107891071934587
0.7142718571568424
0.7137536848523458
0.7209351882599723
0.7367185159745947
0.7136315090560313
0.7487815908889428
0.6849097194936014
0.7622176589635253
0.7393446128749243
0.7522152780417666
0.7048672181736916
0.7729110393051393
0.726446999700301
0.7347031971254827
0.7496375997501888
0.7302610799491578
0.7394680168313298
0.7301194223313786
0.7242853234507962
0.7656092917602496
0.8007244306558682
0.7257209795008289
0.7406244688319908
0.7631440786674598
0.6976412501427648
0.7493957005641615
0.7210970648020602
0.7236052636766787
0.7160964095534401
0.7352582252313963
0.7494439175611765
0.7498869100884621
0.7280783591457788
0.7697620888566834
0.7731800562972933
0.7201794388900027
0.6933500617675058
0.6941921200179766
0.7317367858230536
0.7575067459162065
0.7445327073681801
0.7297968767720407
0.6836566570684307
0.7131160823383236
0.7093166533685691
0.7096189604680648
0.7436973966311657
0.6918745027983877
0.7101936179847984
0.7382669468517499
0.7539516049881637
0.731807827732071
0.7236394346451099
0.711326514042308
0.693413325595297
0.6745819656235158
0.7642276709489154
0.7431629153992686
0.7041889655107817
0.7314833035846988
0.7464035313677656
0.6984044133377075
0.7373932130895763
0.7498678721265845
0.7346209058413566
0.7385505031851809
0.7210134500342212
0.7374205441793963
0.7380715752787366
0.7221870112190863
0.6913131223740848
0.7458364477775706
0.7231537289114869
0.7485611362628447
0.7233733091481698
0.723498504372752
0.7255705494058701
0.7052820799425542
0.7373064630782467
0.7256197629750859
0.7109098711235411
0.6913617295413631
0.7503619088050921
0.7430354782133498
0.7320464326797789
0.714450871796659
0.7727950856570414
0.7435405265197415
0.7020260919633294
0.6928337543075186
0.750123647555775
0.732917873904075
0.7336119625212718
0.7440919569048045
0.7395112384368894
0.7538453043568374
0.6636139610886386
0.7519568890267267
0.7539945053656909
0.7316813279703338
0.7105426976540781
0.6793187279318438
0.7381801450025655
0.7067018807477595
0.7101686910888639
0.7203528452513859
0.6825706278748059
0.7119124618751372
0.7195014421557618
0.6991706135468791
0.7376068130664514
0.7203870784696805
0.7378221479134682
0.7038878584102944
0.7316439795142338
0.7247390718175529
0.7357120275071293
0.7618900824366969
0.6909239314948004
0.7247300067186604
0.718294306794459
0.7093877898501169
0.7173514674218947
0.7387692069363665
0.7378241950153757
0.7153972796966486
0.7093449697050662
0.740946549872705
0.7195108366736266
0.6839036492377879
0.6911894123409992
0.7464557945039064
0.7057885301808939
0.779228141035671
0.7078230241077
0.7579978316870419
0.7385350119071834
0.7111575998843076
0.6888165964430334
0.7570440644961736
0.7281971663341569
0.7173996782969148
0.7623849870837297
0.7008105146650151
0.7399965972333827
0.7264655596549724
0.6934610360225061
0.7139253424900928
0.6933017944817306
0.7167360128960802
0.6981664815039047
0.7386101394737538
0.7071226230155383
0.7069506464127752
0.751250403774175
0.7456140396516059
0.7138323678577777
0.7344577723083037
0.7385851026707997
0.7547449593737052
0.7155858349267326
0.7700028978227014
0.71801386093583
0.7421443021905169
0.7299185266066973
0.7371030421859699
0.691824887148863
0.7217221637817652
0.7215971090737031
0.7159249602110963
0.7408069128423135
0.7368278302098413
0.709279349965581
0.7036910440633091
0.7243211603928035
0.7086189035566977
0.7443332226748427
0.6712051220712909
0.7251791201073169
0.7059021274448986
0.6918891051227918
0.7417278147511919
0.7173995327378876
0.7183757641154283
0.7139852212746723
0.7090581362837509
0.7078772543969997
0.7098569101907733
0.7584959474834626
0.7224916779739983
0.7723222033710899
0.7501778106280977
0.7688316362866879
0.7434800118734587
0.7540941148167948
0.751201063038424
0.7207804462275796
0.7002389578761656
0.74453214333294
0.739874605818087
0.6906661484702393
0.7127978184637369
0.7272373019858243
0.7045822212285114
0.6793831320219748
0.7111700987472065
0.7343580117474491
0.7216106049415504
0.7119704573885696
0.7163398407061261
0.7432728857136367
0.7353065948935753
0.713361144086873
0.7309575057137073
0.7041327347865335
0.7658327107476032
0.734393403023219
0.6951044352956501
0.6864777399249402
0.698921481077495
0.7083420309313229
0.6646137761136957
0.7327735713523522
0.730619430373665
0.7303970434427329
0.7168628913874676
0.7440348398804124
0.7453007456821472
0.7765876662530017
0.7388082546838379
0.7205312986449448
0.6859801385474764
0.7977655089297611
0.7357819718188019
0.7068231392002133
0.7203672438417446
0.704242277292591
0.718756873001984
0.7588237475976014
0.6925676505142327
0.738297387087259
0.7308716533007439
0.7321664285704395
0.7185043504793501
0.7046592565080433
0.7796303587511314
0.7250715308058816
0.723370003641346
0.7543493085151508
0.7489197902346766
0.7375049408816899
0.7261591225706229
0.700188740363884
0.7143479968929225
0.6869566012811942
0.7524219018985692
0.7287835921411431
0.7709374018269884
0.753761900136742
0.7561175153644907
0.7249006668351973
0.7086041959880334
0.7344274744410527
0.7221517195704568
0.7405380804157474
0.7572736052300624
0.7211166657821505
0.7040860161113259
0.7623938377257006
0.7372118862240689
0.7321204207624425
0.7552295825765053
0.7082634299931774
0.7720321917112886
0.7464811203782735
0.7432035713281089
0.7544219783391726
0.6828945036459305
0.7294105962984755
0.7239052809097322
0.7197089013945447
0.6931925641671219
0.765618010990177
0.7657455263997646
0.7673290026590944
0.7328862355877178
0.6649173681516128
0.6983984736417433
0.7007540105218574
0.7195744405136487
0.7309731330496912
0.6918412714152924
0.7972821858080091
0.7096887273991453
0.7725198351155832
0.7552402404974821
0.7285436186604469
0.7049270573332636
0.7332633251914563
0.7527149853502215
0.7463376596207866
0.7448923197493686
0.7010575524184366
0.7020120508469028
0.743700822221396
0.7571710253857976
0.7299644439722603
0.737225471844444
0.7549008339329334
0.717905151377418
0.761977289288768
0.7311778434367504
0.6979223821496119
0.7072352591639958
0.7289196805946968
0.7583548360446668
0.6915458675673162
0.7905466123385428
0.7502086435300188
0.6984465920805828
0.696446856730578
0.7339513707138449
0.7561581554326141
0.7359604216105873
0.7287829942214323
0.7123821390344459
0.7214899761281975
0.7333364430251953
0.695154116398691
0.7068896868197997
0.7549319903247719
0.7074703847409081
0.7416115271179358
0.7143841595509189
0.7567335715354357
0.7585357697727523
0.6949198580438654
0.7535716115166412
0.7089364004312669
0.7081433156844125
0.7179598814396362
0.7067444356240702
0.7443886641639619
0.7667744759403492
0.7374616981138569
0.7236037726465986
0.7343134291796836
0.7580866197218752
0.6900780355269436
0.6756886342931169
0.7221932398368647
0.7657806091263208
0.7144070383438845
0.6984151237668003
0.7029591564121438
0.6827133370851415
0.725578069435757
0.7166841165135217
0.6866899810937412
0.7066547626209592
0.742250983400521
0.760152227832606
0.7186849678206615
0.7265227041917932
0.7049762322518436
0.712841914657556
0.717865259580727
0.7173834910830984
0.7447699869956813
0.695433713119581
0.739892454055593
0.7527411631253911
0.7401876877448776
0.7356278853136337
0.7198772987681824
0.7291704620107085
0.7294408017884778
0.7401998380401807
0.7182241902024078
0.774503094903586
0.7334953381871284
0.7444279057037559
0.7198561441217324
0.7767250637499048
0.7281916650870159
0.6987512450652108
0.6795727657379778
0.7651297570616071
0.7215090017941759
0.7479889951363694
0.7081299043746112
0.718773588515299
0.6954345251741516
0.7146207296543042
0.7316752324570962
0.7259665216537028
0.7063276182646713
0.7062965466370363
0.7329596057476788
0.7131579187322281
0.7687166012852057
0.7120175001784295
0.7281993082738759
0.7001229377649474
0.7429111052630558
0.7189640627383093
0.7133695404402254
0.7020254974565135
0.7105951940967085
0.7351908443469423
0.7532696025573856
0.6842496049530233
0.6990389369847239
0.7314358145700236
0.7087965184159949
0.7399059758026512
0.7040126140606587
0.6921396151628691
0.7506423459055036
0.6911411097841409
0.6998510598202422
0.7134878709859503
0.7158297536995626
0.7233040074591114
0.7239845933075572
0.7743790655300342
0.7004875298539538
0.7071871712610092
0.7557001413258768
0.7503238124357948
0.7372601082393558
0.7532130174661746
0.7263694461171242
0.7452731551065263
0.7466440487987173
0.7049017427627537
0.7548761731495045
0.7045947271833001
0.7910382702264688
0.7495537911672344
0.7335785172422397
0.7255561679623329
0.7032981231338717
0.7355935996800718
0.71973091380054
0.7062263209897841
0.702523828030513
0.7454434590969846
0.696059153030089
0.7189826032247429
0.657247383684973
0.7477019903672169
0.6951863221559123
0.7539538620711617
0.7055695301874307
0.7228936740026164
0.7387147557634726
0.7203567974248896
0.7058143332540359
0.7100884595507212
0.7447180176446265
0.7171668852284181
0.7237157448645487
0.7306451963786608
0.7178478837037089
0.7404671653293551
0.714326474276415
0.7479250279099952
0.7591340145071723
0.7343437763992982
0.730342760152028
0.7370770561905414
0.7131989784131975
0.7286904066155422
0.7267355541924442
0.7375625989413732
0.7485651606924636
0.7250119040043154
0.7399461796965594
0.6755595761083699
0.7355701924977565
0.726797561791244
0.7479921511618436
0.7491874311595099
0.7388279554556022
0.7114465441222874
0.7540693119777881
0.7701277423908173
0.7234932426834046
0.6659649163695966
0.7267655650197259
0.728984386200971
0.7166003075645048
0.734751082471866
0.689046363280054
0.7301645779130492
0.7182477588190207
0.7165370531020616
0.7350770384024963
0.7271778869235813
0.7221681401212415
0.7085571179952653
0.6556975784833261
0.7640522794815682
0.6973504063773245
0.732118848125961
0.7206699850132927
0.7172514716024548
0.7531086977918692
0.7332330485290293
0.733981593600011
0.7516707341818288
0.6913779744910084
0.7255221703577301
0.710449812292773
0.7323900381080279
0.7143242804647539
0.7634086052989832
0.7711408385366636
0.7406295512312824
0.7237978499089833
0.7121884480304176
0.7421111279384082
0.7219648387581131
0.7210487148351771
0.7780480832025382
0.7300494394678058
0.7111989474966003
0.7207985995289223
0.6990688399359041
0.6650615661645838
0.745119325358653
0.7282245130895602
0.7499977013508943
0.7130664698048512
0.7526351503242166
0.6738531430063821
0.6966526606284577
0.7317928238415508
0.7605461296170539
0.753775357381893
0.7196312606506591
0.7438921259721811
0.735683905401841
0.6987187932933658
0.7468053818625394
0.7405500029679835
0.745674319777968
0.7050455634215574
0.7495573813639288
0.6772079171033608
0.6973841455124824
0.73564030681718
0.7301392240220035
0.7116569156410476
0.732943756779182
0.7509377478276801
0.7190390020072948
0.7572836373703715
0.7019119369046968
0.7659151671733827
0.6934319610060409
0.7535612204827352
0.7643348749000624
0.7705473779007553
0.7287723778406517
0.7436478219081019
0.7077625588393958
0.7193936349644424
0.718822709645367
0.7003463926270538
0.7128164297468219
0.6778414796421064
0.7392644960494615
0.6988159606840002
0.7755163794125
0.7399842393584176
0.7224824160999497
0.7401146944324506
0.7431392023898483
0.6974142141806281
0.7473558654547487
0.6908707509882405
0.7318918097149332
0.7587441986085035
0.7019720164961792
0.725544371890875
0.6904442048163362
0.7038112040412233
0.7058484697111966
0.754678239914021
0.7412564247288029
0.779031243001099
0.7248448522056136
0.7213191613965244
0.7454965064898614
0.7004498207853086
0.7506520084536771
0.6946994493343683
0.7461653717867683
0.7739830686139426
0.750730989566042
0.7699107349522073
0.7581380590264509
0.7289021654248725
0.7392500064001508
0.7132750424908314
0.7579636950369975
0.6848186228861022
0.7090073611972739
0.721406442430645
0.763847452215887
0.744837728895866
0.7084606133356618
0.6792908376771091
0.7439191052200772
0.7590284139875803
0.6978925165227011
0.7423557902173021
0.7392315655654529
0.7217888111299839
0.7174045258857193
0.7410527624222442
0.7385684077504339
0.7294827620213578
0.7303644390147578
0.7461713429457029
0.7119322225634614
0.6894401426955993
0.7372881936375494
0.7460388408942101
0.6946067703490713
0.780565837486501
0.7494997212489762
0.7277075333280689
0.7471861560177802
0.7193248408284028
0.749731939381036
0.6992359267417582
0.7201606972478612
0.7240279362941997
0.7102640122967186
0.6911538707114254
0.7736060142279747
0.7501471855774143
0.6658746730466998
0.6971799594256975
0.7107287881907597
0.7541472194917049
0.6935059385108524
0.7058506212758352
0.68545052466821
0.7061768399346062
0.740891383173899
0.7567049978213001
0.7210938824807083
0.7318624465922543
0.7357894640107656
0.7793530192491605
0.6913072265785621
0.730702095244056
0.7504127343593975
0.7070074038395605
0.7441220918063934
0.741294563893362
0.7442852289425387
0.6991176870891405
0.7349749926756314
0.7272023905053259
0.7285287373026157
0.7253611319362054
0.717107953246719
0.7482022304343845
0.7244440477183337
0.7499011031407335
0.7614729355715741
0.7707165747175058
0.7253887697264738
0.7209835648281362
0.7293503719995534
0.7227929054080008
0.7132691407165316
0.7233077456432788
0.750977401468065
0.7269363177941683
0.6908083262788853
0.6751456153935059
0.6951866072236415
0.7281761105767943
0.7588723024537091
0.7618679021583649
0.7210285361046372
0.7537808838600997
0.7035828180861541
0.6881284234395177
0.7296499736300356
0.7556791775519961
0.7339141452301151
0.712910151270659
0.7374263750484799
0.7381362529068352
0.72530327651859
0.7040550536072967
0.7149742711749817
0.7249841030312971
0.6964700968620355
0.7254735908439222
0.7472655638209901
0.6901009404920638
0.7217939638831667
0.701642369707626
0.7010510881159948
0.7190098275250469
0.7365816351604778
0.7495528981986033
0.6836984635972031
0.70449730045869
0.7398947814778227
0.728040167293679
0.7284424950576591
0.7236842581835523
0.7214093850907236
0.7451103099141159
0.7372230764616055
0.7316627744734504
0.7974651127075627
0.715966413005182
0.7217294877069702
0.7296368076749472
0.7436997245519986
0.7423915743353212
0.6925715986398765
0.7354282803629779
0.6790970504336507
0.7761816810084172
0.7227800555680061
0.7338253034941514
0.6783303682285342
0.7395099325292852
0.710620367531919
0.7022132189275896
0.7259121491592544
0.7426761893018637
0.7520015649872825
0.6798801509574566
0.7398873279565845
0.7432699407454562
0.727162445063591
0.7500373558153222
0.6764889700592217
0.7192100226996746
0.7758662281363005
0.7768715754158301
0.7536719489248547
0.742118607580442
0.7057452997607127
0.7156038504571393
0.7263681404033807
0.7205506528436053
0.7515108984728923
0.7315458644753356
0.7317583541686915
0.7177799090752428
0.7389076551311334
0.7083924369527961
0.7249194971446998
0.7077009243279849
0.708155373418703
0.7244349135365388
0.7279758409196165
0.7436678704210098
0.6739826365900496
0.7257000938270634
0.6927913914568546
0.7157613155627938
0.7307851913615595
0.732255056274631
0.717451513225164
0.7241255066663992
0.7312469494043196
0.7502718771334832
0.7423106192140888
0.7305928980955386
0.7330895120235753
0.768087298061785
0.7231902146182675
0.7008426427344517
0.6899877357522033
0.7161278188268726
0.7340098388442566
0.7013010120567933
0.7146361977333647
0.7048540655031431
0.7203342825654231
0.7161784334931858
0.7535283561671308
0.7370029191350581
0.6943341274430623
0.7606143958199172
0.7182981843641553
0.7492729375418062
0.7320864612887076
0.7005189825122228
0.7372392083361253
0.70618094599538
0.747530871331955
0.7505472122349425
0.7511842270834029
0.7259686183375635
0.711714944735542
0.6693629179792655
0.7221984629979169
0.7115973635527778
0.7356302605730645
0.7380915266606793
0.737419625069435
0.724899195098491
0.7221411490171862
0.7341974561395103
0.7254730671435841
0.7034712391197855
0.7495665061199146
0.717904830722608
0.7160965109758659
0.6775270415599172
0.7478153892557915
0.7559440687097917
0.7271264847751625
0.7285064369355951
0.7092513275717017
0.7127705659517214
0.751164612639724
0.6905185023433726
0.7148215238315966
0.7495127586346714
0.7155681488709661
0.7172123518547605
0.72260204589874
0.7789787152983588
0.7273877282767875
0.7449463031348266
0.7438285524536697
0.740923377461924
0.6988777010737344
0.6903822188341111
0.7460595800267736
0.7496903286073099
0.7378497002293702
0.7385303863900711
0.6943462501720638
0.7239879557049921
0.7753498450316606
0.7294084680980618
0.7125184954895873
0.7232503146098227
0.7428100520873159
0.7547497209783062
0.7179911426531083
0.7501209442481124
0.7515484878330377
0.7277016294670836
0.7098515910678166
0.6827002449648695
0.749256013299735
0.7456862227391652
0.7485393593144273
0.6829904663304723
0.7129769076715692
0.7059759253090157
0.7160574537829869
0.7393762192653032
0.7796524135781397
0.7361343540603623
0.7055274580709293
0.7554316242660739
0.7504658164412378
0.7307438793553934
0.7495167763841724
0.7375324749035047
0.7123913224619394
0.7184214748656187
0.6736879247469613
0.725341432286392
0.7006034694844825
0.7405107110526122
0.7851846593699366
0.6901481987410255
0.7090842708216768
0.7299669549841006
0.7048203582179291
0.7195498178716963
0.7480196657451987
0.7273439347261929
0.7828283996643672
0.6985941293224672
0.7116165144589153
0.7083354747543956
0.7400099929722299
0.7034247099222874
0.6978455429331843
0.6848050313339071
0.7085244118533252
0.7205555417481234
0.7309149401403162
0.6796296401626872
0.7458025972450785
0.7656182561812777
0.7226717395620457
0.7042549794391337
0.7482041645663293
0.726678345823441
0.7136558180829964
0.7166140046336831
0.7493542300275702
0.7259776029544439
0.7420182814817788
0.7230125735391147
0.7446807491134065
0.7442884204886161
0.6952829313421885
0.7263225200889744
0.7241610072168893
0.7525492566632745
0.7393763179642909
0.7299049586276488
0.7421007380150921
0.7388907062926106
0.7356122976376118
0.7347086526786419
0.7183306625910478
0.7475854284175015
0.7249187957304064
0.7558881387874967
0.7847095369440606
0.7289659562648464
0.7573583183364895
0.7059454313035527
0.680097917130154
0.6845585332609768
0.6830630369654634
0.7110509564536597
0.7060304840528135
0.7131501258587961
0.7258567573557548
0.7632918654390182
0.7133736020624192
0.7195772506852515
0.734654303350777
0.7212728878545234
0.7516113180475917
0.7235421517360604
0.7449323799331197
0.7368336116301063
0.6876108316887758
0.7364187828034229
0.7343787428733657
0.7732263875065871
0.7125834923174691
0.7233511639228276
0.7544830554096007
0.704150579523517
0.7277734184774272
0.7467896913304544
0.7264613213887328
0.745659337037927
0.7481112015558634
0.7537135895570592
0.752646453729366
0.7047091676755904
0.7086442288452723
0.7468832374967148
0.719413369188996
0.7126034577256423
0.749431012655056
0.7236604430901126
0.7363752823751076
0.7768302072831965
0.7415520365880438
0.7167935608369694
0.7162929592308196
0.761636407375732
0.7187787406367218
0.7412311285294015
0.7470946336592227
0.7440740932837657
0.7383869470061312
0.6929989248301144
0.7178003309388994
0.6794775127065904
0.7008206958594061
0.783090622243853
0.7116652229427551
0.7416103746365628
0.7033962201708256
0.722081848236668
0.6831317071045269
0.6889271129047062
0.7897645563321768
0.7563524131043922
0.7514694735635831
0.734498191126772
0.7483491299226832
0.7149024161127441
0.7180283885970812
0.7620018099086402
0.711024732132565
0.7131060577296962
0.7490250360795593
0.7255614789770197
0.6757439929884288
0.7133878696759085
0.7332534526954967
0.7324964380959195
0.7329133221418983
0.725791130167573
0.7150888025478095
0.7083863843069467
0.7565708390596263
0.7026909088383185
0.7231700749236207
0.7517601691825885
0.7314762648970199
0.7036842550747108
0.7632651300663638
0.7267252376123814
0.7551475587227905
0.7776720593277003
0.7190436165241086
0.7140334423543256
0.7409162820131863
0.7356742861065404
0.7157036434265356
0.6828429204483811
0.7212785578486788
0.7246897533083811
0.7481122688045078
0.687047615920848
0.7411209716450906
0.704675270295333
0.7368923136246984
0.6819500029666444
0.7009786794241148
0.779507020161449
0.735511525607692
0.6950191450936845
0.7307764692826011
0.7493639980248746
0.7286818099842419
0.7016704089373866
0.7375314683441154
0.7161918934774952
0.7451591782552999
0.7092912441646365
0.7081185141403312
0.6905581400606691
0.7260851558446919
0.6972355606814407
0.7078950836601015
0.7076419215900849
0.69060057871661
0.725996140867065
0.6647162202638878
0.7617751039081152
0.7186472402081627
0.7813798157736332
0.7299401152578162
0.7556831901714035
0.6862529753943134
0.7686537412866677
0.7605933266953321
0.7159744533553059
0.7287498589891613
0.7743915852980136
0.7455572055907492
0.7018242190647888
0.7366462632401958
0.6896364525572358
0.7267310200575563
0.7017583058391831
0.7235210861823358
0.7473767599509148
0.6866926154021558
0.7449575697613128
0.7166053616106414
0.7105697970027635
0.7617411431121551
0.6838875376783456
0.689443719542739
0.7038945830381553
0.7278700228540509
0.718377169098204
0.7457275113783658
0.671197560264509
0.7157749384263835
0.689330380099988
0.6967616294801798
0.768277285355518
0.7289601468306913
0.7178110360349503
0.7418487717164317
0.7122086519789103
0.740942095078713
0.6980438752721894
0.742334043564255
0.7104374491856168
0.7344529972596734
0.700837633216712
0.737122969408416
0.7549790077261957
0.7212009123810752
0.703855996751153
0.7346186018659354
0.7406544757041151
0.739737866971388
0.7169950383917969
0.7307987560660116
0.7182761405880677
0.7378256782414049
0.7597103811717295
0.7117191226075792
0.641194842949716
0.6878355289796438
0.7568687402231021
0.6924746888500176
0.7147577733457687
0.6951139979129651
0.7395210633113093
0.7365073114944249
0.7376783449870684
0.7458143243577532
0.724041637325326
0.7639120557229491
0.7248931424585292
0.7865065955094634
0.6945691141569172
0.6716188797058052
0.7170748040997094
0.7132902701597882
0.7485656814572463
0.6997154070614373
0.7101714039994176
0.7243325967077962
0.7662455928942521
0.743123770882419
0.7433171014482036
0.7004752021562801
0.7174049793555661
0.740179009612669
0.7352053663739101
0.7015616582815711
0.7018211349176788
0.7279540328840385
0.7182685636575236
0.7326875559498743
0.7225130023648269
0.6964101529236443
0.7136346117781702
0.7112344278254962
0.7742799416999964
0.6691485716723461
0.6946013656785555
0.7334906282882034
0.6828317275817721
0.690357321749464
0.695913731950882
0.7714314811602382
0.695951484044498
0.7070776091390282
0.7427928753082134
0.6867184543970654
0.74550545787566
0.7527956249763924
0.7395503913607437
0.7052706954565303
0.7530933711556455
0.7251881545485158
0.7102387205270547
0.7567457556192566
0.7068030775368429
0.6973081297007815
0.7387228803540359
0.7439928102099921
0.6957505053100986
0.7403379047235431
0.7206868334417756
0.7219999193176324
0.742132554931624
0.715079074132858
0.726443060493498
0.6793378931815202
0.7126473817948745
0.7008144425777635
0.7029479963192453
0.743918320740684
0.7184020223804507
0.7058276452834573
0.7211812895939399
0.7481470106933141
0.7449361237267859
0.7186699634382754
0.750765963015925
0.7500481239178522
0.7369655867155427
0.7324981161042902
0.7193639585723612
0.7129498092564663
0.7381920143837306
0.7292967228479712
0.7321911381858398
0.7251107059920554
0.683123965285368
0.6907919442748844
0.7694249358976997
0.6925971231003346
0.7296554246979142
0.7409194084968072
0.7411051115264762
0.8049375481872615
0.719422218271801
0.7058358715346397
0.7429970763992306
0.7100369403416221
0.7523969118660907
0.6942672613444208
0.7314949648674363
0.7185738264802691
0.7382717288853974
0.7288460140378397
0.7327127813219287
0.730908345910148
0.7479739960392994
0.7629249234077559
0.7569871272683166
0.7376127047264259
0.7447369956892824
0.7157335150325739
0.7100554962339741
0.7387602824149124
0.7510744974281017
0.7212175173533938
0.6749302929946833
0.7341251482455776
0.7526848145529776
0.7899784976595499
0.7303805984720079
0.704913267171811
0.7398825884503584
0.7147076531132524
0.7229886044627029
0.7415197527438254
0.7010550882197413
0.7328376878562955
0.7337225212247329
0.7198411362369369
0.752729612327287
0.7509948827225742
0.772761419668971
0.7159277078545535
0.6813932819387127
0.7592160906936455
0.7100960017896881
0.7446059098146859
0.6826833434598333
0.7413512534803377
0.7160727748876211
0.7355547583548903
0.7671928480652679
0.6720188596256534
0.7294852350405736
0.7726866167195446
0.7290282835304849
0.7073647423455358
0.7290228617253448
0.7012743483170801
0.7385698584271526
0.6630365024720744
0.6783250185946369
0.7154767483731848
0.7767285942536255
0.7233192822975895
0.6912073755102446
0.7412086100903277
0.7504891283153601
0.7054119420814715
0.761000751165799
0.671310212033536
0.759982522665263
0.761410520840726
0.7259358765993419
0.7158089578334611
0.75058979221986
0.7012577751637701
0.7532555128844187
0.7029638448611584
0.7453500014583455
0.7157584623455834
0.7282593138062752
0.7749496811333492
0.734730157165275
0.7484476733791141
0.7519871397482907
0.7193620279214624
0.7441663972506377
0.7178258924945137
0.7189137078405138
0.7864328161604413
0.7101568814009377
0.7606947505043108
0.7560477020410546
0.6803873030118537
0.690362833887459
0.7253156227352826
0.6736862477147133
0.73664434663862
0.7230718132682694
0.7260200184358833
0.7378363290034647
0.7234145869752077
0.7607199099482067
0.7344336177096112
0.7318855209193733
0.7182987841937085
0.7156469438667077
0.696303273965641
0.7275748707548478
0.6939204891089334
0.716839868296747
0.6798001187595416
0.7238555511977118
0.7421022016021716
0.7534314405333234
0.7084461508374683
0.7121939302788255
0.6931549881705045
0.7596082962965033
0.7072099301383056
0.7363977880874437
0.7227061641221456
0.7434848581596272
0.7568374655984672
0.7174806157224151
0.6939869169922395
0.7262313389754854
0.7172681204146156
0.6678284505318589
0.7283376227893467
0.7061365615112287
0.7392437215911176
0.6949038426674864
0.7521770428566406
0.7315164123959629
0.7380456800702819
0.7366379452040357
0.7495073764256522
0.7002263426550208
0.8013943644972967
0.7477534767346907
0.7407748610860592
0.7405046551796816
0.7081599488925404
0.7176156445129627
0.7238816351648013
0.7160882364339131
0.7399772449887657
0.7224064623977011
0.6938332720402647
0.7246145678422524
0.7144353800063776
0.7246737971942988
0.7209118160310525
0.7025719022915521
0.7319741381249322
0.7369801601992751
0.7385248679530068
0.7102670712110952
0.7400666650369248
0.6906542418871369
0.7560561099317844
0.7111075374977784
0.7063771048388561
0.7163894154255257
0.7298749581313627
0.7064859899956342
0.7308275392696821
0.6887263273127499
0.6990224422822969
0.7275786780544826
0.6875240625024712
0.7357605276635868
0.738725266234248
0.7634484977709887
0.6866548414448467
0.7096172252651894
0.7117386169721132
0.6717757123018878
0.7698672443940303
0.710358234329209
0.7473337107896726
0.7289861832473628
0.6994156973270256
0.7203486539071179
0.7221484756290019
0.7327893861327741
0.7281220234009769
0.6981303448424097
0.6857851157437603
0.7541788191891733
0.729300291143244
0.6767882299693593
0.7357034784424544
0.7348269738128362
0.750929333789952
0.7531948216154223
0.7216860275987416
0.7268639884619118
0.7195078738350874
0.7107812145659843
0.7400208231183798
0.7712863860251499
0.7205582331073453
0.7312076168882092
0.6820668379791307
0.714633685680515
0.7598900478637103
0.7132484834039247
0.7098063681881349
0.7175589875231123
0.6981399117656696
0.7025462656756937
0.7109359156277386
0.7818347166953438
0.6944203634095713
0.7012883173784917
0.7547316195597835
0.7006953709867267
0.7468327044263973
0.7044271345038273
0.7327417404537978
0.7742265673889833
0.6813364120015022
0.698016405143282
0.7050290222583581
0.7057069578530261
0.7204371757842085
0.7307376230463218
0.7427665200617031
0.7485537361349365
0.7851122546497783
0.7227196872912687
0.6855055879418857
0.7527573279596412
0.7282300795040347
0.7366544044859181
0.7701861849430174
0.7375978081339839
0.7086439062123183
0.6962968073081557
0.7722475132620622
0.7048483054590313
0.7512988725348689
0.7327381850583309
0.7120086171910573
0.7467374352901066
0.7572105454419944
0.7184187352517745
0.7035507058294128
0.7155518420287038
0.755123438670381
0.7404073791836236
0.7351416107686509
0.7474344837048542
0.718097418299937
0.7519802423757607
0.7341163500709845
0.7695727672024499
0.7809857362820889
0.7444784080839949
0.7358018908334795
0.6797830941747893
0.734009422727493
0.7091763127203835
0.7276497810436975
0.6738628334084503
0.7519804149551188
0.7450418427989094
0.6456827345637223
0.7142137764129924
0.7773763334221886
0.7424008498527088
0.7404037272836669
0.728090859590771
0.7467594696143509
0.7142762609685073
0.7460134188883759
0.7400350595302743
0.7069291771641144
0.7361240041517219
0.7318413963445618
0.7077874314072018
0.7046008591993329
0.7070972008358957
0.7148918827030561
0.7363218848852986
0.7317935513881618
0.6838516781833934
0.7887735679159998
0.6896852233427209
0.7317233413986769
0.7254403164823335
0.7706808199439712
0.7487816149187354
0.7182966754227029
0.7815884058941166
0.7852853454102011
0.7466224941413825
0.7014395830230045
0.7628325452981822
0.6935687880144169
0.7369770467911624
0.7801585350423285
0.7279638531772015
0.7451210032259892
0.7082074192362866
0.7376450888029972
0.7196585784184272
0.749662915109932
0.7249928211134072
0.7496754062212385
0.7151654422209376
0.6953543633792654
0.7030538671346463
0.687538835638505
0.784104802424123
0.7340721769003519
0.7066891681891602
0.7579899478406397
0.7215345664485849
0.7404636870285897
0.7153462131963932
0.74746681033855
0.7339432361261622
0.7622768648273172
0.691573785032945
0.7376485537217814
0.7258552309865944
0.71693779807176
0.7321494409965379
0.7406756220884976
0.7302986363893653
0.6778358277981705
0.6960223795759515
0.730089021293469
0.7033801139817083
0.73290616090417
0.7449560870866497
0.7294192513615217
0.7711830677866908
0.7521976940256887
0.7208132218640327
0.7124616680025981
0.7383040527149715
0.7452746278660738
0.7350705098942003
0.7301272469823112
0.7351556739188712
0.7066405504477035
0.7023677040632581
0.731368168610827
0.7399206845041311
0.774152397649342
0.7199117152516922
0.742540208039812
0.7225406428674713
0.7569537349521601
0.7154512477256397
0.668946808933745
0.7408337856657118
0.7389889120605557
0.7645407844579236
0.7441683817511625
0.7292972541902136
0.7669640945843351
0.7484567638058357
0.7324016452772559
0.7043035619484732
0.7568616121751536
0.7104504056273759
0.7053706098177188
0.7265820623949417
0.7275148966904685
0.6629773485129862
0.7120645423406414
0.6916917395663618
0.7206864816847032
0.6990587689857052
0.7177800596129366
0.6860068235029443
0.7393901884065579
0.7352032591712573
0.7663080782462772
0.7378910817685357
0.7489915845898822
0.7567823505343727
0.7302355573118148
0.7021471079003585
0.7314437437803512
0.7157567659882416
0.7030161848283667
0.7307961884170392
0.7246478776177739
0.7314104607882964
0.7168447249719416
0.7332024029233057
0.7100058333872602
0.700556742576015
0.7420914304390765
0.7537885778905529
0.71093798119321
0.7750195578655956
0.732848177010837
0.7268986901689763
0.7024241915061099
0.7173361749847882
0.6727976325966919
0.7266046869897355
0.7283139195923793
0.7152982946620579
0.7373349969450486
0.7437307959178422
0.7135056929148205
0.7165094881792448
0.7130100206718103
0.7060235307581244
0.7329410034275098
0.7253927201598296
0.6745302978194679
0.762696828378329
0.7462748910122288
0.6816824763303452
0.7067331514911523
0.7014830367529492
0.7485365171290455
0.7192123578987023
0.7567691581308486
0.7461841734851278
0.7101373179408865
0.7028356925150039
0.7342553543775464
0.7246222686478263
0.7383379533648841
0.6990380820504916
0.7159292554566202
0.7171966931614592
0.7090635256872657
0.765640302807244
0.7155363016062956
0.6941771971203283
0.7170070809713033
0.7306665151876891
0.7596065240866727
0.7523668028755449
0.7251604392416383
0.7395429714296878
0.7514789435782017
0.7265928213635868
0.7081556630866488
0.7198044557510171
0.7505153275840666
0.7089600066335887
0.7195714334874298
0.6904321827096616
0.7206187058993926
0.7455685972424921
0.719761198987776
0.6905104169771842
0.7471816030370696
0.7384511093172492
0.7656804875388366
0.7152480313323424
0.7152888440448455
0.7011084174056926
0.7842817231710831
0.753834140089864
0.7101505990950071
0.7454360703549159
0.7330634074424166
0.6837251545840353
0.7227093984664889
0.6980813525254699
0.7010838451396465
0.7009764076696128
0.6985607598671272
0.7228944956643747
0.6930789700108324
0.7290958866798019
0.7512694532063067
0.7254193280867536
0.7513564919470953
0.7333575933383603
0.6832148545216233
0.7517310672198771
0.7571238639042068
0.710917510435167
0.7177110999819036
0.7332887381064285
0.6479620354846318
0.7501662926968078
0.7253245547229005
0.7295500419625067
0.7416368516704457
0.7315964694364555
0.7209997317810339
0.7004848559386713
0.730016448717025
0.6959669349465403
0.7423370836989275
0.7323496010328384
0.7372438504499699
0.7376038508747103
0.7230809949675902
0.7250134928244518
0.7541070611055855
0.7539986994059298
0.7137190438170801
0.7011760150449559
0.7098031009339216
0.7157523508806402
0.6993657135110157
0.7377666215170811
0.7049846308022302
0.7113762418601702
0.7231650551479989
0.7634835117653972
0.7272128636424491
0.7438157000027764
0.7574000031170187
0.7725731337060028
0.7448456392015322
0.6858365777447037
0.7119067790580825
0.6713643735503388
0.7196215573384281
0.7180378676773839
0.7564220268749466
0.6881622769792183
0.6876662770138947
0.7677780531576249
0.7298157377527359
0.7331053208450496
0.7441072535726299
0.7322122052798251
0.7212968444637137
0.7549973204938483
0.685669684311102
0.7458223948515621
0.6719834285851032
0.719102543548854
0.6868582469860472
0.7360275218021979
0.7235825997257382
0.7461403445585874
0.7580508616958299
0.7501385647730506
0.7765569890646745
0.7246217407502086
0.7769834467060296
0.7079857118702497
0.7360638491124137
0.7211916976057593
0.7402659911473788
0.740443729990107
0.6978672649473802
0.7337692524468259
0.7744515627277575
0.7327801931620525
0.7341125415245409
0.7235855670272858
0.734410531257265
0.7789016232424271
0.7453811546364594
0.7544608529163168
0.7232688362998106
0.7509759634769867
0.7239501673888683
0.7698254430729858
0.7850275063954493
0.6986359280889866
0.7045601429839841
0.7352244431894269
0.759910972870133
0.6839583342796869
0.7352585087243143
0.7533997040887062
0.7500454365175467
0.7155709230352438
0.7257026333575902
0.7096676001254187
0.7550699477700491
0.7027552736968992
0.7468179675693435
0.6940353704981422
0.7103164604493198
0.6943905664782256
0.7375701003579134
0.698930703602407
0.6923203051998253
0.7086361701459075
0.7350777787193619
0.7209715078540954
0.7641503303756416
0.757656495078834
0.7017419927096623
0.726461894074165
0.754063183147598
0.697522214180037
0.723379121460423
0.7229905511800577
0.718824097479886
0.7651485616588334
0.7021296081195788
0.7159878653973846
0.7787832913952254
0.716867206629472
0.7081615312026928
0.7235540854548783
0.773707675815842
0.7234083545338986
0.7345638027360096
0.7125814055379832
0.7298627727650674
0.70103579113694
0.6800335902146423
0.7551974234557521
0.7836666375368029
0.6819318868356598
0.7343451653159309
0.6862540228680215
0.7123863650945046
0.7268455809586585
0.7055733161044233
0.6910424650040649
0.6926174441579166
0.7392222661362546
0.737396515867467
0.780902360994171
0.7543093290683994
0.7239033803274819
0.7373953140268908
0.6943223651608678
0.742721454029595
0.7467304254151463
0.7190882745624355
0.7334418587515924
0.7315369432874598
0.7342942039915075
0.7311268796329491
0.7198543717496398
0.7259463319640403
0.7247889106975227
0.7436080278038667
0.7138304100158842
0.7185628647138608
0.7528772930891428
0.7050932386270095
0.7402647280034695
0.7521462806093329
0.7053275413654415
0.7274450344623871
0.7016352199054551
0.7453698027334569
0.7613148046072755
0.7236116218008549
0.7469544545051796
0.7410397718725801
0.7441308341567826
0.7248506777168658
0.7339989965782039
0.7510718948900624
0.7066989376955516
0.7177411562266766
0.7221817024382781
