0.7014431813627017
0.7064348681158434
0.6714451803687616
0.7223019336378614
0.6749011786163776
0.686403258934901
0.6119187066220055
0.5830684572632929
0.5377475164162187
0.6124399628536435
0.5564107643101716
0.6517813230432449
0.6213757803873424
0.6529911588270846
0.7036443427544772
0.7530006511664551
0.6669983701412917
0.7335469899763615
0.6478256839755414
0.843968113565237
0.7632556077075733
0.8196113114117516
0.7214345279802119
0.6872705946342923
0.6471160963776248
0.7623782336800194
0.7561440907753763
0.8404683464983848
0.610016721041903
0.5805557309354232
0.7774068953928712
0.626169100017329
0.6361198554909021
0.7323176545580058
0.6879174106416167
0.8872822806263009
0.799810956401379
0.65236817678347
0.7260863462564121
0.727382164809802
0.5435960119414557
0.625126950368572
0.6195127846404088
0.6831335960047975
0.6643236245335462
0.5416216563419494
0.7642461458137264
0.4890799081154463
0.5498861480021996
0.7386114063457887
0.7504320339866539
0.7128229974233776
0.7805567992446146
0.5478882125034896
0.6791097093034241
0.5956775614539512
0.6159148237964286
0.8135075006844931
0.6711985851516783
0.757661280881812
0.6476978414826361
0.7255458140325471
0.649637896579961
0.6321740791638182
0.6691248199948734
0.7110589620705507
0.6836433989607175
0.7551723711973457
0.7253702913917525
0.5403780668119649
0.7111484126227364
0.5582607396585185
0.6460184400570551
0.7909101461284308
0.6894024535148875
0.7176370465602839
0.634052944401261
0.6309092509480113
0.7161076820910283
0.6356125541484157
0.5814973131247269
0.6663705481121157
0.8467693405794732
0.5712270706159066
0.708564222797694
0.7294759680872895
0.6888062922576808
0.6240323653006297
0.6480527520733237
0.6781250487890115
0.6216175505852634
0.6875367686119443
0.6597126898122145
0.6815960671231537
0.5605599105167842
0.7693614904265369
0.5443169759396712
0.6411430961059855
0.5727394682766106
0.7715573852064525
0.6658083760031229
0.7383440821771893
0.686850969937569
0.6084547672450054
0.7080636069364802
0.5720570405673419
0.7842430846180825
0.5269461197272826
0.6552183630023648
0.6188159127198926
0.7671103814059795
0.6541171171863785
0.634753045873016
0.7806488475238679
0.5879746800203244
0.647460008489957
0.6852348294561211
0.6478983750347043
0.7103124212588167
0.6269532081468784
0.6180687213888086
0.7394484640044251
0.687036304341973
0.5982254843199031
0.8002356493384848
0.7390416059047268
0.7769619451628779
0.6220235053098393
0.8009818485780534
0.6859623024319322
0.6056045513539638
0.6515781981180394
0.5966792600937167
0.5699240740244218
0.6878928989791908
0.5533409785330468
0.6759492328122435
0.8947183329057633
0.5679962919890255
0.7733944559352832
0.7088514008378751
0.7684377643122753
0.6383437864300803
0.7257648743686693
0.7734788716380873
0.6033334521011846
0.5558837172548888
0.7401849121862787
0.7093376257659986
0.6274402487986468
0.6928402351062832
0.805368485855116
0.6240984917612941
0.7345957687875997
0.587439126431159
0.7380440694836146
0.6908665017499094
0.7134665594061776
0.670656920140022
0.7485876981434071
0.6523046513771007
0.7042576601611107
0.7540313925183723
0.7283474329868695
0.6572445237380331
0.7333451511645751
0.6752259590380242
0.6582644428979805
0.7185984697876818
0.6924572618432931
0.6735550019728477
0.6636451184573435
0.6940971570358226
0.5561979168333875
0.5755807499770447
0.7628710545692741
0.8449241895432311
0.6799733500592577
0.7271504160125085
0.7208200438207222
0.5930775471023959
0.7365202636740482
0.6344528286236111
0.675893141429789
0.6528897661218985
0.5655759708570295
0.8628886647899563
0.5596442770342224
0.7611860399802021
0.7369272661312644
0.6001594521254763
0.7395262434315022
0.6713446042800015
0.673693190095035
0.7899192107712874
0.6225198933012258
0.5819345463631004
0.6111555015212954
0.667407290661836
0.7071362063139336
0.6513490162301442
0.7504831817865467
0.6208182318039542
0.6904878036000248
0.6056795704076617
0.5845084584407394
0.7300401343187337
0.6600591280833741
0.6802535934203912
0.7334764425502696
0.6590082849477449
0.6138604644820744
0.6607346020025141
0.7116904375863403
0.8098079336500112
0.63375734974642
0.5460653675398384
0.6731230756135891
0.6722642607642222
0.7072697603822455
0.6172402261041688
0.7092987298721907
0.6056963214184501
0.8188943972846447
0.6940310483979444
0.6748331772030262
0.7319334066972223
0.7853024267254843
0.7427904412998039
0.6694604469497812
0.5919442448535331
0.5826197001367316
0.7477051973664463
0.7042970943435899
0.7343053693422925
0.7961701212120884
0.5744067852882728
0.5515802379098514
0.7422784595244354
0.6603466853242671
0.7567315333107315
0.6277323747182901
0.6760666740486914
0.5508284132940183
0.6963423741480075
0.7186780555382235
0.7630035992895912
0.6231273945978545
0.7121112705272425
0.6562954690970326
0.7384790651666153
0.6969886883965233
0.6671799297080236
0.6787517856191108
0.7955633647103257
0.5193481412354698
0.7761984167886433
0.6515917314433131
0.7483223477915978
0.65661708650128
0.5986422943112374
0.7990086577699556
0.6887142948340766
0.7568235886958231
0.6837026208600394
0.6743793179148184
0.6571101408825325
0.634702137243859
0.7066801301378813
0.5874360517178951
0.7084195400668113
0.8353452691809868
0.6223465440821603
0.6299349931657555
0.7086808639473736
0.67201834489337
0.6581186784601976
0.7031363319699874
0.6945087970123286
0.6396416044348625
0.5665309526125684
0.6736171505702698
0.7435019760099771
0.687066342627182
0.7064998621212943
0.686782443625313
0.6160961849728381
0.5941435521450636
0.6456723286100576
0.7596863045292389
0.6937976856414917
0.7571586650580411
0.57563825342593
0.65482039660154
0.6565849157758303
0.655683411234491
0.6543606754700778
0.7519506249322804
0.6462000351045734
0.7327491536604597
0.7325360724047094
0.7869170524184828
0.5380040979302595
0.7014383469999051
0.7277615763043122
0.750234788972359
0.6704014131258046
0.603701902876237
0.763026497544976
0.7586398025664595
0.558191719057867
0.7689186703029408
0.6402894428916108
0.7191126011989861
0.686511223446196
0.7847670401946161
0.7105428880830056
0.6170906601924581
0.7386586583489929
0.7181626843784938
0.65046109242328
0.5289184766610089
0.5926997991055281
0.6306664435692877
0.6936802755397456
0.6286486182144702
0.7600207394959433
0.8138212581723684
0.7440979804168025
0.6352880038144613
0.7029599852466071
0.6125571914078028
0.7682202931485692
0.6658052155346357
0.7357548233336932
0.7070346476715135
0.7454361833024838
0.7371965517461955
0.7127538301283801
0.6367801199761847
0.6475348454299547
0.6808893478173688
0.6311901725614505
0.5800594561762203
0.6961125711333942
0.7203829362787868
0.5807598576453971
0.8523331229598974
0.7167599200933681
0.7458461049654426
0.6960924264046081
0.6303299133982675
0.6712292638116121
0.6240079910896249
0.682846201902928
0.6533454592960539
0.7591785014963929
0.6553948906092703
0.7310266729036602
0.6651450903212643
0.5986763191485784
0.6371516056949185
0.7463801223622997
0.7903210869588638
0.6487498708428655
0.6276480976853643
0.6609245075070401
0.772469152699386
0.8734785156952469
0.5629129023924001
0.6111105735829195
0.7096165504919495
0.6107010637651114
0.7912124849478666
0.6642353155956143
0.5992936616282746
0.8193196663591389
0.7410433101820212
0.6017976013428085
0.7428538911971895
0.7213864564472757
0.725785431385048
0.6809975529276727
0.6819710355545023
0.7904278842148802
0.7692527045084705
0.7071959779355891
0.6929815978571411
0.6540244781002679
0.7175911518972496
0.7195879093989527
0.7213165918557134
0.7262840208642196
0.582570885662288
0.852132539577799
0.7576199112066369
0.5979468763733616
0.726546606277275
0.739193524039897
0.7096800918718542
0.6562160301413207
0.7189565600964632
0.6995612382215785
0.7044737475184253
0.8193072231159334
0.6884325403503759
0.6338567057993666
0.6722787472278356
0.5202081218797666
0.6251393115279029
0.8604293140696129
0.6322642307366567
0.5936156306272204
0.681003241104776
0.6578518219245927
0.6796068892930155
0.5808524801616136
0.6858750408962062
0.6846010187749888
0.6637091568768733
0.7156273180151085
0.6179220121147248
0.684835722176483
0.47999634755370124
0.7658107994785684
0.7320954373490307
0.7608376687220412
0.7063571352278647
0.7703894192845004
0.5734730987977827
0.7738263680118761
0.6340011248243045
0.5943795370354117
0.5795712708087921
0.6423843065606001
0.6830882180016765
0.8110036339270921
0.7279068566098705
0.6324053754689596
0.7062347878315319
0.7476513517673904
0.6185914530818951
0.720244483102667
0.8052645145357059
0.6309209335943163
0.6899457318336039
0.6771790882008069
0.632016238539661
0.7237656947036273
0.7213031285076418
0.5684458038980382
0.6195675124785534
0.714485787554997
0.6784333910290847
0.6181819488321363
0.6839543544049943
0.5746146536731311
0.7343528091382145
0.6320099517959931
0.6332476661606494
0.6843597761458516
0.7363724738352762
0.7465538735670125
0.7524293282522465
0.5578853680494688
0.5571018735508897
0.5691183947241253
0.640698901018646
0.63406404192416
0.735891980656729
0.7386308299137982
0.7494597101220511
0.6146150603170876
0.7188089038620277
0.6314753395843158
0.6765995043089941
0.6892525073988497
0.662729592860051
0.6571615525068656
0.6926105180050878
0.6024468110260267
0.6441981755918234
0.8235517115391038
0.6947527154277031
0.7431778492488403
0.6533841072700395
0.7778742295171686
0.6843177994410871
0.7206351908193939
0.6770394342457459
0.6483414263254552
0.7207664322867832
0.5643962294086998
0.5852714603795194
0.6813888058223211
0.6975645257275579
0.6260895798865455
0.5886990144583261
0.6643843255512251
0.6277423185238366
0.7889117437769851
0.7471350661740069
0.6447567035651768
0.773511966185559
0.6390339983781294
0.5936635602091631
0.7233124410607588
0.6997514126555244
0.7337845014753199
0.808164033348894
0.6519975368391964
0.629279489636412
0.5926775403156621
0.6196420792202615
0.6758418045128877
0.7832282640054067
0.6530063598129242
0.6416195341448926
0.5907720803859865
0.6211363426017682
0.7503277031129496
0.6847695148731954
0.6620993556005769
0.6149894933011911
0.6645680169830606
0.6789491739839826
0.6110521037145971
0.7170866930920111
0.686175742510167
0.6996134541495053
0.7226389369024303
0.685252585437087
0.6497349893132514
0.77643646517256
0.5720777173574869
0.6742714702179973
0.6731143910718967
0.8651293105523226
0.6437258913632132
0.6092273442748736
0.6782374003850705
0.7591332109360922
0.6551696604808304
0.6405495438804562
0.5520423104179805
0.7555514083843912
0.7375700677628364
0.8082994443567536
0.6657444193780742
0.7979161797537572
0.6422573329047045
0.6414065295139171
0.6181585193458504
0.7358586676296702
0.7481142236097141
0.770858972165133
0.5886121851869905
0.6486498704478847
0.5910264085702398
0.6831797177687986
0.7374729884276899
0.6766097231297277
0.6345652235616269
0.7013739359685182
0.7011243815952444
0.6007201206455683
0.7973884507710827
0.7558142961476124
0.632160161389208
0.6327901431708922
0.6228630771350633
0.7215204313839386
0.5685389170245901
0.7006044781254591
0.6537083799471967
0.7036557487304665
0.7262751996999792
0.7057665911059368
0.7121502187129075
0.6824185257683301
0.6195653132839976
0.7941516382257822
0.719103665927325
0.7650776625669453
0.6026771683059056
0.6237999573940565
0.7457288266748869
0.7145403388128905
0.6172407549778877
0.6667668214728373
0.6892032536518992
0.7487840616080279
0.626791031480984
0.6490449122643503
0.6406456637268456
0.647195753084608
0.7726699696240201
0.6977436854444099
0.6021546546998068
0.7477886191788338
0.7486863500512204
0.9250949403624773
0.6699629676755658
0.729390092121942
0.6038126720890874
0.6423293896648281
0.6695001576718962
0.7757827271317461
0.7258787050982978
0.5043458683954721
0.6529856086038861
0.673027969762517
0.7992156137996589
0.6022517826701013
0.7035466080084719
0.6143651748699458
0.6461702161087637
0.5743064362412468
0.7208553360790934
0.7319089462365737
0.5996359393657058
0.7002050618280168
0.7385187241033494
0.7407295481462958
0.5304227266084428
0.6891082847066127
0.6641637894428343
0.6409997519233973
0.6451678964925415
0.5562575858357638
0.836917182343989
0.7672957285346916
0.835330898210927
0.5791207332807121
0.7310405274833234
0.678179043906852
0.5527491230375181
0.7348699405989071
0.7307355320223505
0.6626636689200628
0.8185528916550626
0.7113846329388401
0.6975710736251426
0.6073961232532953
0.6508190534561568
0.6187102719087895
0.7637939814760407
0.6733930960829425
0.5531302228120795
0.5935018284027109
0.6996496059967969
0.6129925975527869
0.6904797186455182
0.7669835507887116
0.6629022180006925
0.6076159505947153
0.7454797198753536
0.6548559696750668
0.5372156580065032
0.5811252355688181
0.7996405128476868
0.5988812268690673
0.6301930272054559
0.5724743419913673
0.6808631037744878
0.66047135171356
0.6790001132571349
0.5885880308958857
0.7544127866890489
0.6795272635169582
0.6431147318007664
0.7312819799172281
0.6906684712225225
0.7093195143360265
0.7064673921645271
0.7289144950081872
0.6245962416308776
0.6658973645318095
0.6469003886856988
0.7000234153087502
0.7368327372004965
0.7185863992702732
0.6426769734243606
0.63828526904426
0.6737603811125192
0.7025001394759474
0.7620266065318548
0.7176895498015751
0.640613307353031
0.6600434064914632
0.7264651507281475
0.6911429421982013
0.7034282439082667
0.7543211316734206
0.849190080224472
0.7802894693669478
0.6364972916017341
0.6414991689886863
0.7308156206414121
0.7047320930826122
0.6344196451070038
0.6980546046079699
0.6281738803800337
0.6830051980620252
0.6196523709593782
0.6809526504595887
0.7633381415847948
0.7231687147187201
0.6990404087643869
0.8039615864656593
0.7081768261502656
0.7002754647246214
0.649980161713119
0.694618721271341
0.5994441796219724
0.757945256087075
0.7315912230304746
0.7252048009944515
0.6651070802337521
0.7116592619508425
0.7363130163023326
0.6411296188360195
0.6447014659997183
0.639997502368398
0.6329849319686852
0.7092581910530653
0.7914772331012653
0.7016102162005379
0.6777196211942329
0.6356101004684103
0.6750540029305513
0.6850730011474329
0.8087529201252505
0.6085706644720873
0.6269065106677137
0.635652432512035
0.7058313681757079
0.7120500421788458
0.6076584981742479
0.6842761813872813
0.6192596692592791
0.6680801111565983
0.6247778573336616
0.6014012200466126
0.801755966763128
0.5869541519792958
0.8765303809355168
0.635173279620478
0.6495452906989154
0.7034215102611232
0.6620598858405815
0.5785604765407772
0.6135072931329593
0.5978363605015717
0.7657920692771027
0.7623889908002534
0.6422012719345394
0.7056333955201707
0.785615055864852
0.7047908939322788
0.6756669927566927
0.5577810129837598
0.7100539962412064
0.5970747227776807
0.7653330492753069
0.7003468041515902
0.638457945314725
0.5200940461295587
0.591456393225536
0.7423588137625603
0.7268142399655119
0.6961119002123636
0.6657037357428554
0.6988074197906773
0.6205743206834778
0.5709141510692789
0.7130948414279978
0.7865692542106504
0.5939020935906029
0.6757238856154582
0.727663569624611
0.6439381262283952
0.6783793362371056
0.556659032782431
0.6741821153683683
0.6669728970170953
0.6435786570573544
0.7200543664481001
0.8117422833969852
0.6679275451415245
0.692064578726284
0.6346108986600344
0.6253428961864661
0.6548851423765847
0.5994173576733327
0.7199980984977352
0.6789174928667844
0.6053412933300807
0.6642785317729326
0.6067381964936152
0.6001129450831049
0.7536829232385823
0.6657595218710539
0.7307764231688247
0.6945194646189069
0.6202370897610161
0.7353702493455307
0.5884475047377633
0.6863614899167779
0.7335923978743176
0.7330563526762542
0.7360803069346514
0.7047854535684444
0.6377500646111035
0.6383525826866416
0.6660530054876642
0.7521116405154432
0.7359716161961611
0.6802365567569776
0.7199135410760055
0.739593377864501
0.6877520901506315
0.6234254530817664
0.6929894618614139
0.5453991670244017
0.6803697395386634
0.6539276525857368
0.6157138416109572
0.6210255169600707
0.7045830795321966
0.6470580693200793
0.7701303321691859
0.6822773936868373
0.6821799877485015
0.6967462870971292
0.6441278053271898
0.5915126152145755
0.6846557732912996
0.6447620995467851
0.6122920011106459
0.666981834389795
0.659126473104352
0.5670985386093043
0.7243650811066663
0.7844723593451067
0.5753064366146132
0.8057295091009986
0.7138913956149625
0.6689294301901355
0.6547227797155802
0.5895991478253669
0.6505714751590138
0.7230310292577133
0.5794774653452716
0.6833294239069833
0.7762897518700176
0.6729158357777844
0.687324445815325
0.5576623590326338
0.6189796649530593
0.8066698859682062
0.6778210549776679
0.6842710928795137
0.6562040496327749
0.7547501370985967
0.7318421872002434
0.7247320554000382
0.7349649688916977
0.7079061298725747
0.6481099559850213
0.7220473305539429
0.6541582375677175
0.6743048720281218
0.738659220544555
0.7320203611665664
0.7321926649008794
0.748486363731253
0.5646086461952796
0.7586106559291685
0.6584031041000825
0.7032280966167808
0.5651320249630558
0.662719589730493
0.6615746893023252
0.754908261321487
0.6681022414568217
0.6688902939320509
0.6582271159648662
0.6462603030988062
0.7276904172216832
0.5705314968575004
0.739246160253637
0.6897076387057367
0.762232480089504
0.5919728730842801
0.7418712737139789
0.6408897711557933
0.6419177289823423
0.6299940415350095
0.622696528182188
0.763885166943059
0.7093913045818939
0.6327957763368407
0.8296091641646793
0.7454821291027287
0.7553670037125344
0.7518881428978906
0.578028769243888
0.6180875807614017
0.6351955902277028
0.5828438140303313
0.674528341926018
0.644557823534324
0.7315269770888555
0.5735054767086698
0.6646649566375084
0.6937901026302135
0.7680459343010155
0.784654790344421
0.7703434958513492
0.7470709795406619
0.6152584443689331
0.7192205779639032
0.755797110317043
0.6321904687747806
0.6827199986141937
0.6446043085407581
0.6271331375896554
0.6638378138427847
0.6589438250971066
0.6080877291888547
0.7802199535034959
0.7533827232076007
0.6415516465572347
0.6546179129025912
0.7552861974624476
0.693739800063919
0.642389163093982
0.7103207749084115
0.7385581789393267
0.6475521014830309
0.659409878462676
0.7304916842846427
0.591356094340611
0.8590163076628018
0.8151353924048373
0.6820134040760817
0.6407068678112361
0.6121962348006219
0.7169661557924225
0.6529726582989456
0.6419263443961151
0.8326397593129482
0.665924246185152
0.7117887359377876
0.6766364821981177
0.7607089877719685
0.6350678063490597
0.6898736570449485
0.774671891918753
0.693761688874209
0.7487927186765168
0.618690189823988
0.7774945582845132
0.5927862414912374
0.7366526393048205
0.578222007624741
0.6455044315118497
0.7444082012237986
0.6705191752113016
0.6609994932606066
0.603987512883009
0.7300144086219379
0.6374616243332226
0.6893205437886696
0.690740424704101
0.7938196994829796
0.7876093596062709
0.5564478674566342
0.7232470764503709
0.6277790214314365
0.7996615618344475
0.6495237703100881
0.6243823798200698
0.7083483906011706
0.5465076609839322
0.637146599426224
0.7606132685872309
0.5930816174184419
0.7062751315554394
0.6919728219956275
0.6597549683686093
0.7096765134014938
0.6748371830667512
0.6119036495036193
0.501512824653581
0.790936450282058
0.7208658535953567
0.5770614865230083
0.6793086838967667
0.6154814993509444
0.6884224037563353
0.7796208466048582
0.6280247529091363
0.8112862775083438
0.7777840667238728
0.6740377319819615
0.5902817805254136
0.5614279296724605
0.7487162945064638
0.642476259979582
0.6303501861121436
0.72781770548287
0.6057059064391548
0.6738505903934321
0.7988281599872079
0.6485759848392277
0.470211114494089
0.5890224799177702
0.7092190178236922
0.6764798158903149
0.7139022329224445
0.6256549645148671
0.7838551232541296
0.7087354140461795
0.6234131867945072
0.7222372204214671
0.6445884774290346
0.5615816759925285
0.6200323373528845
0.6257299567175988
0.7335249037448957
0.7163267223652499
0.6700470967876868
0.628396691746687
0.7574072893555927
0.6258681048777897
0.6392444962124038
0.6115143183025347
0.679730443446611
0.7018325537149936
0.7347256867633047
0.6415395117918221
0.7253332307192376
0.6550884899587762
0.7360488308540967
0.6767501156308525
0.7175205191164196
0.7598589829710714
0.6143786453608341
0.6458014643433065
0.5738148605871086
0.7123240539618566
0.6834843019251333
0.6140591860978718
0.557884511494159
0.5766209359259316
0.683692140708708
0.6796775665308605
0.6883825902061655
0.7017267699205764
0.6401327426954077
0.7296572913627115
0.7608569627359854
0.6562796301126719
0.6952084924206972
0.5919889843000314
0.650127955152474
0.8189098299926602
0.669309371984732
0.7840847841471433
0.769709477408155
0.700832867708912
0.6605617150945771
0.6710942935601886
0.6098826597523433
0.5666873481055974
0.5772861006200657
0.744180067562754
0.5932693119229938
0.6775847691440077
0.6994384140889927
0.5871534316694967
0.7979145315950624
0.5997932964753522
0.6541515305650791
0.7986006578291892
0.7079452320012373
0.6880898060873544
0.7838475492269237
0.6893065548505
0.6133002903005361
0.6214711904415693
0.7388910001371801
0.700255314647376
0.6747076947687779
0.6488825376144707
0.617973917758896
0.7357385684041446
0.713793124409155
0.664414214317783
0.637555301412267
0.8088832807105165
0.7651908853890302
0.699938985072506
0.7451641073392792
0.6599134863722368
0.6034908189706271
0.6794561415700193
0.505035994533848
0.7692930686539927
0.626366866881213
0.611431349398894
0.7483852656676141
0.6544875933916141
0.7003431686984206
0.6876892533317313
0.6916115749401999
0.5917621570634477
0.586632460458242
0.6305508586518764
0.679367306551675
0.7011333746863598
0.5942031360233404
0.7774034160234349
0.7355457596491843
0.716897639853487
0.7265534895787752
0.6504399080735049
0.6411390242602382
0.7044452590993101
0.5737480408858995
0.6021562095110424
0.7256168479367187
0.612026008232135
0.8437635047306887
0.6996257994243801
0.7440216222039335
0.6658627273012282
0.6655340404741791
0.7690310652726758
0.748880088380552
0.6482178932810279
0.663116570097148
0.5624386784799631
0.7621471866499092
0.669191378078226
0.7804663352974984
0.6645092126225933
0.722187454567926
0.7006582150625881
0.6803411164377962
0.622011073159075
0.7388325477940311
0.6607868570081353
0.6292988615750411
0.5479367703066415
0.703019258059855
0.6025193967516045
0.7136164392231229
0.583082621239578
0.6016259310647203
0.6126642152047304
0.689393508254959
0.7142359261598366
0.7469242112183143
0.8489050579367937
0.6346593215283503
0.7299500131335808
0.6954625174577757
0.7254527650511271
0.688336308761479
0.7094798982752738
0.7290929963613323
0.6726726994752322
0.6126371932434305
0.6146202287961618
0.8046801581936267
0.617616961618434
0.709361930426831
0.7554330190636809
0.7315251336607634
0.7129482536696291
0.6203223458879779
0.7952525345447732
0.5671332693286301
0.5572579912594893
0.6104732987205891
0.6701640170074397
0.6063092473241313
0.7154805031169877
0.6102930598854379
0.609380619632299
0.7084318852671718
0.6611249309503268
0.7345136683855432
0.5588776056212308
0.5411155307881463
0.6426802426240107
0.7048481759107582
0.7485716136617669
0.6184424400466721
0.49591071505678574
0.7169493698886785
0.6394538159830065
0.6258053216122973
0.620149956898404
0.6526470417835107
0.6570436285219059
0.6279930093439797
0.8391111419604401
0.8530458608119469
0.6552750853701952
0.6110285808432994
0.6293097475880459
0.6898107530892578
0.5982854121653118
0.615739490986844
0.7006650358548235
0.7066967571220809
0.7013860349727773
0.6787150058536563
0.7580763283307813
0.6733715252821074
0.7063824108081493
0.699226065255256
0.7503651331781237
0.6210369573763872
0.6757720591137114
0.6421708660067629
0.7788555162107814
0.6219377883795852
0.6281813710871783
0.6172166729402115
0.6877990138328861
0.6091504180564334
0.7837507705273323
0.6058425985578308
0.7427801332637265
0.7657007413670187
0.7208071761777803
0.595063371108668
0.711984256256247
0.6272471024670397
0.8208008564392927
0.5751770019714509
0.7719161583913392
0.6642454026592338
0.6098957869090608
0.6593326887237527
0.6762363417330916
0.7772000495230496
0.5696820577091803
0.6928185395164291
0.6691898453428013
0.6812049016583895
0.6179999543476884
0.6609308254492272
0.6473530695840569
0.5601856244589957
0.6461505435356126
0.5235076681777422
0.6332178394712902
0.7092871377591119
0.7620625875749245
0.6996416220211741
0.5277564434276582
0.736689025409294
0.6294042877033306
0.5831664833307592
0.6713023796706207
0.718701954645176
0.9529054969972158
0.6468653119295548
0.7971256124763673
0.5812367957413324
0.7112838749888524
0.6550556928260739
0.655262900271489
0.6840604303829159
0.6556988789597595
0.5793156394492843
0.7030447152839598
0.5868854863628424
0.8463852153783117
0.567033942148032
0.6027255892349328
0.6414527578152979
0.5566251649210799
0.7786457759933954
0.5930113022923076
0.6749078024721075
0.7198428520503674
0.5360712058875645
0.7579551089563457
0.6831780818451545
0.8364969911694398
0.6311735871034255
0.6908700831057177
0.6240106780125944
0.7027023400791338
0.7221039986092967
0.6878395107459653
0.6625095157152459
0.6370905074278207
0.6288139450011196
0.742671432592285
0.48710886676729914
0.7757850035469264
0.607583054567786
0.5454277477321803
0.534868621594324
0.5764275341522449
0.6756399168627265
0.6339858871154166
0.7801265794744858
0.766784431906336
0.6008725867107395
0.7696716985997116
0.5887188007603887
0.6781943011742105
0.6116701278601787
0.7186537349123433
0.7689348634021843
0.6362981848194947
0.5990328642591257
0.644153574182741
0.7374704164548461
0.5659753372497462
0.6505340721687878
0.7478326438854039
0.6587253009782856
0.7323099304195294
0.7248014275978354
0.7606075594407449
0.7301628047193822
0.879630786387995
0.6691808508334566
0.7152423938290845
0.6869393340004165
0.6377733944596337
0.5802769875529882
0.7753374743776079
0.6834090007923669
0.4884478115445887
0.6760100811528604
0.6415471571614538
0.6027498090354051
0.7734356637539239
0.6004613475490589
0.6244652020704557
0.7735478610562025
0.6210923353579122
0.7937739942029007
0.7144487718032737
0.6738030302629417
0.5972214026960833
0.727813839591136
0.7186982791893675
0.6526258817632398
0.6772298917283932
0.6603185155055714
0.6602325196851243
0.7695837902921819
0.7047792996635892
0.7447163071810828
0.7183974491122809
0.5311736334835503
0.7944675169991701
0.669062582523821
0.7070673326934673
0.7587425315645081
0.7327617658157388
0.6644571416564734
0.6304811890019704
0.6395204618680712
0.7034363425963055
0.6489511894338525
0.6237581872107771
0.6967356694064346
0.7094311705367663
0.5635594163842494
0.8200529827148373
0.7001110831568411
0.6875968087779648
0.6607210883472393
0.7649075855463497
0.7750816675897544
0.6701813858870177
0.6490375249124861
0.6050673360956482
0.7317803063975737
0.6571505901232104
0.6693715557048373
0.5754802997082091
0.541035552169344
0.6464371105720551
0.6457940800037724
0.621122202231066
0.6982847637108177
0.5524357086386361
0.6479498903705582
0.6390838819357532
0.8378177120180611
0.7411974085851063
0.6636637385052168
0.6543930940077314
0.6931763914786455
0.5879134631007459
0.6255207906556264
0.6121924579955089
0.6773918663442625
0.7365896260209209
0.6322340025258893
0.6288813218620094
0.7072457990771384
0.8819061440227614
0.6646953057940347
0.5867933179518777
0.7321105082862167
0.6863577853005286
0.6921003236803982
0.6033455676054708
0.7498939714824553
0.6162190346889463
0.7007128901898696
0.7096149299970232
0.7679865907568768
0.6338805205111956
0.7029425188315882
0.8260255032915991
0.6372840750405411
0.7675096003396568
0.6850048371502306
0.667405936973291
0.6536003569389758
0.7563877626997875
0.6976339301874165
0.6467682778143017
0.8145810863019314
0.5581519821952772
0.6720330206257039
0.6457590958480968
0.5753619915048811
0.5809526848741137
0.5938600322691799
0.6055733534792208
0.7588801087883388
0.6916588849128185
0.8141664377848682
0.7467749945541353
0.6154870388451937
0.6755204390339773
0.6588139542755783
0.6946866996654482
0.7167468798169452
0.6085494755208916
0.6810156414684407
0.6600098341436221
0.7455007871196475
0.7274834333397404
0.7798940358358027
0.6339842877676997
0.6973497354749335
0.6176305384775331
0.7065203117537454
0.5806263087120335
0.8839403944939465
0.7318790841612831
0.6676940271550026
0.8417465320904839
0.7789152593579918
0.787427714950279
0.6656602698521277
0.7456272281662742
0.7470025417328707
0.6161748169583721
0.703597593634073
0.7627201141736056
0.6234089519048663
0.6860110640753652
0.677393996881491
0.6919149979208341
0.6475860689591508
0.6933647587941265
0.713647027532715
0.603349824499932
0.5747480506078501
0.5362485865287175
0.7225782820449813
0.7333725338791526
0.7259113299384072
0.5562417337420635
0.7980897008452643
0.6905761807836329
0.5819974747227576
0.740081686782442
0.644714569295877
0.7021391204866465
0.669697608402901
0.6253261218017585
0.717397694978773
0.5940866087815054
0.8120036864412762
0.7252056561790168
0.7040413811198599
0.7002506070203508
0.7217418008139058
0.5453980058453481
0.6182480832337154
0.629155217922975
0.7480902123056961
0.6252930605428504
0.6943224215020475
0.5978922352619436
0.6006625669299668
0.7442383836008467
0.843369118206607
0.6268769634869574
0.7797451336612233
0.7596661191014912
0.7117405819921211
0.7636091915846812
0.6497238252353689
0.7223658783736846
0.622675469224007
0.6932436293528896
0.7041193834281066
0.7637533301641013
0.7195465711213261
0.7205475707201462
0.6979782404257304
0.7159890751935238
0.6921742086192646
0.7319607326827471
0.6754567323293381
0.6783262317682751
0.7791750086653955
0.7190028774740252
0.6967897369919239
0.7280207545530915
0.6056738085347236
0.6710425021281144
0.7117385066083856
0.5895413498218055
0.7200076291803105
0.5044334159749215
0.6485094582248471
0.5722087076858484
0.613484622896855
0.7165106700971144
0.6040683375368765
0.6506465353263602
0.6123101348086712
0.6509199264968039
0.6651388117096051
0.5920364668260424
0.7386862850872986
0.6456019520774312
0.707312773185651
0.5172572409003515
0.7642548462170646
0.7960370499039511
0.6159745949891297
0.6960664041786461
0.6823091872454499
0.6696623688818467
0.7057967452683835
0.6755617115681155
0.6755727824710873
0.6796775431499914
0.6233367745590377
0.6501287208287558
0.7599999745076337
0.6863004078680871
0.7694390700500527
0.7209797280288673
0.6715712235037984
0.7397595860495546
0.7106467157226496
0.6857623936877225
0.6438161041411222
0.612100894515271
0.761347464901049
0.6556973181917914
0.6690779350660262
0.7407536681312746
0.6789735442043855
0.6359680097889373
0.6080950721323151
0.7693523518795006
0.5354174105156585
0.7505579589608398
0.6313557462145223
0.6608122999478125
0.7262549034942767
0.7147105296011232
0.6599629231391485
0.7345021979275851
0.7101996790464201
0.7627586433300679
0.7705488484358916
0.527289210579036
0.5624714085640662
0.60428342113565
0.6122061987971545
0.7432531936758325
0.863893002207007
0.6986033752468743
0.7393484325386069
0.7229896017051777
0.7871313537959317
0.6567512575126653
0.8781722370776665
0.6572642660519119
0.6702390120426973
0.8252705527392634
0.6928183093800984
0.6608196610039994
0.7511534094896383
0.7185389216249267
0.6141349498911443
0.6775976896579625
0.6714819183958133
0.7581403133020774
0.6614777882450982
0.6603804631192542
0.6604226492664359
0.6363801503725813
0.877803069680273
0.6836411175974065
0.686202906866344
0.5575895614284951
0.6432841548309461
0.6155169862698866
0.5661650379997923
0.7249974130030032
0.6809223144416239
0.722624467850179
0.6044321046363992
0.6963083154376947
0.7972912435371705
0.6008996619548301
0.7547796691590021
0.6081345450570433
0.7157663361577031
0.5907998446156013
0.6727284791429117
0.6988069024196784
0.5344560522990146
0.5813824157308103
0.6866034064228111
0.6561180592443269
0.6333542713160877
0.6677796544080685
0.6625777326771702
0.6583788774333951
0.6382696579759195
0.712443602255762
0.5910373540151131
0.6708845975296532
0.6934424310608043
0.6373232822537838
0.5572513825701206
0.7694421172774734
0.8921547793654301
0.5662836349657125
0.7450936525151743
0.6935900858589836
0.6333353083656791
0.760072217930046
0.6479115582141056
0.6424956861490614
0.7058734730973263
0.5810567051940706
0.6525974822826399
0.6838856048309705
0.6302035542963673
0.7054033809563306
0.7654789136887908
0.8269078895747082
0.543509235342698
0.6593430318789952
0.7080124709303764
0.6606099386912812
0.7738240741079844
0.6993833729085692
0.6961341650839011
0.6090408974681571
0.728584499036848
0.7496727449380252
0.7351772668655341
0.6275243787884384
0.6541202622980785
0.8060493201152545
0.7672047608320629
0.7161742241908909
0.7149223387616951
0.7577298995527814
0.5487467283257182
0.45546960214823223
0.7744874662166306
0.7346236414413628
0.6363307868013512
0.6837438238220808
0.720806436183002
0.650074493732432
0.7160954307733369
0.7161648900502449
0.6360108906739443
0.6772837002235971
0.5831192939815995
0.5690156013116379
0.6627074015940039
0.6361146376582997
0.7037121299233206
0.5507075522311019
0.6227581242886775
0.7234423913235317
0.6863487706392557
0.7005602809395604
0.6612004194575164
0.6532466484109501
0.7919535216282163
0.7182269474802673
0.6114917132992265
0.5975133043349967
0.7271782116871368
0.7954294439226008
0.5923946179055206
0.7798112041657946
0.5876636457521852
0.6859985120939207
0.6938963760709939
0.515153265847455
0.7063901165375939
0.6702939242669658
0.6418900267283549
0.6556096449127882
0.658818742636618
0.7570107846099342
0.5419544983686894
0.8015002735010498
0.7582903282851443
0.6641793767726213
0.714068459780372
0.709930395402285
0.6474274393802739
0.6582388904089552
0.6310802613195519
0.6513387617019246
0.7721022148072048
0.6995770715179588
0.6699067381443878
0.7435112496780579
0.7727060618824687
0.7341018950075437
0.695856220706725
0.6353879081237771
0.6699462488850879
0.6671821538903187
0.7315068733875735
0.6550167364586174
0.5706923050609531
0.6908142982493
0.5786728604174116
0.6039918589568432
0.6439477767873554
0.6559017555992521
0.728154434182963
0.6110619648379725
0.5793915340028327
0.6717864794518319
0.6878072020105882
0.736811306881671
0.6746738107712115
0.6153201506608778
0.537094021767559
0.5449862019925084
0.6942780106326567
0.7507155673925423
0.6479425941207428
0.679160355564119
0.6835776406873528
0.6650869462704121
0.7454176313499423
0.661957867476919
0.629908383137875
0.6359490365072854
0.7522152638079569
0.8167784049968225
0.7245966278912629
0.6521862052959702
0.6782693806355766
0.5566263165597843
0.681838259073368
0.7792149462379518
0.8029966982315974
0.6919054262711479
0.7022143869119509
0.6400611163232505
0.5984521401682557
0.7991092024617232
0.7995628334373703
0.8537802699040944
0.7156515444545815
0.6429820672581563
0.69030728418599
0.6178932816013996
0.7211432473108489
0.6500228855478876
0.5698003762079233
0.6266303131274729
0.6383394736097787
0.7760016494862828
0.5290463484299895
0.6766637045501095
0.7135254407481181
0.667200162714725
0.7214506557200606
0.6728284718824427
0.7193799296016901
0.6563240297887539
0.6802670792649014
0.62141733168707
0.5720381098004488
0.5919689459498007
0.6739106733330403
0.6377895785757447
0.6953468831822338
0.6781077939254426
0.6815893672859901
0.6771054706399747
0.8455970578265093
0.3938551762430405
0.7842889481781682
0.6439982713287133
0.8054093701165066
0.6865790021901829
0.5842976013674949
0.7838777833475301
0.7849327685150879
0.7395872160325686
0.6388514476866849
0.7071033238759602
0.6905188940491788
0.6763061649573886
0.657659526015951
0.6661122740628432
0.5522151553656326
0.6960715754059263
0.7795891968847422
0.6029729843000654
0.7553288680602548
0.7259337515575648
0.7890351259738115
0.6684340614227948
0.6117046075875191
0.7261768147397052
0.6753842911478043
0.6362928332825776
0.7511708930356484
0.7376821928442531
0.6143196350515532
0.6660231098424672
0.6389102984647458
0.685776956715748
0.5452236223546509
0.6816692037307394
0.6354452897167415
0.7105952696565107
0.7087693559439897
0.6782665327782974
0.7186270829607678
0.6450332583700007
0.6388989607372451
0.6774608657238771
0.6212417452795717
0.6032818223893364
0.5640170330896533
0.7342351440459468
0.873705114334646
0.7713834112458777
0.6652192513223014
0.7537295251249838
0.6461519802047865
0.6738362137747558
0.5850347246508871
0.6712493236792725
0.6591144985078127
0.7098026193071072
0.6977509418222445
0.7607316631371199
0.6565968692793387
0.7761885339152931
0.6510307545770804
0.7146398999344099
0.6922028760543878
0.7210828062495306
0.7280426916660111
0.7204599439320063
0.8803665722188198
0.6846904158583831
0.7476090182645333
0.6663887102884556
0.6922778373859881
0.7126550075359224
0.7173215307965841
0.7439568389233925
0.7833476676093685
0.5028652652824861
0.7396263280798875
0.6572116298215135
0.6162152551674368
0.5879222968588954
0.7288108032683572
0.6938007790476979
0.7645651156375195
0.5358207338598034
0.7116559380262965
0.4937777425647543
0.6834879443633705
0.6532262394527817
0.599725444211729
0.6635178888851618
0.6184087532371562
0.5703399835669449
0.7537764928289417
0.6953503315436532
0.7162970361617681
0.6978194430339787
0.5863777825457538
0.5708709252824157
0.7409980471181192
0.6617526763118502
0.6702330861985454
0.6823159985897065
0.571128864660812
0.6991776965167117
0.7161810075028395
0.6998460613579304
0.5947206632857651
0.4956755087881507
0.7916146955410353
0.589925409051331
0.673037391838013
0.5161502603788488
0.6222685029572615
0.7837090334909806
0.7061492957929209
0.6186177215516168
0.6235452652842792
0.7661095747353921
0.7156615620377353
0.5440772961882935
0.6354538058328986
0.7444535361699628
0.7918548546407964
0.7874952427383
0.6382038047525269
0.6775889715442815
0.6770672110421464
0.7008284144276905
0.7763818381608514
0.7406713562756906
0.566866972040828
0.6213222596894646
0.6675918596285596
0.7716210862992355
0.6702132899706499
0.6104790347312324
0.6187536675770018
0.700120886693025
0.6677486989364652
0.6861531985184403
0.6340806880212528
0.7348666094484984
0.6682450938532711
0.7102929591732494
0.6620224838467444
0.6501795709586048
0.6385239515319923
0.6535199708646673
0.6721568205668901
0.5818576331400642
0.6923799385133522
0.6990387498079343
0.7683865035843251
0.7983974153913489
0.8210874844430879
0.6091472268105234
0.6668558447610037
0.6934525403264654
0.7105571256895621
0.7916148273512034
0.6297703088984472
0.6572877513042007
0.6741877241257445
0.6769017178261492
0.7014952348897432
0.7024039118488519
0.6501958857724038
0.7232126821861535
0.6898383593838365
0.6083398538279773
0.7347370062412885
0.612219496750912
0.6112522677194285
0.5901799592184447
0.6832122086235789
0.6884103654277993
0.7398559069952678
0.6725954485362885
0.6766187205527144
0.7513961526085222
0.7554827164869954
0.8060906757064469
0.6716056208732738
0.7583072832783843
0.7181481314121068
0.7011543150084432
0.532810450854305
0.5822194849831092
0.6966224440667217
0.7003775332067964
0.6931512585707694
0.710429552760704
0.5325017651222209
0.7067233928006892
0.5784888519721051
0.5975669977483142
0.5924927520592037
0.7547920095835108
0.7388550977368897
0.6855081871688516
0.6195523394050331
0.5380591709994138
0.7262168777027824
0.8001339200444135
0.7994098173956464
0.6321901309719161
0.7264295364748384
0.7765752685495421
0.6079356422251493
0.7568794112937123
0.7008491665398227
0.6881329679283598
0.7098739200805584
0.619508344596752
0.7582922882976756
0.7457297768358262
0.6851461449041841
0.6988033505611613
0.7120510832569382
0.7210774645637433
0.6339504499765466
0.7214696844840988
0.6110109345334106
0.6466810997846427
0.6097951214879381
0.6184377016167972
0.5849363976502586
0.545696181790305
0.7282285768981637
0.5508643959770119
0.5217524925060321
0.5798389406640025
0.7555310165414093
0.5996740356942926
0.6537623461338973
0.6522740382906149
0.627368141109066
0.7221349532605272
0.7654565483288523
0.7170923204058679
0.744722419488571
0.5727621401308348
0.6741158776634998
0.5701058999254289
0.7117116828124525
0.7246857530886558
0.7542448740172398
0.6599003834002763
0.7015613677702207
0.7991311737008162
0.7453225350229857
0.6834244977848569
0.6626700722631185
0.7525308605804562
0.6395602591761672
0.516135466900541
0.7045770598940407
0.643233094035976
0.6369525692599434
0.6972828417179929
0.6453214806639722
0.5228448491601327
0.6476410492684495
0.6216593493636241
0.7518931059163898
0.7273040803522606
0.7102709962613328
0.6734845385763735
0.7231347455565563
0.6091909449849243
0.5826450227835198
0.7103221257323508
0.684420351044098
0.7749020723963547
0.709991307759155
0.7285518681379761
0.7474123176636467
0.5882638906123531
0.7187746652804261
0.6510920895822543
0.7002585623120882
0.693983636341096
0.6167194501442085
0.7655931689979748
0.7110037092346462
0.6012085408779436
0.7715888775414036
0.6632838770620267
0.8012517551328301
0.8310465115310133
0.7504118681211099
0.6174049372190561
0.7096419518153289
0.610059664532542
0.7386738286281145
0.7103191291697497
0.7282265438570047
0.6980740738647748
0.674259324000643
0.5322927563078698
0.6661250031367046
0.6654557107254533
0.5873234597814112
0.7758791509269286
0.673002493117744
0.7924148874346375
0.8012684320844948
0.6533050121935489
0.7181520168314411
0.7155072359219841
0.6092007770592307
0.7005731762121522
0.6452062397022965
0.5649214178588959
0.7890243314135297
0.6502112513474047
0.6359372601496704
0.7834569488673775
0.6504618182048499
0.7278090778610238
0.7815633926881085
0.8757013433439469
0.7305789064854539
0.8454744838965036
0.7072428670590248
0.6482527403392332
0.7459263680891143
0.7347731677713714
0.6960642417056143
0.6272944333725098
0.6485376711038779
0.6769131184645306
0.679111256701445
0.6368803415578522
0.6795152391747793
0.6963791728638684
0.6538244335126225
0.6455598486029369
0.5996434879636726
0.6835263737128692
0.6585710742853979
0.8040337311847375
0.5733861097138263
0.6212876073586661
0.6304954226412739
0.7447143408890659
0.7277941137848025
0.6539897112391694
0.6769008627499953
0.667741620261635
0.6068610530293247
0.5157138890757883
0.6694023139021941
0.831558674842771
0.7166756356579393
0.7182408468824506
0.6467329116073749
0.7390829741438534
0.6348866534318715
0.6636066127217232
0.6826733208112833
0.6718832030760024
0.6838524493012713
0.7310153389002637
0.7101762816160676
0.7286821233376413
0.6389323518109508
0.7605845597519603
0.6914071824401627
0.6106109142726156
0.5411439485516832
0.5807976947150677
0.5985930668741846
0.6645708133605412
0.676840971017505
0.6773738191086455
0.6788050545371657
0.7489081356427634
0.7367729099554697
0.67114703162964
0.7185902321488283
0.6928368912876608
0.5612949532928906
0.6466772671271007
0.622506094346548
0.6326489262454855
0.6889754192125074
0.6275118771993777
0.850654402087761
0.6267527828107679
0.6288119501713137
0.5898946174277456
0.744498273844188
0.7283350259975557
0.5514952574419789
0.6438577105138416
0.7462633532979144
0.6697328953442437
0.6679141957614797
0.7337551258972186
0.6921150342338739
0.658687257336355
0.6239301955437515
0.5365241037522832
0.761583519135161
0.7405936509049796
0.6320820992853128
0.7150091052589868
0.8248081240289961
0.6769223301977887
0.6254351840024371
0.6103392957157473
0.6579247061215123
0.6177825729658086
0.7746039209478918
0.754549477950405
0.8104116092625416
0.6212721378974788
0.7508833216790493
0.7161709911887646
0.6318223378448133
0.7047799881489079
0.7543739772024316
0.7076947059649079
0.627574480054478
0.7880641733885421
0.5888284825154432
0.7495941779672375
0.7599082361337383
0.7490145628616878
0.5702987132218713
0.7741706346420392
0.6653386815734302
0.7038178506589636
0.47807534723131956
0.661880936595678
0.6036844023179496
0.6497637910962116
0.7208418478027139
0.734917982999803
0.6846234021771029
0.6862066346033023
0.6183502017690513
0.6387346792788863
0.583802742835403
0.6872524504145682
0.6643211301156571
0.6774740408930776
0.7318068689586836
0.7202290298956076
0.7106876914883903
0.608622603507817
0.6783010748409054
0.7506731729216898
0.5864248160275395
0.6566821515949937
0.7421833004939793
0.6511742761579535
0.6725563161434202
0.660802039942071
0.5786797016008322
0.8210070174147872
0.7509392518850302
0.9208013773649247
0.6306360039316543
0.7406926099527338
0.7849391220924318
0.709590588195133
0.7433128684380794
0.6215838984057324
0.7530672927865594
0.6661171670473794
0.6015074800087974
0.7286525415121973
0.6414691379985643
0.6477339403948381
0.667222909145637
0.6184500300816368
0.6374334485965482
0.8266864958719659
0.7167862211139788
0.8125387160577717
0.6491422130640095
0.6470902064856532
0.5738803914400735
0.5974709915630673
0.7730105959001908
0.6489433697889182
0.6158996985087164
0.6361849295250951
0.9092301263141453
0.5782436918785457
0.7098948318443065
0.7651545531282672
0.6994967193059698
0.7981038082465937
0.7028422901869694
0.7303395005612142
0.7757476602812542
0.6803818284145279
0.7933938469887389
0.7743120116493347
0.6142566566525496
0.682331817136153
0.794586491586355
0.6580158083679047
0.6921268189610063
0.7452721044332143
0.7204498274362643
0.7213592960950066
0.6791652266206607
0.6469839738682283
0.691276796445426
0.7081511796154975
0.6904158797020967
0.6960829325172055
0.7724312137662791
0.5416097225174314
0.5591772045281315
0.5140200046937617
0.7759789962424045
0.6124092508460137
0.6458129760866588
0.713232682172296
0.667239491929194
0.7059965167438325
0.7662871431585395
0.7147242906399413
0.6624235879150508
0.7182508031937707
0.501683549580712
0.6527658631271485
0.6178504463988665
0.5924444418315874
0.786924670027258
0.565289493477781
0.5750141164181678
0.6250838831020152
0.692724437429575
0.6406197993003565
0.6657309079432745
0.6366159854541124
0.7540895344641227
0.6257623672228007
0.6816410076346424
0.5285698920163574
0.7603890702978082
0.7878922103887167
0.7473883266674768
0.6754102878458962
0.5994720598250051
0.6493324889732129
0.6360136374380211
0.6709104469512696
0.6841164209731264
0.7720475455006637
0.6032427808729519
0.7571400272022535
0.6160895043797902
0.6062819029047334
0.7631318664560883
0.7463010620845201
0.5913441760083088
0.6663877941749474
0.6338473688751627
0.7264628087707039
0.6563351654007503
0.620492236322741
0.6843368622510675
0.5993021306450186
0.6986976824877461
0.8077722482162594
0.5064519984856583
0.5967543197457797
0.7348245491250971
0.818375078762205
0.6253213431472063
0.8043138831272305
0.7852989027528487
0.7813244529966062
0.6879338620045579
0.7634381670949661
0.6822078769593676
0.6458300693811507
0.6302241822081106
0.6812587124728122
0.7455550509797717
0.7513875703503268
0.4785346694452446
0.7261223284522675
0.6947798138354092
0.5427778983417088
0.6245879035474317
0.5973310237678798
0.6366202715025665
0.6389133801415028
0.7481641303716083
0.580503702463979
0.698462657536192
0.5473407023972334
0.7109877586515077
0.7230855699279584
0.6255748928307786
0.6367100076688436
0.6952345509187225
0.62033470916183
0.6073215207570977
0.6721280922829376
0.6098448878299715
0.5013818260851818
0.6364884965290151
0.6807046176478755
0.6222643964603635
0.808046017851563
0.7159788780410054
0.629620271212855
0.7367719114174355
0.6958076152905242
0.5791851260241035
0.6195625113549613
0.7216066097868283
0.8262991670829838
0.6667332358407736
0.7131678212864391
0.6078423536877203
0.6528498795854637
0.6762773968567874
0.7232101923472218
0.6962388746442385
0.6744428259130358
0.746761480654465
0.6320349047358852
0.7526139848654775
0.6488202127749683
0.5728014928644245
0.733122850039717
0.6345627168735147
0.6744174575652422
0.7606382295929623
0.7446307576132423
0.6477309969658585
0.7028177568068754
0.7446462299012178
0.6767837886400879
0.6354560696045978
0.638184145566603
0.6776289017236262
0.7106298968797432
0.6912272812879526
0.7784056870704461
0.7327200919616332
0.7447277132264434
0.6236225751650095
0.7528738161701787
0.6683999179759406
0.7138077679266034
0.6230548990443782
0.7746337605253595
0.6637391917335539
0.6203505724851661
0.5998199657925145
0.659015251791452
0.8326056876668992
0.7241823395481392
0.7447636252444525
0.6416566042508401
0.6983927603730868
0.5431312682926568
0.5100216726249581
0.6322093994309687
0.7136784980937387
0.7108039186564604
0.6323244522639624
0.6185499987603267
0.6011150823504342
0.7211455444490873
0.8009240249094068
0.6396052444550586
0.6870057602976503
0.6539316569380857
0.8500719870875635
0.6977899547681378
0.6983090160433337
0.7410437751517595
0.7242817349839329
0.6550793617729189
0.6675333600825879
0.7337108427663004
0.6469858465118317
0.6375514094452445
0.6428401853439148
0.6592551774068076
0.7043454449655214
0.646497016821245
0.8078504908547812
0.7463718410811931
0.6170408087618634
0.7223061092186083
0.5760955591567356
0.7017272553828247
0.5413829590524095
0.609432707935791
0.667724866875385
0.6319543765363465
0.6308013385828576
0.7107970538638354
0.6898103534293281
0.6795636919822732
0.711420049434042
0.6252986873494875
0.6769926595480815
0.7766965370082994
0.6466435503665101
0.669100565648669
0.6341023288589057
0.7666761359790534
0.5834544575800714
0.6969798354282866
0.6638191529797812
0.7961763950638338
0.6446064773938268
0.6464179732898806
0.7480052462627428
0.7736505171686782
0.8124336671926156
0.8019399797129145
0.7067725008990462
0.6093354979191575
0.70135011680312
0.7875929317743809
0.6024341550117178
0.6069162335327639
0.705669377180692
0.6593493114508764
0.6703016251563716
0.7219332565310872
0.6133199721643977
0.765225407984557
0.7152229813854776
0.7399583310484137
0.6228985470108781
0.5555251573496683
0.5688854626237211
0.6974130242675732
0.6593247775106664
0.7457682992176943
0.6705249174128677
0.7162406368572147
0.7282956690647995
0.5619625569893866
0.7967745469555177
0.598639605845154
0.6561888250606037
0.5288880265351001
0.6372945274798841
0.7196459575963452
0.6812470816007974
0.6828603615492616
0.7056725204157464
0.5796997730621928
0.7679984724095956
0.5617999862542008
0.9021287213386517
0.6816176755080735
0.6652534506387409
0.649232841459697
0.6663356425610844
0.7176886539973684
0.7337173904886833
0.8526302219427488
0.7043015208468314
0.7165471069804108
0.6376462904014737
0.6180521714688919
0.6940352369597689
0.6949703159148867
0.7908861462675334
0.6198346312636983
0.7705565600991531
0.7635557652685641
0.6552798004172294
0.6686460736091372
0.7717542371204333
0.7811960821416388
0.6537317721877499
0.6683261482790039
0.6658624842116583
0.6068302668986727
0.6089023884320123
0.5523896618710129
0.5929938641206319
0.6636648915734792
0.6479844769936091
0.781939825567176
0.7617139541572664
0.826087293843239
0.6604866982501677
0.6386852112301433
0.6968862581169004
0.7002732021388776
0.7591801584960511
0.707343122916877
0.734878490932931
0.6556067283671626
0.6860789064955927
0.6737820114375186
0.7048747819375231
0.6522916082247373
0.7051887576677761
0.6049910944552531
0.6942132440584631
0.7010942861855898
0.6798452477111914
0.651022323614881
0.7347355089476265
0.7698476161459252
0.6265494971256862
0.6546191984520094
0.6750925803832741
0.7697696469619641
0.6917574584908758
0.6703301078336436
0.697328493786279
0.6750125052377313
0.6853095978634258
0.643560562363395
0.5526191148185996
0.6034607221053351
0.6396996111066084
0.48088722144610757
0.6747266911283857
0.6700686022845705
0.667002097520399
0.6709322441896746
0.5171299050934749
0.6097269241503619
0.7181357085349406
0.789229993295075
0.6453567846832331
0.6217289986515102
0.6703967717623345
0.7172497777778843
0.6470728554507089
0.7145491115834832
0.7647756407498033
0.6132058347709982
0.7749418704932841
0.6870626806632752
0.8086272628603284
0.7489098503178343
0.6787584746430437
0.6075244648723065
0.709633020855196
0.6038984129746967
0.6676669578932304
0.7306078575166312
0.6846712840138309
0.7092760461168153
0.6178506053829232
0.6529339245007947
0.6479029942690294
0.6162587196465094
0.6980956696747308
0.6158780458488803
0.7060306495424067
0.7757071308121513
0.7329240993784832
0.693950795656562
0.7643783315308393
0.6899527113583928
0.6469316202959782
0.68321707724899
0.5833879153615018
0.7152821882704647
0.7030536076300212
0.7706611066693037
0.7066238817498968
0.6973855198409648
0.7143719609257545
0.6169126721520621
0.7659178935261266
0.6521648777432687
0.7725408116392405
0.6669507254058864
0.6776754711553931
0.6271229732561727
0.7636819255628053
0.691784117332389
0.6861616930046118
0.694352167631574
0.5345795502474574
0.6377817220487814
0.7200409980740126
0.722619759227283
0.49072771347799193
0.6732498709948076
0.7343994027897078
0.5758543920148862
0.569381858151001
0.6160863688407966
0.6595333108198179
0.6146233068326011
0.6888165615737096
0.6700840471824343
0.6385429504040625
0.6892435444768937
0.6466259918346823
0.5828051857281333
0.5953302467721132
0.5925629669742912
0.5601669009533555
0.661508371112177
0.6098408613060391
0.7847445653217364
0.7235703527780977
0.5609924538417549
0.7176503450799006
0.7122893764707092
0.8111748718856919
0.6550272540232113
0.5699851870407723
0.5975952811561811
0.6999328203003361
0.7168939485930186
0.7128159877231169
0.7268007542366741
0.7025367924903194
0.6851835825337745
0.695168791044659
0.5254519599877159
0.804286534518855
0.6490750409019223
0.7394191240105888
0.7683358437060035
0.6800958817819963
0.6600100633865403
0.6658153724442262
0.6128098688961379
0.7401044857645825
0.7441967863701529
0.7617146968951902
0.6385326793008937
0.7053861148981188
0.6348993762090162
0.66986339121335
0.6483035783217118
0.6202298322401104
0.6785709724784521
0.7047930815826207
0.5986348024982221
0.5876133158208092
0.8237137888694628
0.6198555662578981
0.6103530830307619
0.7288089084591471
0.7413708005671594
0.7147760829588767
0.7727465407648374
0.682704145242557
0.5969926431151663
0.6523809347416768
0.692927169085807
0.7473769921163679
0.7280204810782753
0.6869637837852604
0.6602713952053673
0.7772918621022967
0.8101114154207867
0.5820460238294022
0.791096639171958
0.735522971836103
0.6584653306583612
0.6792738185941689
0.617089662936014
0.7519595285818393
0.6386438733123466
0.6804302286696299
0.6775247629098102
0.7320214672423547
0.645777465489843
0.6796408093533778
0.8639371062174307
0.6709192160123786
0.6603699792725469
0.5985850324468649
0.6597543086336338
0.6258965149328429
0.6182087208230831
0.6698127217017534
0.5926086483604323
0.7595770086265655
0.6870848188817589
0.6466087099299336
0.515796229881544
0.7109329063264539
0.6266773416136042
0.5854302155979417
0.649609319750931
0.6317770829165177
0.5496605956635124
0.5518603640503664
0.6248777491894534
0.6755975396464726
0.7621197551355353
0.669417225509961
0.6426197163259668
0.6877954864733468
0.6501715531083286
0.7524766015660173
0.6837712987154488
0.6908660174481391
0.6976240454612289
0.7103777689892361
0.7166647383874074
0.45559856299976753
0.4255623993094534
0.7141530789876637
0.5825120900319637
0.7384623661320346
0.8071067955018106
0.5369770653865636
0.7245578548069576
0.6557597999833874
0.6605007197543271
0.6949354634184649
0.6452491336875198
0.7094468368633712
0.6769416083173984
0.5925621269777075
0.6792710822562147
0.7043414942318098
0.6634737968280198
0.6734059944164873
0.6647909889605631
0.6640238068106997
0.6277304470759938
0.7029121573037171
0.6618360161459551
0.6594091512627164
0.6384615192912969
0.7259390999642428
0.6423268354490113
0.7321526586212566
0.6922136321299537
0.6812113430595829
0.7198771281833959
0.6441465718915543
0.7059772757472766
0.7813419555956642
0.7255313747801571
0.6438941222948311
0.8329879441298048
0.7220421780562403
0.623459149823158
0.6235015311547117
0.6868099942635152
0.6088320513896007
0.7655185669838811
0.765272140750899
0.7029455042916134
0.604862061204517
0.6955655018186876
0.5322948897540482
0.6303352214456281
0.5886926290566487
0.636726450916977
0.7173249583515867
0.5706187810682937
0.6899611485004392
0.8355957144013391
0.7102175582322358
0.6387924417862711
0.6252940345578177
0.7004234970263371
0.6976695048291941
0.690189196190223
0.6799052307428841
0.6269635191014257
0.6056741526092281
0.6620905411184732
0.6947463046501176
0.6088481734793307
0.5976057961395288
0.6743434033568265
0.7359565900950116
0.5820640703566325
0.7001760643857197
0.7957530943896541
0.705949053761945
0.630041345681622
0.6179291280258116
0.6523874421892399
0.7107955027626313
0.6397669159087002
0.6697558202213133
0.6552201381118412
0.8194145240311779
0.7574858462213963
0.652580817492842
0.651202887236131
0.6016522795747034
0.6740868168541435
0.7395521717878124
0.7407150770099551
0.7198742828585262
0.7209368014066369
0.6401772799969317
0.6841206809280895
0.5727441142932017
0.691318351762323
0.5788501434570025
0.8089922865442795
0.5699285090393715
0.6946318966759687
0.7194576027450945
0.7110544809008746
0.5849438270724886
0.7022941678036592
0.5593046779353691
0.6998589525449941
0.7021668842018799
0.680405031886887
0.7418283322842537
0.6281765274692074
0.6130848222502955
0.7764899141450925
0.7242888446296704
0.7866181099722794
0.5998227838198354
0.696572849667004
0.6450598007640079
0.7810231746340152
0.7084487621180842
0.5556578434995137
0.7147434048161312
0.800023794498587
0.6239762923087065
0.6390604637076117
0.6672828337556407
0.6127503427794023
0.6191526612129584
0.666519471607622
0.7354885089635351
0.7019812643503088
0.6922909848152107
0.7243190369553026
0.6595786515131338
0.619342917935412
0.7818559628127287
0.6938778732096527
0.6752889094034189
0.5939602266211456
0.668975006179692
0.732712985216721
0.6094112630579472
0.6508978881795205
0.7715455458448722
0.746080935016757
0.6659213563268177
0.6871076041010239
0.6513242570613674
0.5760758511983745
0.7710602165160342
0.6468218091272764
0.5575347340333976
0.6980928557096638
0.6165390242337874
0.7050978795490317
0.7000733821050208
0.7051963164219691
0.6682962253149057
0.6045785628119202
0.7345864462321721
0.5522543826258278
0.6119507056677612
0.7517840469591786
0.6847186593209419
0.6849392845117771
0.7475984353111507
0.7289650569702073
0.7486451213237477
0.6148366223781899
0.6761576740355735
