0.7264457749532447
0.721592849601286
0.7145589169393162
0.673611898156832
0.5231677723418687
0.6446858095471799
0.580180488084846
0.6972487778853861
0.6484285010769196
0.5513256095230129
0.7167169314555727
0.6640583567386547
0.6004783124373294
0.6877368643952687
0.67346777383028
0.6923570286233699
0.6394679902817698
0.6619027475154265
0.6894259759200214
0.6666707360395022
0.70237647791945
0.47639055871098296
0.6993029094078652
0.7714569700297835
0.7327037721878527
0.8230827211289437
0.6579810889902857
0.807408388170574
0.6457647163692422
0.6752204204014713
0.6804093751482044
0.651564938506044
0.7045411361051879
0.5646748425579439
0.6157112809873709
0.6810615495998793
0.7239367490217214
0.7549871930542869
0.6438795334815617
0.6065284732734475
0.6131603127496129
0.7216760507331348
0.717027374715059
0.6330619757249834
0.6756631354097016
0.6503591612002123
0.7571541355540878
0.7047237845631652
0.6124600659961258
0.6529242846328996
0.6528696611838216
0.6586215220389784
0.598845373960357
0.6228726605417569
0.8189300953198796
0.6339929975519658
0.6177278348415164
0.603023757032667
0.6983092639183488
0.6703906356117438
0.6968755777670886
0.6225489658517838
0.8224648229939203
0.7085081219029049
0.7886347202835665
0.6687774012610648
0.6945955999892034
0.659181759404703
0.723256951946906
0.5216567732374534
0.7725756747331589
0.6458006635069682
0.7514657543015418
0.6250736968095413
0.8763681205631931
0.6602225219652244
0.7309298196559683
0.6729961494219919
0.6818184703489206
0.640309700033486
0.6454709893437249
0.6374628854105207
0.6232284995022951
0.7263932859683979
0.6925735758125033
0.6824298140796426
0.608177311313199
0.5493155548926891
0.653268306992433
0.6145653344419261
0.7142284048216682
0.6992548843630219
0.6588155129824096
0.6286866080842635
0.5461024407822945
0.6761577075295642
0.6666683045241987
0.7988426952124538
0.7231288512750448
0.7564246533294728
0.7332250748205937
0.7150918455742789
0.6486374370784339
0.6329324070671919
0.7053008480243239
0.7669007533819354
0.7764175969409006
0.7146330519600226
0.7763549623495272
0.6648411858236866
0.5491893837895029
0.6018563641296505
0.6991064087512374
0.705102993354805
0.7033708129588025
0.6830059145574284
0.6587221422031773
0.7579328649011922
0.7345597979361661
0.5796773752943621
0.6999489918486445
0.6104381630576461
0.5723894082343084
0.6926036286925765
0.7140416298141665
0.5385514400822379
0.6936336875853206
0.6403104160356438
0.6545392881915397
0.674894189746242
0.6655111250420326
0.7321814505346266
0.5988252436002179
0.6714791138561527
0.7907628299941561
0.6063505627878538
0.6208829994207161
0.6929623287222672
0.6276806307179791
0.6235567827942055
0.5919372614962967
0.7359249051291963
0.5390001752615212
0.5628093281377016
0.8016708297090087
0.7275477546126925
0.7088579447418202
0.6540600940126445
0.6914140660431775
0.6585013422986932
0.6994538803447599
0.6999790752534224
0.7491164169353716
0.6635126378765025
0.7001628784747331
0.7029095592380384
0.6377983652424093
0.6563363522189262
0.5121736537744027
0.5633797431503587
0.6990560324141198
0.7242403844922346
0.7396985428040546
0.6216185736901148
0.6159957227844146
0.6012714821211697
0.7589124231688786
0.595503369377065
0.721718145766841
0.5267295788763209
0.6953349400388974
0.6930705843288333
0.6755446976967445
0.6535004792897973
0.3612317553051063
0.6870140351790851
0.7128768936066625
0.6628158993982042
0.6825137790952275
0.6601047609050046
0.6950985073912748
0.663862441471614
0.7085890164937826
0.8496490502230345
0.7366396515436363
0.6632132586099259
0.736663175796297
0.5730333804093264
0.6354374799868876
0.6604861467770283
0.8108341610365981
0.6107792872416153
0.680454841758511
0.7757246300261352
0.5244471303466324
0.6506836066095697
0.7237226461712598
0.8085348820036092
0.7547450727067544
0.7555328506565383
0.6428719846269094
0.5986277240150121
0.7810755177204075
0.7061142193040889
0.657437043361979
0.6663997812760457
0.7086541670099478
0.7706699473424333
0.7226312672019701
0.6700910677696958
0.6724580724218435
0.8398842979758375
0.6732324687861541
0.6433706619441462
0.7134219396289159
0.6429894199202347
0.6158605972969957
0.7159414973186133
0.6197624586422802
0.5321783292345394
0.5706522292540065
0.6250298724152619
0.7537003738700038
0.7501998400469123
0.6576061732524426
0.7848057170924008
0.7194902048803206
0.6569344443921941
0.80045054092698
0.6268100340553006
0.7304631603769376
0.5850480084444512
0.7020599051300573
0.6635214788260191
0.751419343793995
0.6907195407301172
0.7310441786501801
0.6787732016940523
0.6826140937051665
0.6497843860480628
0.6916622599626646
0.7328511642116987
0.7427589978379772
0.734813266785702
0.6595551689746441
0.6002045502430123
0.7306564634735635
0.6698929538859587
0.5546056283646786
0.46570499978066315
0.6473922163255743
0.5165647911030867
0.7533737824555649
0.5825715076197495
0.6346231602797627
0.683081847181936
0.6228974165587868
0.7411219624135252
0.5997861692730883
0.8497058377746289
0.5867855478790134
0.6834822285979443
0.7424817326146955
0.7258473293466796
0.7455997798440657
0.749226718906779
0.6857970666050902
0.6707980399347442
0.5698502633695535
0.520296846358691
0.605771374705561
0.6442456827794569
0.7499587266205354
0.5655188282791154
0.7139383592931626
0.7312166635597124
0.7061008267013213
0.5592845308904493
0.6432023616458574
0.6597032168492682
0.6922470612202946
0.8240561644910578
0.6477397735248115
0.6224028379844697
0.6341452663061387
0.6135445380378635
0.6521140965856715
0.7154089814902298
0.578183517497041
0.7473217640470079
0.6791957439558047
0.6188887548721764
0.5522996390702417
0.6546405085403769
0.7410135933198632
0.6681597279539545
0.7183667290735871
0.7557649428475679
0.698081089001842
0.6398502574571153
0.7502416020288875
0.7533035072085983
0.8289209876731635
0.7118493445677297
0.6306302964321774
0.5345259019089743
0.6300814791492532
0.7550159348259976
0.5472286405215399
0.7171232068239362
0.6814780448820135
0.6094439784491142
0.6376080742395649
0.6917567311158274
0.6302755545000611
0.6615230657411495
0.7002425341669787
0.6813261147862583
0.7261521046812309
0.7088593841583135
0.6341341936199139
0.7089068971262471
0.6450790663569972
0.5728538597299144
0.6813795764307131
0.6184048503654004
0.7429594229231938
0.8056942540419962
0.7702601695434015
0.7015025169771735
0.6632378927076781
0.7361460210405779
0.7581870641873345
0.7883975273268311
0.6327712647997077
0.6356610677967461
0.642290794959408
0.7166098361713816
0.658521083057225
0.727035877398604
0.6784564872881784
0.6239835557633019
0.6147428885516689
0.6709126298841811
0.6459389426068318
0.6752485880628865
0.576162599459216
0.5801757767442961
0.563688867712945
0.7475542335295141
0.7362359849381981
0.6897514496950808
0.5106749123875612
0.6965706619958424
0.603857671885954
0.6703518377607232
0.6408936794988614
0.6025611320079619
0.7195039024252571
0.6445899079005498
0.8208606442498683
0.733506941225158
0.679595477298084
0.8013898022961788
0.7071277045949558
0.7631547613452645
0.7045717057519981
0.7131550030024522
0.783691871236707
0.6139180254560573
0.5924380289317093
0.7076970924727947
0.6580169718359259
0.6374037124684379
0.7121518862432652
0.6697896896300413
0.8908517651821662
0.7044313917424012
0.731097869474121
0.7107508089084731
0.706005675542909
0.6291693966127235
0.7242937079206074
0.7297102750540745
0.6450168953955178
0.6499798121656047
0.5301244573087729
0.5457630251012073
0.6077960490155553
0.6260089610100218
0.7160600666598076
0.6950978326195828
0.6786863131595061
0.8389601015152662
0.8861979666569866
0.7526374007703126
0.6288068116625335
0.6337902418941789
0.6488680012404315
0.670518307244547
0.5864823723732893
0.7860476039358999
0.6039168037740849
0.6896069505368874
0.8296182912065385
0.701035962297362
0.5753544879689907
0.6676394263637729
0.6510032310092647
0.76843659057271
0.7094397794826297
0.7548103916489187
0.7146155548771018
0.6376335660463043
0.6357541520750989
0.8322234564110558
0.6526969532662261
0.7220066727043066
0.7356545156842735
0.6440253514196188
0.7404374454222666
0.5969720986728064
0.7131572181277122
0.5861975768708833
0.7020207371832196
0.7692236351074363
0.6934269453485868
0.7843372469690287
0.7168480068168351
0.7760271106007521
0.5593412538170622
0.6820072868344487
0.7194450356284738
0.7044357346080005
0.6332904615361189
0.5850663262150534
0.587610612063534
0.6572600981310214
0.7725777184587256
0.5452964483839164
0.7618675407932806
0.6848349179067986
0.6628107965995333
0.7684723815319021
0.5292445907802612
0.714275404650831
0.731227990699629
0.7310770524577561
0.6169109338459576
0.7362764739014529
0.7351309429899466
0.6512775755040893
0.6290926911593203
0.6440096618304044
0.6673944064545996
0.6933318698831963
0.609993350245625
0.7213445282170206
0.6598743887420149
0.6551818926672637
0.6840938545988361
0.6929172948560298
0.6716279148054766
0.648428078471145
0.6696645940659313
0.6569196568143923
0.8041448094527972
0.7219020699430359
0.7403345022676607
0.7069832019481157
0.8321130630333768
0.636438174810355
0.6030205076043562
0.5858330632529909
0.7820898986216049
0.6968062078704372
0.6824300448088672
0.6854009775933007
0.6402353283383786
0.6562640666461221
0.7468983150656785
0.6375956135100316
0.6592102654090838
0.5660051476749355
0.6262596671972587
0.6982181243329352
0.8476161331960193
0.780796323778699
0.7674248159182699
0.7314323375725565
0.5872822367492478
0.6946169752397107
0.5750805423141858
0.6695958857842697
0.5844138791228103
0.8195839631017835
0.6661717322865766
0.6466473201303481
0.602130291740712
0.6433679889427408
0.6104906045722928
0.6668573804310738
0.7219493413033153
0.8309066206960767
0.655713421955299
0.6429043974715064
0.647433401882702
0.6577342821407134
0.7324052042873218
0.5687620212551381
0.6139808767738405
0.6560846843268631
0.6659699203377761
0.6443679528725693
0.7654886241224405
0.549271035808997
0.6568722365031707
0.6420515195478836
0.7261247038421407
0.6285549506587783
0.6408380278443562
0.5834020422444429
0.8264577651179821
0.7937901060373124
0.8001240057449672
0.6048380012308424
0.674967784687577
0.6905883543808141
0.6468497609524846
0.6345570597540935
0.6102766419145472
0.7093671619177178
0.6231459403251622
0.5852873353763134
0.7288642372252022
0.6947815059058657
0.6632146432080069
0.6750164509936435
0.6300330353649123
0.49339052792383215
0.683884527635256
0.7043469173650326
0.5049173444689457
0.6577974290260308
0.6734042558959461
0.7130584293080099
0.7583239880061241
0.8202857500292606
0.6839298722466484
0.6267142056753309
0.5865280310100349
0.6171043749135506
0.5803111317706016
0.7370563560792085
0.732342942793136
0.7178920963676597
0.8199863618301555
0.709450450150268
0.6222812174681275
0.6833823212133278
0.8125973139296656
0.681624816973999
0.7662370015615675
0.6391585876372556
0.48315411925961804
0.6196678342734345
0.6617224692595144
0.74752583785233
0.7933248519697963
0.631684719642886
0.507543636691182
0.6131347979318634
0.7335062935977371
0.6414849852493734
0.6794210751708882
0.5785865309075885
0.534602823264361
0.5241321514372491
0.7260453100950889
0.7412895116983323
0.6505176441922412
0.5979804698116319
0.7480250155758116
0.6726904234332168
0.753143986507544
0.6055108480650433
0.6732009646658982
0.5939572482401435
0.654121112131689
0.7149960857775435
0.7121561987124778
0.7025688912553091
0.6620107919033309
0.7350283009037449
0.700132691033279
0.7598301052598664
0.6240014535727015
0.7013576502722539
0.6763542705827023
0.7123230006766459
0.6633202221616072
0.7182829975707317
0.7425612520843382
0.666544370690137
0.6980179029343837
0.6220789377191268
0.7049905704926233
0.7141112093918868
0.9012127317753366
0.6884388656002877
0.7223226448532861
0.5969951686271511
0.6537438538733381
0.6141855439032448
0.7649720748276976
0.6483839787556515
0.7302327647756455
0.6639751135802673
0.8145190436959618
0.8476823706830849
0.7068564331266162
0.5944228666705185
0.6512272966543157
0.6893289734946955
0.8051114020875019
0.759453555465545
0.7026730050910784
0.7165256226452918
0.6552893315765144
0.7345415181893828
0.6597115918450256
0.7783820335642699
0.6899022634939342
0.6099779896409756
0.6207860361048635
0.783829956024546
0.6786979050973262
0.7398594272661387
0.7234735214943766
0.656442313097497
0.7586349014881308
0.6527013109631841
0.6986112079533036
0.6146857561854429
0.6130626124599543
0.7296655020814979
0.6496224218113414
0.5354779002592116
0.6347756710325526
0.5749956769882882
0.6371441496197968
0.5919542801622839
0.6512300508476588
0.6637065608877921
0.6538992734115445
0.6085166053985183
0.7669343241185392
0.7041566246213099
0.6208996193975413
0.47734891931929124
0.7249033241472529
0.6755638236671528
0.7900167216881964
0.6384011720710783
0.7048053846009141
0.6480631712712976
0.5493610613261932
0.5811205114577818
0.6237589883839603
0.6792666160392401
0.6923676268287048
0.593560116058008
0.6685368754754345
0.6665169962461658
0.6421529308183657
0.7213621655327703
0.7807173255990664
0.7259289616811477
0.626283887757157
0.7272210160741284
0.6617216225966776
0.622154225607408
0.6611220576867214
0.6559763084225017
0.6615766546307759
0.6897671848475043
0.6032323789141053
0.7263952472052365
0.749841960530661
0.7140002396674797
0.6322516392178871
0.6519130794005177
0.667059851939666
0.8128003762813809
0.6280929658342141
0.8151963270663553
0.8252411873188541
0.6165759477496023
0.71243598853196
0.7067819631124932
0.6081194135893978
0.7505254613498092
0.7075067818448608
0.6889000495779656
0.7706830380462796
0.8103544709699178
0.5827143377387385
0.7469215376165024
0.7088872280633192
0.7264388627523788
0.5963867245387502
0.729369261265127
0.6686511337926233
0.7787937559786637
0.6645720273032695
0.7422384302025985
0.6714074220884529
0.7098695049064256
0.6603152611489815
0.7329813576037668
0.7114792187243157
0.6992252466715084
0.550611806968247
0.665105003220732
0.6539557070135014
0.6169459551308236
0.8116090090554053
0.6746193458174825
0.6654525954305502
0.7197345992600381
0.6078677383882228
0.58157679522312
0.6892527443074385
0.56459174546319
0.7939953054536488
0.618454269430254
0.6612045292215979
0.7072883883665517
0.6120112831756308
0.5962479458434127
0.6548295216611705
0.6949765667290243
0.6632345900782577
0.7910808326517283
0.7060596049403742
0.7522967502528998
0.6995846516576919
0.6041008996831133
0.7043999857099444
0.720106346349614
0.7790964156459084
0.7411767359037491
0.7624330920067341
0.6964390438985135
0.7369884812310932
0.5726758775360087
0.56272569933474
0.5773679997567914
0.6688186121254625
0.6769722680585999
0.5859605286965244
0.5962685132198112
0.6090205149429766
0.6394026160995504
0.7034740777083924
0.7427290840391341
0.5622931253293689
0.6450619656120654
0.7803627669373584
0.6871756652481537
0.6761480920850005
0.7044714812342288
0.653861020855803
0.7737754087959164
0.787330456444828
0.5868378158224568
0.6667628240629198
0.6465176520834204
0.753211288250926
0.6906767353916089
0.6946371409829404
0.6810947180904671
0.6760655294658465
0.7080401258621186
0.7394762458639935
0.7496630156327276
0.7026413964397679
0.6254500132623423
0.6173029841555261
0.528415354143104
0.7005264645686903
0.6848191851896587
0.7847345382148303
0.7874074065030591
0.5826117312942887
0.6110382960526825
0.715684708848519
0.7134202452829896
0.8145780732392376
0.7663468307720805
0.5528092471460477
0.7833218056417937
0.6880616730418831
0.6758130258973188
0.7524152059700794
0.665880983591801
0.6446449946671704
0.6953723869897619
0.7117264733974111
0.6569309434457544
0.6533546555265102
0.661494586508708
0.6571166987521185
0.670708039012997
0.6474169983442416
0.6900133970760708
0.6804976662038682
0.7830966417864538
0.6508910045762626
0.7593379315624597
0.7096812496680669
0.6950289880597161
0.767392761087667
0.6466799749424637
0.6458651004693382
0.5840287802425428
0.6744104913506581
0.743167352699664
0.7407533004190701
0.7223419936677282
0.6185497157959929
0.7664992431525018
0.675809104881091
0.5512551121757611
0.7406710176884045
0.6279336179489624
0.6407832671272603
0.6088750832147763
0.7269599036070186
0.7360047452297973
0.7222888132265034
0.6685131437178804
0.6296262040149643
0.6088953013176489
0.6194720186224137
0.6351863772951708
0.6823006210078432
0.6298235930484952
0.7804339868590009
0.6193463027551392
0.6993548272234889
0.6954215196089226
0.5156585184904238
0.6824033533390665
0.58285821222734
0.6622314897900703
0.6921553181953133
0.6355273840706758
0.7013725690903049
0.7900966123002549
0.8459109899899702
0.6655020303592245
0.6545481672516793
0.7235075690796102
0.651402324507179
0.6763219438556857
0.6643055335456571
0.7746230957786181
0.6991562126450854
0.7076460041790843
0.6773751479997486
0.9180504848600052
0.6319020430394287
0.7061132568966091
0.6750690672028646
0.6411995078446824
0.7120140757593584
0.781583079422808
0.7249527914539327
0.5559381774727296
0.8409842564352741
0.6552853997538263
0.7114615499397153
0.6881823481625876
0.6450711844750154
0.6724951795620123
0.6536733458323067
0.6857078962598613
0.829408732849686
0.5867167614646763
0.6516074545966115
0.6246866852172063
0.7097090509588747
0.7062215911432818
0.7389346978054389
0.6719687514585259
0.5817180517539863
0.773227178973703
0.6310303333169707
0.6886046682397492
0.6680118682353527
0.6917152354439218
0.6651416383199406
0.691808426620793
0.775673506162833
0.7525053192596995
0.6978351639902746
0.7074648787816126
0.6477132364763736
0.7546290612629175
0.7525040047984631
0.5861416573114612
0.7033098113960705
0.8217295652358455
0.6388670397089413
0.6267161891321642
0.6515419190744114
0.6336452369367952
0.5676707451032813
0.672941657750977
0.7287036574520251
0.7029029384742551
0.7115071879928389
0.6877580226960956
0.6672656169947441
0.7356538870240793
0.8232192288611496
0.6666638793004982
0.7428124240187864
0.6185324209567125
0.6952159810241428
0.7404224743398066
0.6707994567397532
0.6789567973017671
0.6588341341585988
0.7002978339665501
0.6107557818687357
0.6639721131675942
0.6241832923734045
0.7546364540045513
0.8228708279421466
0.6419738213645827
0.6798058359710675
0.6296423638071779
0.7100946125583601
0.7347697475965981
0.7323213413717564
0.5350642669386957
0.7425628940619105
0.6405870873567807
0.7367931617262633
0.6557239613812138
0.6798595737268663
0.6202885684468468
0.6763613448509471
0.6773738096032206
0.7032238993462623
0.7853793021463471
0.694954565721984
0.7894887418476099
0.7173986889749779
0.6269893903653764
0.6219768478641424
0.7021707990475617
0.7317004478635409
0.6276578119916104
0.6725943976118018
0.6341264930598433
0.6822148197027933
0.6693126778007871
0.66240759900074
0.6252229205239623
0.7488663423963317
0.6906577156691437
0.7277742046883946
0.691829749291831
0.6122433121320329
0.6496082361937736
0.6390520994662136
0.7099965687573171
0.7035130604672885
0.6949426578814175
0.7129770548334848
0.7614138330741647
0.5543085370892912
0.5334523896556956
0.7325691598678682
0.6359464538262057
0.5355233265297222
0.6075725506700895
0.671655503866763
0.6268046733904898
0.703696836714096
0.7215180752977254
0.7163999482842693
0.5702275634394726
0.5756255514247921
0.7229881242412752
0.6511690066158327
0.6695549083194038
0.6487446392637941
0.6585901928785853
0.725802439099967
0.6640903880824199
0.7394985188122273
0.7471849644672389
0.6777284410606845
0.6779292665256016
0.5800866584223119
0.6442620215994649
0.7553564166781094
0.7606738252450611
0.7741594589012504
0.7547912990555826
0.6314638751250485
0.6512804311366045
0.5573998737147514
0.6517629972799234
0.7685715269434534
0.6246220069172197
0.6223825164704534
0.7607851967984076
0.5731603550899343
0.7477949201993975
0.5714198397065039
0.6441061227514875
0.6598136805103495
0.7623629067840169
0.6633763722814005
0.7291526458075637
0.6630116134604744
0.633814638082943
0.6603841537660449
0.732927875603518
0.6986659402074583
0.6873548878359413
0.701932872608084
0.6125449348095405
0.7205087620463699
0.5941521727408828
0.580477577957116
0.5758858755351568
0.7269472404136966
0.7117624196045172
0.7385580693030575
0.6603926735466663
0.6110648109948279
0.724535955213302
0.72071832486855
0.6208028377468778
0.49005107674114845
0.8267344679077169
0.6783701837456191
0.6442357156647244
0.5762457708446989
0.6907267672709128
0.7238277126563066
0.7456385639031642
0.7881950374820309
0.8483819608504974
0.8484031191897715
0.67237756451649
0.6989649233223834
0.5896082901743065
0.7058535760088901
0.7073460121435344
0.709486528156398
0.7083670863471739
0.550638284351208
0.7455066490976934
0.5977741585509153
0.6835825624190418
0.6091098130223733
0.530114124847037
0.7333027941090362
0.6958179109763816
0.63501527555456
0.6925467952731682
0.713322943121645
0.7173169919778846
0.6567049801760332
0.6789099366393606
0.6743636921516326
0.6265444057696277
0.7590359097250997
0.6327695920735116
0.5969427056024684
0.6691732184976931
0.7788425078660325
0.7218059150949184
0.7088076583854841
0.7595632943582449
0.7253942718681298
0.6184853047893871
0.6070807242134851
0.6897729195480764
0.6324548507623676
0.6287431018062377
0.6621458549190014
0.7599001962941868
0.760990780288617
0.6983013311925425
0.6458391571872034
0.6762188099271955
0.7278676199912044
0.7406986833952529
0.7639753824046446
0.7238811731662501
0.6747991233335286
0.5883611911114403
0.63963432166952
0.7153168825338226
0.7148970534397577
0.7528797127179587
0.5677060181075451
0.6455918234071026
0.6608435988382966
0.604289827041032
0.6328762527884249
0.8259541413859641
0.54995030932473
0.7553089933832045
0.7548695419635956
0.6498409614593648
0.70699859565266
0.7710032789020663
0.7157568107777292
0.7509421795108251
0.7384428752332626
0.6252149893043736
0.7145460726435596
0.6800184726587419
0.720670395163538
0.6529006760254984
0.6733540904663625
0.7475679846374801
0.7155517358975627
0.6351029605291896
0.6833539775086099
0.5157399597609218
0.5734066941317172
0.6247609868410522
0.6857943987845764
0.7688602808769419
0.7224534233053544
0.7822835906994432
0.7013518961095877
0.6790793597228696
0.6454651520083856
0.588751793945209
0.6969882164800304
0.7144335434792373
0.5851283880112876
0.47144197119435055
0.7393969191867995
0.7299524340758138
0.7597069109481381
0.568121297565101
0.7955836062519169
0.745897303420288
0.5989054985884297
0.66658046870578
0.6290416112952474
0.7821345898967107
0.7276390580589513
0.7175024076618528
0.7357284039828209
0.7314652196841491
0.6612539619359034
0.7342355188866205
0.6137980580344653
0.7280421076737505
0.7414381432251993
0.5417080960661946
0.6652352878646962
0.6818816441332437
0.674134405766258
0.692687985824877
0.634959961258508
0.6846161408040887
0.7091536040236124
0.7327720409408879
0.6797641417170333
0.6527515568987204
0.6741914543671232
0.684834333729155
0.6936312700833958
0.5781312909232864
0.6373245820891095
0.6834928305911844
0.6806670522427692
0.6156423062091361
0.6128230545990779
0.6714197188303672
0.832445977947663
0.675247598704142
0.6086557377515732
0.6468767642115875
0.5734832693578334
0.6493013766229017
0.7310244299685142
0.7239187923071055
0.6927105259608269
0.745973461455144
0.6738443329326184
0.6118810044536458
0.8689090035410444
0.6966181898313144
0.6264723640403376
0.7438481475361158
0.7084248711600041
0.7522839615034017
0.6681808828977163
0.7078127276289985
0.7079587595719544
0.6771800905575939
0.7540933409852124
0.6624322901921404
0.6655608362434303
0.6440932167846847
0.6421576630297269
0.602344605137616
0.7312434282218169
0.6369246185779605
0.599214259769182
0.6202746670122132
0.7518190042362478
0.6259164950370727
0.7186583935094953
0.670709991375937
0.7138060926929737
0.7275160855148306
0.6303547320008175
0.5790317883196826
0.621129590612678
0.6805818092107789
0.7791900961244395
0.6746044121857094
0.721507439610313
0.6650239368663994
0.6951103079645488
0.6855575166572039
0.7047504886673296
0.6442926076119468
0.609404289717593
0.7457166470852796
0.7238503195788544
0.6012374561789812
0.6762791506346951
0.7552906060618039
0.6821019181544412
0.6372197622343813
0.6353368534914478
0.6981560439214781
0.7633314440604677
0.5800699186311441
0.6617259820877451
0.7102446761612621
0.7857120363363436
0.804028029175159
0.8687665155827927
0.6711388341213065
0.7429610379634285
0.6252916935407511
0.6885679800004767
0.61719128742949
0.7290596318216289
0.7454670853091155
0.6356321169407153
0.7828435881182709
0.6155778288041155
0.6866931010930007
0.6416946040736279
0.6841220510418787
0.6564787409218956
0.7402150531656607
0.7450749662623719
0.6813569649855719
0.6905666544026833
0.6710816885534243
0.679094261969074
0.7169488405597841
0.7754983151419323
0.7158965539784559
0.5627940799354949
0.6099278257529727
0.6425563730844233
0.6921492046151897
0.7639654234854107
0.6693667952812391
0.6928272243331796
0.5679454224832552
0.7013651295984706
0.5805202610091025
0.6299030763364729
0.7179270839699201
0.6320659028640231
0.7133918414566889
0.6005910503952955
0.6799908139281367
0.6069111891773921
0.643775328042492
0.703291026817876
0.6756759260830933
0.624048210335055
0.6464486466991579
0.7301302680600764
0.591350688850102
0.7605959609480633
0.6344200332227835
0.6850755464833825
0.6587774012809868
0.7103107248854817
0.6461651669563857
0.7552248486609233
0.7259201458700839
0.7375419708127517
0.7472437276839428
0.8092950163449485
0.7351594834380174
0.6639575654675078
0.6547712738524789
0.6410633034730743
0.773574549869426
0.60585852319142
0.5608606629204956
0.6249076766260995
0.7522929629810525
0.7275578454873954
0.7335473147382878
0.6140276058474682
0.6533817406820367
0.5733374091022603
0.6288437417872793
0.690159499612224
0.7847372780924337
0.60237355947105
0.6809864521991268
0.7149870866491455
0.6415877511961584
0.7344955067571601
0.7540965487195311
0.7438318404679145
0.6260492129087502
0.7213189981123337
0.6182363658675503
0.6227720910986031
0.661153150362841
0.7546058074456349
0.6591763605384681
0.7053011313893639
0.6818470176940687
0.7084988662249483
0.571821180676145
0.6901947429285817
0.7454545602449253
0.7518550789369396
0.6789529349952317
0.6415976225260805
0.6993186639180374
0.6718922944505733
0.5687226152592875
0.6106044835542784
0.7139135402512027
0.7152173517029016
0.7318202016967017
0.6639896458725293
0.5308005334485851
0.6180840166475172
0.7600686403222857
0.6268313270289005
0.7744719935161228
0.708128135391981
0.5894035083660635
0.5930119872068919
0.6008963387500321
0.6314418698153622
0.6188753311127906
0.6702585547885646
0.6204364621616577
0.7119595494307901
0.7719960088103427
0.6364030375654018
0.5741055754267218
0.7697874421774532
0.701594608156624
0.7911869127340849
0.7151749740757329
0.7808038353254488
0.7146020527489698
0.756223409909167
0.7230922610285592
0.7022397498028216
0.6656558568786501
0.620732436427119
0.7709919979296088
0.7193927197793856
0.6737245861709379
0.7531182857802229
0.7500314730897027
0.7092527680833447
0.6198494706129627
0.791934199267847
0.756221986595627
0.7278391079399018
0.6399638246068888
0.6641834699362594
0.6702562318904252
0.6256358527530147
0.7625524029299241
0.6504663714392687
0.6755560139213627
0.768283371691001
0.6349245239577835
0.7037400956459448
0.7107784508114218
0.5559068564725386
0.6817815153668882
0.6012998712143457
0.7344410117032745
0.6781126095216107
0.6958069093685362
0.6863162067918843
0.7400668107553441
0.6107108435967658
0.6481822659973029
0.6776541547644287
0.6623807335752763
0.678795777362053
0.7641147115275883
0.7561338156464605
0.6960887219531335
0.6585304398871288
0.7400238385318352
0.6635251756461837
0.6474261902801084
0.5919597611750823
0.6022807152973091
0.7250294123781091
0.5874007498211445
0.7159775695414182
0.7410787260079901
0.8022356956317331
0.6320261690644079
0.7249033358497555
0.5932475769672606
0.6764846021733729
0.5737081669406655
0.72338847269268
0.7690640151625766
0.6942698733272072
0.7663425626891047
0.46690749287790395
0.6674898272343793
0.6685069498126608
0.6266954612417672
0.641801982412023
0.6871133744726656
0.661362373009271
0.7319648196455846
0.7082407225188904
0.5326395584350678
0.7718458159602557
0.6507101436176991
0.6713644919782307
0.686266501633241
0.6405436607091259
0.7302163601055246
0.6420162073449688
0.7020504262305725
0.6440406532072003
0.5575445116558162
0.6690329357016127
0.6780030612413687
0.6979129364296468
0.7675354231265432
0.6612304532674446
0.601543698812646
0.7825724929038296
0.8681553186240933
0.8658140632703291
0.6879592084774453
0.7008117780521738
0.5107526326677755
0.6685283210352299
0.6718968527231239
0.5834959611399253
0.6775670884415155
0.8008440491135799
0.6510688719170622
0.7433795071528188
0.5788005840456363
0.5971311603648822
0.6116072104869522
0.6961521469179793
0.7318565103803214
0.5628878451380294
0.658727538880264
0.5390147463769721
0.6309074038707415
0.6750054230240753
0.698390000978314
0.7543045597442936
0.6268195654754248
0.6567793585673155
0.6411215733923429
0.5669865623960242
0.6095819376098489
0.6373080806110507
0.7872479233954532
0.699884944392748
0.6825980506737741
0.6317273077335107
0.6555651063048681
0.7917203063482314
0.8257232568756737
0.6468751940134645
0.563196849089341
0.7051422294333188
0.6800062484696622
0.7073675957159641
0.6681310121965843
0.6973477759012425
0.6430302751211664
0.6812124811589896
0.6633128186723612
0.7418915796198755
0.6490375003828392
0.6232289545506762
0.7376921690882887
0.6448418298170445
0.7002645099213846
0.7359581847741159
0.714910070363995
0.8436575986261536
0.6062239067728824
0.6555756913784317
0.5122408460894893
0.6613813267561882
0.688182573177449
0.7810608221653071
0.7378476605692799
0.5986393965873753
0.6815582696681386
0.671826671440965
0.6956809639646053
0.7351442805300055
0.7486117681842599
0.7405918763533519
0.682045265774934
0.6122389515518742
0.6948469837671559
0.764842813687654
0.6222081498973174
0.769422898195475
0.5933558883514681
0.5974119637112817
0.6274679289742061
0.7587487246840968
0.7118157659132369
0.6831223874313826
0.6583293707800388
0.6089126046655811
0.6677687593970423
0.5479463271484467
0.7572430421429487
0.7637604371686015
0.6042081201180766
0.6297785284910189
0.6253246089141372
0.5955538557311407
0.7168124224632929
0.6381380060677966
0.7006012372294333
0.6234910352750324
0.6958468943209972
0.822945297509362
0.6553448047866305
0.5126563821085235
0.6468471441656071
0.6629306116061423
0.7275028429422493
0.7783607057512805
0.6888714861410448
0.6875714164555824
0.6045589215463549
0.7966624962734572
0.5883350796887877
0.5833430481882979
0.7632536838352602
0.667980800685324
0.707146102815756
0.753559675871155
0.6761089144938256
0.8230393247948574
0.6031337580161603
0.6943879066954912
0.6802512392069977
0.6476890048659799
0.7422654682512778
0.6834415373430661
0.6574499474171103
0.6440516273665805
0.6719361292391387
0.6417103767287119
0.7802956285527834
0.6999823039042931
0.6470322193881749
0.7266571615106786
0.626344369352546
0.6938189103193095
0.6475640701276734
0.5030959025071478
0.7688425199836223
0.5915387604323764
0.6515727629386842
0.7306019887356607
0.6430234545792805
0.6137363234868812
0.6138649885570485
0.6777503485855435
0.6618003947120742
0.5566942974019953
0.6733141060073718
0.7058532328033046
0.6092866926646322
0.7649057690720602
0.7140797922324943
0.715080999890396
0.6200519306154861
0.7502098930830168
0.6745401954257596
0.6881623655794611
0.6881458631516147
0.623585738627023
0.6847142633655219
0.7248008688572151
0.5890419572268756
0.7655301012316066
0.7850594687691073
0.7605888085140201
0.6319552548834424
0.6154092070487908
0.8647968061521141
0.7561340734761478
0.6325334194654773
0.8059313921659874
0.7424175794171577
0.6932088818616845
0.5500762051250891
0.6534646939275727
0.7385534174506759
0.5838097219504682
0.7741793505505733
0.7547564975437342
0.7058788433053205
0.7553724891255734
0.6409432720418712
0.7081911401101453
0.6487199084814518
0.6616080535591498
0.6256634992098745
0.5707133179010658
0.5674862512443547
0.6888281276957223
0.6335339594254238
0.6172149722035088
0.5949598774749548
0.6091678355032922
0.682056786409143
0.6913793986778088
0.7175066961559249
0.5524977206248254
0.7362360127067373
0.5713297706895069
0.6612435133086302
0.6228529417234644
0.697642265482978
0.6534316195328399
0.754040966668938
0.6118592031767333
0.6252951729536055
0.8079593933749001
0.7236355148604536
0.7376108352030308
0.6401872529420624
0.6670656627236031
0.7569240263906406
0.6116316188296812
0.6760796265215359
0.6988394816852725
0.661502655945377
0.7318435425311778
0.7616890237951034
0.6217494188919237
0.5204655683855104
0.5609477096601272
0.6733138308751914
0.6860082695635523
0.7706382831419758
0.7123916735040079
0.8276449932620387
0.6578155771667368
0.5931120972146046
0.5738443575067333
0.6601565164338812
0.6882417500168282
0.5418761179269992
0.7231993409487355
0.5706188202012701
0.5624935122025456
0.7005866838377955
0.6866353575760632
0.615470887977652
0.6164136097488965
0.6961331588913972
0.6721517465575151
0.6089607427151063
0.6719043959831658
0.6457005176199124
0.726384319160687
0.7810006781046172
0.656521052783041
0.7398817470855347
0.793012839577258
0.7258582760803891
0.6977484461541992
0.7409657043956198
0.7588293069836416
0.645766410883478
0.6611979790285168
0.5223359672527957
0.6599801514721424
0.8039502971276905
0.7894693961051824
0.6474269452066186
0.7140039669421887
0.7569637066494789
0.8224236696127083
0.6357596142158498
0.5948737816326162
0.8156230960829279
0.7639735453102222
0.7289933250836431
0.7451063483506917
0.7030548224641627
0.6881797177622787
0.6411543217855379
0.689042904544423
0.6144480367196554
0.6399075624032305
0.8146046851565895
0.5666624331878033
0.6881439883095285
0.6448695010326958
0.6491463507750589
0.7553998761617976
0.602306147864903
0.8899530935612066
0.6134564485257341
0.6834484759202545
0.6770989923677463
0.6821784646915959
0.6298220069576829
0.6123419437925999
0.7097568312178719
0.7378359463939699
0.7565992893696475
0.6428633615226517
0.6506713243171421
0.6964451144783006
0.6783799524343829
0.6819759906184334
0.6843610137938612
0.5901569881603967
0.6195212941165241
0.612864438904632
0.731845625999016
0.7159206179904151
0.739726135050552
0.7236601142065666
0.6114698621944851
0.6496029852372674
0.6669385211014787
0.668996204504903
0.686762108272104
0.7637298064654681
0.6779221219320687
0.759919056415534
0.6894584033948566
0.722974406353112
0.6651213524731027
0.7250217470213578
0.6279574300050484
0.9563164057552491
0.7601302752241312
0.671252869396099
0.5870720847494257
0.5419581656423832
0.6559390506476585
0.7357454503335203
0.7330434803227892
0.7206924248471134
0.531031785248891
0.6983745076529122
0.6494132226837391
0.7311074138054089
0.8157683036262171
0.7013209176121701
0.718999449888842
0.7282822647635768
0.6975020473806132
0.5504704021267813
0.5928608256652551
0.6893899624417483
0.7098132131546246
0.6621528550678626
0.7268181944503173
0.7214969067940951
0.7155542365198955
0.6530196229344895
0.5579660959709879
0.6459396850508066
0.597761549435721
0.7697907358395386
0.7628069969949482
0.5901706918713455
0.6865241236311495
0.7414285260652388
0.5868549420313666
0.6605757612433137
0.6795993521270614
0.8058369748559473
0.6332826752091676
0.5858656113077542
0.6462605643474456
0.7092527633564867
0.7273150233586413
0.7713316282200138
0.6481920024462139
0.6463104028700574
0.373065513415805
0.6689644347220801
0.7726013766854419
0.612555867224737
0.7694678811057278
0.7755646711199111
0.7514731699034788
0.6468982476823283
0.682301427097794
0.6925131985877515
0.8390880907822126
0.6756704928173696
0.6218712825321927
0.7068710208476244
0.7032180226574894
0.8249317513529499
0.7602572988975881
0.6714041342097369
0.6495215707096601
0.7712327960360422
0.6565771141394668
0.656507703729134
0.6335017946937264
0.5762474668213561
0.6552680090831084
0.6583466334396627
0.6561865196537896
0.7491806067732495
0.6887758756375613
0.7638325541975004
0.7332203366011069
0.7893185492396954
0.5495641007375552
0.7212818811720483
0.6065375075145397
0.616846604757773
0.5393382634030446
0.5995070441604525
0.7495516133942559
0.9046464307364337
0.6685442742513635
0.5768377082602417
0.6936073929707547
0.6960889472739397
0.7827026032910985
0.6451942298233334
0.6990047608932763
0.8217813643442986
0.7118782230555897
0.5649615610067262
0.7163741536380254
0.726686232142231
0.688175542029285
0.7935749615033512
0.6267885588271325
0.6454065061681195
0.6382312214027456
0.7374958932346027
0.6607994923335924
0.6953108456501634
0.5940334662229523
0.6025725815461206
0.6117104217785024
0.608951233247633
0.6919101531722562
0.7374089491591123
0.7907001421249469
0.7148393202381456
0.7642348033430301
0.6169814226467623
0.6284259255406465
0.8031937128378362
0.7078276327178304
0.5960163407677913
0.6428384950016933
0.7720457131444435
0.7463361231526067
0.6065646304925855
0.5756925169665735
0.7794182054613941
0.692157503959685
0.740717582024407
0.8558547330472532
0.6439467831136693
0.8043973307303532
0.7481370971575474
0.6633430976304969
0.7778039517722162
0.6782641484976053
0.5854957904102344
0.6959916774620993
0.6006072045375449
0.6095058969604071
0.8335166148684967
0.6930061173644853
0.7473086284016516
0.7012448107395887
0.5816443447441788
0.6139211395867762
0.7786714486936336
0.7443603812069798
0.6541396786822179
0.7243526815525954
0.5695090220580663
0.6913822406664125
0.7170546465359983
0.6570027117558316
0.5960684924115451
0.7432275814182222
0.7917741439448328
0.5767112111141817
0.7158220924473243
0.7725931233288271
0.6701746284142749
0.6759788231514193
0.7271610305904861
0.691004465352113
0.7521607914222567
0.7147490535684339
0.6814598749260843
0.6979679813689723
0.5753491358944168
0.6795157781288309
0.6032145443047066
0.7246294025200747
0.6127390629607793
0.7280095283397993
0.7641460592140531
0.6634188863851436
0.6000331855078793
0.7090365355441247
0.7117851313669629
0.6770495192998691
0.6827431503111093
0.8982354913935142
0.7452612704245605
0.6893361589207784
0.821893952582351
0.7848970623139224
0.6428165886181757
0.7367608125058197
0.7234912008501254
0.662104873172143
0.6774811776325452
0.7758697551969248
0.6926691860314707
0.7049618321401651
0.6143254270779234
0.6731090890886161
0.7662266906811812
0.6011638251085613
0.7918513367428966
0.6908137874710036
0.7130690255637806
0.6559192076184637
0.5963774619514269
0.7036254630495997
0.6157331287508221
0.6917746310118507
0.6733023354463541
0.6813917558137047
0.6901641260007065
0.6314462635319453
0.7328256260553961
0.7119539140408163
0.6121295492556772
0.6411001458239767
0.6828502112722664
0.6936481641983976
0.7314368028868923
0.5904428951265553
0.7127899982699163
0.7308316163293865
0.613097538569629
0.6833454680409415
0.6660939092277273
0.7712344288421493
0.6804113941987507
0.5738628092495127
0.7101792892117276
0.6125919563754955
0.6425581009899457
0.7565431010222583
0.6875355190231813
0.6929084311325246
0.6800367752846143
0.6238589713413154
0.5904917929555187
0.7500480708604284
0.6240277902723028
0.646972948511789
0.8060844260159798
0.6747867055584292
0.7372510806994238
0.6308966911214259
0.8007952864050998
0.9162067544947903
0.639915843586789
0.6190478002748923
0.7018333751537926
0.7609702020660366
0.6597396306283593
0.770644926111488
0.629668078169725
0.6623308176456186
0.7044053186486902
0.7378129647578154
0.5562674876565348
0.5755919430530693
0.7223799609241364
0.7283181238590527
0.7396275348795114
0.6937489117112929
0.6750486505558971
0.6199718386348627
0.5381535552942686
0.6411425503869516
0.5466305849326988
0.6817052328198744
0.6904866722674236
0.5966786864998816
0.7778099466971083
0.69035678131839
0.6398285960412194
0.6291299836550465
0.6425498334457558
0.5837867768669152
0.7317132961412538
0.7923941095918929
0.5731614545966387
0.6961513137022594
0.7613075062489282
0.7657918207833048
0.6699793701757875
0.5656313851577895
0.786397400455781
0.6237053329181714
0.7517573075418849
0.6331054714489643
0.6371858367049069
0.8172949448573769
0.7448706954151383
0.7221025640413665
0.6724796061256578
0.7143268886145573
0.6735224247376365
0.6930521928937678
0.7066266984532038
0.687277077263223
0.4831977816801707
0.7570360059287798
0.7313071162045178
0.7568033120918877
0.6108458823567818
0.6007659781581014
0.5245325523426868
0.7403400211186697
0.5724093760750032
0.7042141739927343
0.7311670499714704
0.7282473249913353
0.7658240593117464
0.6175100227617449
0.5812316266099359
0.6959705220091013
0.716464437576486
0.6670871395543866
0.6420532534635911
0.7061446906224879
0.7109936202829892
0.7234056782810144
0.6237110197118059
0.6504239443096477
0.6915993099131462
0.5914309330753781
0.6983096868569708
0.7471454223605422
0.7551462034528331
0.735002936616312
0.7277985011311415
0.6397296342163772
0.6080534743765276
0.6529320451571605
0.6994371438013739
0.7195725377941847
0.740623889878615
0.6241158981517192
0.7253032703325735
0.7331014423923417
0.586623436915928
0.6759903957524641
0.6909872009397268
0.5761726977971936
0.7423677053983283
0.7166297043731047
0.576262645666962
0.6592326424201272
0.6871127117125723
0.7385637054968488
0.5716109365077117
0.6352551031764975
0.6796555465651234
0.6822475520334422
0.7343029894779877
0.6604149488892531
0.6312270953875054
0.7348631094360035
0.6817582484747412
0.6524942416263785
0.7184860230755901
0.6195013974012576
0.7176642395837975
0.6834038416003091
0.7250802328894416
0.7039186998732637
0.6648055710111589
0.7037292077579232
0.7086606627355801
0.8115945558320513
0.71027996801083
0.8351988626672493
0.7033204285117106
0.6395687259315919
0.690807984601741
0.6826044599259635
0.6612759484119862
0.6952802173007204
0.6591196337239279
0.6719498047533227
0.6796746639712055
0.5962509769418738
0.5892207652242245
0.6658189380816406
0.7211416104561291
0.6487265153528049
0.595348441817473
0.6607713358925311
0.8013550383245863
0.759273888918099
0.8173799091727832
0.710955658404879
0.6338283337331512
0.7795329491518076
0.6493401620911073
0.6525228608786001
0.7418094469788806
0.6982699806867745
0.6092402283371939
0.5790144004598208
0.7545187106103681
0.72641633269678
0.6565368846406079
0.6844292980874124
0.5290227824712833
0.6683145218227733
0.6598473861875798
0.6239300835737295
0.6688278731128476
0.5951908630422323
0.653544700154661
0.6890681632173613
0.6461590296172405
0.5357270483646447
0.6169733513183353
0.7753139291855453
0.8085170709186748
0.7266041637887972
0.615933625935952
0.6158599806322238
0.725695501779537
0.5859274828775888
0.6785977429351756
0.6090401352352647
0.6106757405271499
0.6998838063614977
0.6567413297906074
0.5310209337016432
0.5767199719346534
0.5942252340543642
0.66249472361914
0.7340284353618343
0.6928512040866033
0.588826717779125
0.6357316964763959
0.7300590707458126
0.6164677038624076
0.5786542339504941
0.6296269556148355
0.7406627810127681
0.7027161162559102
0.6863850336947346
0.7298070145755504
0.6073234757782305
0.6585135934457323
0.7601393831213566
0.6529065952577305
0.6362409424158236
0.8116303522322174
0.7587276581605689
0.7092359021279416
0.7069316804026866
0.7577901416943724
0.694955400241195
0.6679582806948056
0.6967080621251784
0.7018523938945239
0.6415734391329835
0.6057737673257234
0.6839591464084999
0.7216558415827043
0.5820676242246149
0.7795478038207996
0.6342342813917757
0.6378037910334462
0.5998444655605373
0.7300586852840613
0.7448687740194353
0.5980162277400388
0.6849461298273866
0.7275404661222606
0.7086419106544527
0.7352519665391726
0.6036090389976815
0.6841691327054007
0.6456631825628721
0.7256715325265902
0.7030352570566063
0.7263842826168729
0.6790011237385741
0.6945996751087221
0.7329735880295392
0.5925484982311944
0.6760312611910092
0.6713394771598413
0.6437863777845207
0.7395690847975356
0.6243788051255095
0.7062749788243732
0.5057031301147266
0.6427493183563234
0.7286595315459135
0.7802250335125609
0.7019183487096708
0.6194575274471853
0.5431738551829389
0.6417157319526646
0.6687489597143502
0.4832379882742222
0.5579654221139911
0.5525519290142946
0.6140082711861528
0.6127172373155277
0.682562767633069
0.6676479414424981
0.7457329449342689
0.6377952228813767
0.6333758720133894
0.7001106543803238
0.743270508903505
0.7235769129493616
0.7162639445585375
0.7646444863820168
0.7145927715674096
0.7113196337377593
0.5938381532301967
0.6573236316517524
0.6391030902567213
0.5809885476492869
0.5933287197694624
0.7029940028399678
0.7333631358614722
0.79847279212491
0.6506002543451183
0.674079566520505
0.6318289341102316
0.762924153484404
0.7292813748620294
0.725951439224494
0.6752571197359446
0.6381584046162861
0.77594002897812
0.6678640862156949
0.6755743346169366
0.6031975283879892
0.5788219451962782
0.7204592757044079
0.8110676922513818
0.6174322749217517
0.6724446238268575
0.7604804166961127
0.6919692194706741
0.631341736577348
0.639545105240199
0.6182431680458252
0.6087082218774191
0.6720677392823595
0.7361171212277966
0.6624078309366439
0.5939425956851393
0.6907484573531649
0.7413762991524727
0.6496911505286338
