0.7413001013976813
0.7928603692915132
0.7148027469866467
0.7094773266578726
0.7493279509233349
0.7434125885738405
0.7181677215612104
0.7331774189944381
0.7342089063511761
0.7317269905026504
0.7078769537042975
0.7204885339275582
0.7007503144775166
0.7037046978378099
0.7626844063809457
0.7389187451976962
0.711547134150757
0.7713614011688478
0.7332701596733185
0.7357606491836112
0.6972983545012615
0.7259956428214924
0.732373850968216
0.7345870084846502
0.7753730812479024
0.7308477306737121
0.7560397480444692
0.7279463299498683
0.7125809018347077
0.7091424783853584
0.7270546790654533
0.7384060825678969
0.745537575625502
0.7618924189499438
0.689041982109486
0.699103563039011
0.7371960606284538
0.7573253005816036
0.7245819510719095
0.7051598605123216
0.7240408135422007
0.7756990542604378
0.752468883792268
0.6925611341695125
0.734009037647257
0.7012414305098124
0.6862766434297987
0.7296533849486242
0.7247681560002681
0.7460939080035613
0.7170794737491826
0.7099709908701325
0.6772353291928116
0.7449310573764061
0.6533346213470264
0.7324002263408935
0.7713681126225631
0.737429347320032
0.7291932710518123
0.773233400909801
0.7602079702414334
0.7052814056838542
0.7095810128842509
0.7600251946549009
0.7320666896439503
0.7127038663928211
0.7610359904469247
0.7009283301977048
0.7482159980821305
0.6854541828691851
0.7351548017298706
0.7077351260669431
0.7102832711452165
0.7165555473135578
0.7400856168657839
0.7760505348116956
0.6975271956764387
0.6969373521896595
0.7230643810322744
0.7001203694020465
0.7393746914930102
0.7111906039350689
0.7153590112137709
0.7486031779410118
0.7409908970135346
0.7138339038493919
0.744500202565185
0.7288367487646698
0.7535250720683069
0.7377008119816684
0.7222005220855978
0.7275432741677099
0.7320232202703274
0.7332875941410688
0.736705878583855
0.6467942828312351
0.7481382502987267
0.7195969648933218
0.7204799493371095
0.7433880277910376
0.6771584085384902
0.7518563286399824
0.7497745523701882
0.7068800315838694
0.7255893844065496
0.6897373399760807
0.7232469680560405
0.743620681002062
0.749891095608269
0.7351561165200088
0.7158473239648204
0.7373545307939341
0.7152206192312744
0.6925309342143485
0.7457233187403318
0.7334018830758008
0.721829014282348
0.7252311811435964
0.7009073711300943
0.7692039479417963
0.6972583736523109
0.6655214542504485
0.7249435294471163
0.7366124294754047
0.7206201129165085
0.7349506191386252
0.7375206775939332
0.7338041034014435
0.7320250592676112
0.7253458362084458
0.7344853613380089
0.7243875287995353
0.7526026652115988
0.7295917973147439
0.700379661638152
0.7519450031350796
0.6922561253659576
0.7162124029107193
0.6923947709275159
0.7248491922280009
0.7311655377065255
0.7416133423991342
0.740451324892778
0.7082339201119684
0.7411311675557962
0.7076483568276531
0.6989619613923205
0.7301356640684528
0.717372995480905
0.6984998136020875
0.7027440971239031
0.7567792011710425
0.7169411943583699
0.7305426159705923
0.7677250207278579
0.7037680355729657
0.7168061718951759
0.7242133315231676
0.7244169350403193
0.724850420707497
0.7248374840308371
0.7714862990728915
0.7318619190966049
0.6991423390552768
0.7442411135649759
0.704222706787763
0.6942464377150483
0.757382216677239
0.7246942093547163
0.7620660208351209
0.734529255292099
0.7487469462901132
0.7320642970798734
0.754540414574091
0.7730875879872818
0.7356586768418534
0.746125833229364
0.7466157610185172
0.7089756205434524
0.7500184743491581
0.7459758891220929
0.7185998635612914
0.7136072947771842
0.7073545734262686
0.7738585287600529
0.7382565152175331
0.7015274459614598
0.7354791448549103
0.7169711735290221
0.7494837548935173
0.7194762648446493
0.7431223057014198
0.7335318475783676
0.7198435692066752
0.7412409789496117
0.7048129732498174
0.7683399672142903
0.720854642493158
0.7470743714691238
0.738405582070848
0.6675800676242308
0.6939688431792982
0.7080664261788061
0.7440718589670202
0.7361812501010719
0.697922977557558
0.7308400856002294
0.7053038124662363
0.7479143112166879
0.7340016836954547
0.7041118136914268
0.7401852481691696
0.7390826456591465
0.7140301008154696
0.7433378439077571
0.7590608173248844
0.7045648447188724
0.6872006936024899
0.7569349426972859
0.6977910886201376
0.7383193087250902
0.6955880979316539
0.7205656319679872
0.7170923452512188
0.6710190227769793
0.7495208268776512
0.7002554001530376
0.7505352368560857
0.7157731995978724
0.6969468805161203
0.778563967418226
0.7237917369735768
0.7312493294594035
0.7048268431518566
0.7645009521655421
0.7201623367546396
0.7568622846265378
0.7556813662394178
0.7284403047965518
0.7323980115025855
0.7643927408218788
0.7153896789021438
0.7606674713184999
0.7480616065821485
0.7000356346123492
0.707287632321994
0.763945660546316
0.7231455997652648
0.7343706017803358
0.7237915797821752
0.7290850345747713
0.690883504718918
0.7480497556106387
0.7296227546146047
0.7557516213217393
0.7502273177859397
0.7071926486958456
0.7286309279543554
0.7044646062905815
0.784828804909211
0.7476814506717019
0.7119621469530042
0.7358342213223659
0.7086594236154742
0.7509606218457999
0.7220017968421754
0.7568687514323003
0.7467071783897448
0.7397170800652941
0.7373519161268594
0.7608053472688698
0.7383607679163586
0.7294034420314383
0.7102852167234356
0.7472611646632877
0.7728202352551303
0.72282713438142
0.7282239785183661
0.7147380123389975
0.753648394835064
0.7336626678457495
0.7251851379078648
0.7168525784378467
0.732053424481611
0.7362670957713012
0.7549444594024448
0.7654305889837929
0.7584085799696739
0.7255073193273724
0.71315487049262
0.7478957137052673
0.7225789000576904
0.7210696712151992
0.7473108147109886
0.7181738650197
0.7342617906019694
0.7580430268061422
0.7063764723154632
0.7403472302631322
0.7328293704623257
0.7255135983561597
0.68051340483049
0.7110833862997773
0.7060903899422394
0.7399117534257117
0.7451207591225675
0.7110962932860769
0.7447688928575309
0.7096188139237173
0.7350014273024215
0.7148474980891117
0.7228776300701456
0.7105789692088705
0.703807004280672
0.7097952560409102
0.717138676464571
0.7470465771206042
0.7538858781773908
0.6815924970320569
0.7257561404918228
0.7219921926340669
0.713795587821442
0.7352425837106307
0.7206266828231966
0.7113771776870766
0.6979865762604499
0.7550404987151443
0.7059107892040116
0.7436556095636722
0.7347530787585996
0.7486888296371401
0.7478461787854185
0.7398640986065577
0.7053786065023204
0.71103852914331
0.753054988170685
0.7279643476837876
0.7062556435681684
0.731857489835797
0.6898024089112591
0.7668145560446641
0.747121009117573
0.7467365848471029
0.7546086654133027
0.7361605318573857
0.7214335193722312
0.6840356672409361
0.7325370348666312
0.7219279884999806
0.6881313576103998
0.7146482202456906
0.7708575912162675
0.6660968473285628
0.7440401907025076
0.6783776996731302
0.69877107692401
0.7243005998680919
0.7546340112870042
0.7193257208912082
0.7132995866916912
0.7239908677835428
0.7546319155718116
0.7428268983496988
0.7142851345606295
0.7169056166088832
0.703825734971424
0.7493099040326947
0.675110511117289
0.7051184234813835
0.7295617673719987
0.7145273466946607
0.7481155058481139
0.7369523773575233
0.665696318884876
0.7239397794216292
0.7236242772826168
0.7401008903942423
0.6900511761171614
0.7397879048417764
0.6758528197780934
0.7064103649225874
0.7531372495245221
0.7226238677469459
0.7159036823062461
0.7057162543606673
0.7671442817290473
0.7163002586348366
0.7058317478683449
0.7248254715270558
0.7270435697922927
0.7221166099837037
0.7522022385757716
0.7137766354944222
0.7879179740211524
0.7017059280120813
0.7821779883835359
0.7149712332813475
0.7678973248901994
0.7187037722138697
0.7209890677346844
0.7368962889157841
0.7287717839982125
0.6954192220300117
0.7214358970675047
0.7206620121366624
0.715342128355896
0.7187769110361366
0.7559000893526676
0.7442485090121803
0.7511949641081281
0.7317713817638355
0.7579100704795536
0.7173124459164546
0.7377897686013275
0.7033850647431205
0.7235428810397624
0.7339759738705689
0.74637874390749
0.7048739546047181
0.7372883377827223
0.7434410595588741
0.7373072978944412
0.7482289829755049
0.7234960624808874
0.7337949156601697
0.7634257720790601
0.7422395212563125
0.7354829851777461
0.7201287829211821
0.6979588116028018
0.7255560870860263
0.7265002107021838
0.7164514200792338
0.7735430227567959
0.7096273999461798
0.7380084211018234
0.7230774804251808
0.7207830972350628
0.7436905534561395
0.7307485765027136
0.7417251702166927
0.7191890549322565
0.7218560328564692
0.7182971090404979
0.7261325782341149
0.7543909545698658
0.7719758320575713
0.7042633286091015
0.7322419157461538
0.7591428646697465
0.7625663101425852
0.7219119267529179
0.7351977993128613
0.7137573184489219
0.7241895646105239
0.7186395585672095
0.6959127709189981
0.7258934717141542
0.7339924806203333
0.7263618966168874
0.7234991007251436
0.7059707451562424
0.684179889276642
0.732703677336038
0.7242174095285714
0.7517928502045542
0.7091779186667194
0.720043144650505
0.6837979871052285
0.7062484086507776
0.7750128007186051
0.7539328883078806
0.7147406559346152
0.7450542819296847
0.7399939162559114
0.7119122444417555
0.7280943231515966
0.7264204725649359
0.7455096260434863
0.7103271984557088
0.6810973742045129
0.741737475030994
0.7097456413144697
0.7376706928369327
0.7867006796382018
0.7563607060987915
0.7439362616412337
0.7325334937161507
0.7053588915321624
0.7715521743687063
0.7158514503648015
0.7203521157410606
0.7272892030055285
0.6996828392518902
0.7165010071561426
0.7381522215691404
0.7294211876973369
0.6766756246842738
0.6622652047746362
0.7713985341867705
0.7678153527479722
0.7439692845440454
0.7392584880100183
0.7089572491642956
0.7521720094283859
0.6790904491025117
0.728991307564099
0.7277180618364274
0.7249860560516934
0.7396614298333898
0.7304900958777736
0.6909361105225577
0.7330006787370952
0.6597102052313151
0.7152902209461807
0.7205431196317681
0.7251802146210822
0.7531745858791534
0.7908832258976686
0.7127116972123254
0.7341747058507679
0.6981225446065847
0.7192555750627618
0.7657212549038317
0.7503548582126998
0.7226915200782486
0.737393336349903
0.7089704286073029
0.6876103019620993
0.7724644576185731
0.7401598396712165
0.6986909921338667
0.7075398058924061
0.7433965859124602
0.7159542968811864
0.7749503479007704
0.7409259488898928
0.7568523050694465
0.7273220406502252
0.7375856164481651
0.7221863511506259
0.6889047740009974
0.7101198048031022
0.7068597432460985
0.7225946798589437
0.7373410993173295
0.7057099698523178
0.7126621205840311
0.7352037841008753
0.7244670132765287
0.7327786120309253
0.7377629984064771
0.7314485831869334
0.7845518519768119
0.7368795768143632
0.7485387554879571
0.7619508526144001
0.7290363081664158
0.7223137316396773
0.7169141173611232
0.7084473012432316
0.7283731933470962
0.7387456494739597
0.6943366587792822
0.7499357011382498
0.7538438636833878
0.7419157267041876
0.7505541781338585
0.7202662880598735
0.7695195891558791
0.7292560729771967
0.7353169728045319
0.7237681864469848
0.7372414329106013
0.733147109800294
0.7630449657081846
0.6905215173052525
0.7144157732611408
0.7525046720111468
0.7375492983738848
0.7649307164711363
0.7287058177582091
0.7303711317721939
0.7411277104885835
0.7681577879325534
0.7634290987194038
0.7389094170212525
0.7343115972888195
0.7674912333453067
0.7169352183527445
0.72868472911229
0.7389024039037396
0.7512211382657493
0.7397633392586943
0.7086135029849278
0.7491839479178921
0.7418577693800606
0.7437339151279346
0.7263493307213098
0.720001767979439
0.7324308829940482
0.6970595878152301
0.709912414487355
0.6976785482561566
0.6820790047287435
0.7186740168609798
0.754419798847106
0.6964571836424315
0.7475719727693491
0.7622143191921249
0.7290144863341435
0.721861319355884
0.7405597622866013
0.7024104424281572
0.7231231983624093
0.6911953411464745
0.6671926968586512
0.6953591339692373
0.7369963207263586
0.6966519494795608
0.7478892557560829
0.7227706396411807
0.7392835812047044
0.7264744796773563
0.7041139216073131
0.7504202073717389
0.7473538201296145
0.7239702204509277
0.6920032728425859
0.7394791824656317
0.757100031431263
0.7196778511940747
0.7452330797427158
0.7287896978357322
0.7515949008234242
0.7125050526918163
0.7384855782718256
0.7339299978709017
0.7377142933289274
0.718464411595699
0.6906956105839355
0.7164098806016822
0.6877995125854562
0.6999571489166989
0.7277856573207911
0.7430308889862521
0.7265653853360141
0.7406652965723118
0.7446710753952626
0.7499336720223896
0.7471096837546254
0.7293121665407041
0.7324929704575318
0.6917504085495242
0.7106249755860106
0.6881717372935263
0.7642049983642083
0.7169790287119977
0.7191634908184501
0.769650707239418
0.7160065257793444
0.7221844646935197
0.747583567317778
0.758364164842199
0.7604271459101953
0.7433316886224778
0.6874295589380264
0.726533945771344
0.7508760372372707
0.7629043529244146
0.7120083990425702
0.7274287056241368
0.6944125347421736
0.7307585262099942
0.7044003312839755
0.7375847713659406
0.7233540726221899
0.7148682331811538
0.7042713866465807
0.7398440130087446
0.6926912452199113
0.7324986422907619
0.725176049262229
0.7258806256498029
0.7476775354652417
0.7384029188458997
0.7429336018125833
0.6934799329860941
0.7151941593583089
0.7410859109521837
0.7435384580503415
0.7109830506290166
0.730639155525853
0.7623155778499935
0.7118575196036837
0.7425651845597747
0.7253818364775813
0.7453158201667515
0.7627463965997356
0.7469936390877259
0.7077063042793159
0.747269809656713
0.7415718606682207
0.7334693021098067
0.73367747684201
0.7352085349749704
0.7493807457591717
0.7684440039005522
0.7322574956103544
0.7304287398402383
0.7712553921212646
0.7018201146702916
0.7129375988828056
0.7397497731226504
0.7083568300967817
0.7419736973261141
0.773455012476683
0.7439649397647342
0.7216870189539871
0.6910439024639449
0.7197925887371879
0.742970171249318
0.7182042139233603
0.7457808468383792
0.7195965783141967
0.7191942073140245
0.7559799636183996
0.7195814722541423
0.7152736674310108
0.7471223725511963
0.7463172645336402
0.7566734302525407
0.7359005180606173
0.7359755599020594
0.7416371187767409
0.7283784141756373
0.7466896901677801
0.7361528445938935
0.7412887780051631
0.7200142214997974
0.7138167504141383
0.7309411962874746
0.733413574646214
0.6990317736744338
0.7425040814989797
0.719762108996703
0.7489291363520086
0.7241886759282239
0.7055305769070802
0.7376772194825807
0.716486476786598
0.7391156979241476
0.7032789331613838
0.7143099766338615
0.7270953684703946
0.7376674470061705
0.7641872991753927
0.6855597269189802
0.7353978882199621
0.7084550628989174
0.7202549923031232
0.70560983921734
0.725925643757465
0.7513838011160591
0.7698171310802081
0.7339399872307542
0.6848553959060611
0.751030431845281
0.7127637787949922
0.7370191316350121
0.7322019711126477
0.7125968211474961
0.7547168856884703
0.7276698246771949
0.7043201505335496
0.7207001403082708
0.7528118905104066
0.7141040476069404
0.7211707081379586
0.6754630873361883
0.7195281645675418
0.7215294461206141
0.7139435167346614
0.6997743848192407
0.7288170790450708
0.7219755463828976
0.7277875220479865
0.7418522403172142
0.6896879077398996
0.7555643168563277
0.7502641755736066
0.7448720805722974
0.7524249786920931
0.701326361818992
0.7254858412760764
0.7169852729539292
0.7544993373450489
0.6966848060628719
0.747324330770271
0.7118434489171088
0.7502495922120029
0.744264771713467
0.7177098674766961
0.7559061440284067
0.7411909177931931
0.7195477211706371
0.7437429307479679
0.7682243566242595
0.707901860106576
0.7646337240999908
0.7255006475066949
0.7404382224641157
0.7473164853929447
0.6781056360838176
0.729157081446375
0.7526022531873722
0.763235961744534
0.7578910729336557
0.7176926400644477
0.7025006074541144
0.6729876521386997
0.7139749593607356
0.7312542656095685
0.7104448335271366
0.7079238558604691
0.7266907850397952
0.7095288759297386
0.6833347442535974
0.7623331051257034
0.723420382853804
0.724105619272991
0.7477716747587422
0.7438445171881934
0.7589877071217241
0.7437094460916043
0.7202654605719043
0.7009227363906538
0.7380500697938612
0.7560589671984402
0.7315285978725146
0.7350154266519114
0.7394112268003361
0.7495637100949155
0.7197164222035412
0.7261480349619909
0.7291300716374133
0.7056650575145222
0.7570602506938281
0.7510696212659816
0.7243396819167955
0.7362607257609597
0.7274833669184999
0.7223527146434567
0.7068552883395135
0.7697080448828905
0.7033643049603863
0.7254701365349453
0.7492930523161572
0.7363842924469373
0.7094343800898907
0.7275164295928981
0.7521848988009494
0.7452472683542851
0.7490162252067124
0.7179791735769394
0.7365794164475441
0.7326023382062559
0.6898759564647712
0.6976958862490817
0.7215201767573933
0.7319301153512062
0.7101526475240793
0.7036179308936571
0.7022225502083409
0.7331710931620529
0.7425688844742719
0.7180157146589716
0.7321349750553893
0.7869460426755097
0.7390677570244449
0.727856884091852
0.6972583587694982
0.7086285944050351
0.7132571610740102
0.7599320101187077
0.7226964955464719
0.7201777951572287
0.7089993196507117
0.6975275380304372
0.7600422334219821
0.689058399180142
0.7140144697264552
0.6955930900363391
0.7431610673975626
0.719245074533638
0.7697940120348779
0.697982400040749
0.7442815633428276
0.722815852450247
0.7419711776932633
0.7213601444307758
0.7251237844119659
0.6902362530689435
0.7131486134574708
0.6879976602951946
0.7560912755535318
0.7319769505424565
0.7209815285649789
0.7125661300151487
0.7145563444052558
0.7456720824239166
0.7309229163211693
0.7219639320232601
0.7113036265505096
0.7417145427516824
0.7100602050352665
0.7193793397412733
0.7124226765089209
0.701526879868845
0.7556264160290516
0.7390993235792596
0.7558438490607801
0.777593394028026
0.7191693159203345
0.709521301597013
0.7569573769581324
0.7198074139911621
0.7474680930255002
0.7098652280266665
0.7052501442232978
0.7240520512450579
0.7136727116522228
0.6918650946262481
0.6805144515920384
0.7027034890950511
0.7090813062448952
0.7397322883387865
0.7267970459333386
0.7354914246869648
0.7922616620662002
0.7741110391296169
0.7570896789957832
0.7704906678079804
0.7337834646276341
0.6913277720487664
0.7352957395593155
0.7201722117248575
0.7360586293225398
0.7047559304703426
0.720924880995818
0.7654028182350051
0.7817605309458006
0.6980426033998249
0.738601824693045
0.7595815023202939
0.7480898813961656
0.7320019584405056
0.7392064809589134
0.718449520969216
0.7279842590983348
0.7443507837741905
0.7392329054337563
0.7148499385494972
0.7248963864969108
0.7398892687624196
0.7393639913554958
0.671727516942429
0.7215042760616306
0.7379534415204964
0.7114540391028996
0.7506009538453545
0.7316104337688585
0.7578252875391238
0.7317329958219625
0.7548089250383715
0.7367322838615877
0.7452390945681879
0.737187780156457
0.6904386231004297
0.7223834528295218
0.7371870047690039
0.6997786647791123
0.7745849661754217
0.7044040955916301
0.7186319788034721
0.7239068972240809
0.7131073326337503
0.7213492677859261
0.7649796894394286
0.6902892033488754
0.7472005276943938
0.7539406924595934
0.7610240033885327
0.7496483736963079
0.7331677857217437
0.7414021171785891
0.730647899201694
0.7542847809276093
0.7379255835574585
0.6794463636217358
0.7590906563804335
0.7308154259469258
0.7261826501864996
0.697803803570966
0.7507526812119335
0.7697082602592312
0.7269898847325231
0.7244337232725216
0.7397995807248716
0.7608719992895823
0.7113397435049222
0.7322459673602248
0.7575110613967826
0.780419008832126
0.725384013212494
0.712209281361352
0.7160060836358196
0.7279626338144123
0.7145263323872132
0.6837150641293608
0.7150598121783137
0.7044242438897536
0.7404238746551085
0.7242920677622194
0.7760115162562725
0.7118775010712036
0.7256080079805038
0.7379474018773639
0.7683235815213969
0.7233259307543094
0.7114533736488272
0.6906710299206805
0.7230121615701807
0.7473970430052408
0.7365147487345141
0.7076987029369279
0.7223772324526516
0.7561927819072872
0.700296644263431
0.7191993509081079
0.7393425423332859
0.6653974336408025
0.7031178460951527
0.7254026079555791
0.7492797632100148
0.7344684709418267
0.7705216661928557
0.7758575548361806
0.7435809182295149
0.6955888140788704
0.6980285642291199
0.7002360391514341
0.7058176802204488
0.7092570094895544
0.728761078134665
0.7831479117752991
0.7589182952921575
0.705893788810897
0.738410348217367
0.7544240251754056
0.7363664320890718
0.7157289382065432
0.7438689950897421
0.7198499577557533
0.7245357662931862
0.6636563580760289
0.703818488291648
0.7182490248080299
0.6984657446280381
0.7224147434084532
0.7566911790789788
0.7115729986418793
0.7346761542287027
0.7394657265390001
0.751214545188721
0.7707245062137648
0.7249061277882666
0.7076238085195483
0.7120001988372332
0.7144181941879993
0.699631133985612
0.7070309727040941
0.7206258601950314
0.743402641864455
0.7280673683313932
0.7239466454406882
0.7161687754564038
0.7175909793870711
0.7444269482281676
0.678035350321646
0.7281811367109283
0.7017807476433195
0.6913313022356533
0.7183493583565325
0.722143706519185
0.6946588090563081
0.7314806808964374
0.7253660199703603
0.7512270666590926
0.7266672361169318
0.7482106422085734
0.7313359095297947
0.7229986337233594
0.7298986348771985
0.7157774313046948
0.734305509795647
0.7260591462257908
0.7388748497051223
0.6756667015657677
0.7362854279146069
0.7327780902565685
0.7328313945335891
0.7136428330442123
0.726593750447851
0.7451718239362699
0.7138949476118482
0.7272326666072041
0.6791081986362344
0.74683630269367
0.7143793405010502
0.7121032305674346
0.7077096311806353
0.7107640038823084
0.6817371294367932
0.737667595564812
0.7608740059374114
0.7677797232797566
0.7374655719699212
0.7009259963713479
0.7042309179875778
0.6745909232793237
0.7200010217352875
0.7253622677921723
0.7513703699939875
0.7500993072314168
0.7170708605691181
0.7164542056373171
0.7701334289110799
0.7054826796110076
0.7229119617378351
0.7216875288480219
0.7240518967788074
0.7442825224755267
0.6988142772571518
0.704595497682495
0.7254707227094606
0.7112176750718139
0.7250514823822096
0.7214198573894925
0.7441826707311826
0.7234539395290699
0.7258226702533705
0.7524685468934944
0.7812323538321586
0.7304634797236707
0.7238735891745854
0.7580124472763492
0.7129194631898979
0.7304515013107591
0.7219604227722729
0.7389425250373576
0.6962001045896652
0.7689026106013933
0.7153748190540196
0.7241803619480617
0.6925071306214012
0.7335257963850009
0.7145834702430798
0.7310813785287598
0.6981410236527076
0.7089939180501138
0.7130810528529747
0.711488722591761
0.7173002319028523
0.7239796793793434
0.7236691840805479
0.7073364745700609
0.7218513135360277
0.7105467453063717
0.7059989258122299
0.7485792547958274
0.7266232832118865
0.6995011435268899
0.69947279467265
0.6831997719998842
0.738273163578012
0.6728939382522543
0.7069408490615099
0.730606874209144
0.7611488640503538
0.7643729538700971
0.7403252008730458
0.730544892358012
0.687879247143894
0.6994994520171289
0.7332612359106935
0.7408211765405847
0.7319966843712647
0.7301819632697147
0.6974100432471461
0.7627913030322011
0.7261645077322316
0.7408294725057109
0.6881897922170181
0.7084817272418171
0.7413714961030587
0.7456743892070417
0.750297238451784
0.7289117510617387
0.7017984371272221
0.7319948484560752
0.7220117761140622
0.726482076045611
0.686996336465572
0.6935741250443225
0.6683007514296748
0.7607920100508405
0.7337744673428384
0.7228419893354354
0.72457357286656
0.7167758641334594
0.7082489502070485
0.744155366067296
0.7454802493353007
0.705355031310274
0.745307923537363
0.8371788486141796
0.7115102085136814
0.7503613802594665
0.7332731870427917
0.7522622775410804
0.7509103606759285
0.7352626119163213
0.7252411910571388
0.7311992396095572
0.7002753474934927
0.7423781827425544
0.7444023816060937
0.7380308807006615
0.6985997574681524
0.7184497606597183
0.7348990040587822
0.7342984981356697
0.7043216293246983
0.726291251276947
0.7392171878558004
0.7221662222165254
0.7534455564158231
0.7209169419101429
0.7672286926766858
0.738400254351031
0.73528352825504
0.7016541725260848
0.7283034820242676
0.7002264644147259
0.6930739811623651
0.7251136169798326
0.7602376197466687
0.748520895000244
0.7209946782587545
0.7128945808827556
0.6763813426812472
0.7435322608303647
0.7005391516206788
0.7453130284567233
0.7430590011517101
0.6797812550964689
0.7171027885685712
0.6852451277169834
0.7707033875009996
0.727403444312596
0.7581418041874626
0.7219777542622141
0.7375801907180038
0.7219258154589578
0.7378459850904504
0.7463922699629758
0.7107931186459385
0.7327160505785142
0.7274648805765432
0.7480241330306949
0.7332369563760565
0.7132261527925092
0.7245639727292168
0.7200469386073487
0.7441703204563495
0.7230209885884887
0.6916358805919844
0.758525575761259
0.7324751991428783
0.6949537304223883
0.6797202092701262
0.7603437538784409
0.7701678202470305
0.7431384421844178
0.7151301352107137
0.7141953395000907
0.7325596328428828
0.7465499738103207
0.6980780237475844
0.7039197188057096
0.7843068032123315
0.7010864776780794
0.7377681366179729
0.6995663721998406
0.7012470194241137
0.7340114023790911
0.7431311387529747
0.7478765146200408
0.7122654989535349
0.7341469725038567
0.7293781863888689
0.726331692314669
0.7016210377901935
0.7336761184091329
0.731609683011602
0.7082103618231107
0.7422602701132245
0.7345901527021897
0.7252532703202139
0.7718416911967058
0.7128956856683893
0.7137381296924625
0.710738359975149
0.7474028699970021
0.76095218595635
0.7018946307400443
0.7249110792699255
0.7135191004421924
0.7385051911970424
0.7431768654308222
0.7139307006741387
0.7254684534401643
0.7152930061177283
0.7396792287626324
0.7499212184259224
0.7248363832013309
0.7663961206943519
0.7736361394637055
0.7233108594502329
0.7695592487091976
0.7407160667145557
0.7074012571228443
0.7094908340698689
0.7314201588994018
0.7289560975894968
0.7313502103819591
0.72311824898648
0.7411963036247121
0.7161730748390183
0.7332060102257585
0.6669305531518863
0.732052292089495
0.7246251777151214
0.7092118405061163
0.7413161428831211
0.7477253702561588
0.6834862378318349
0.7171578485150493
0.7161690132080725
0.7197679466070482
0.7160751304725156
0.7166544020204673
0.7372623101607937
0.713657018371114
0.7153117816734971
0.6786545295002618
0.7105230876250513
0.6938845922963879
0.7455334658576108
0.7322686422959253
0.7365422464665087
0.729530832766956
0.7148788823057518
0.7221315480611197
0.7204113573930498
0.7444108798724542
0.7357356368431697
0.7078962403259904
0.7285139750405799
0.7404055310012565
0.7282462576165006
0.7199180336727857
0.7385796931161855
0.7276432309367256
0.7185799123055949
0.7414253075355238
0.744885575172346
0.7382330466039638
0.7223550464674472
0.7407990939567944
0.6867851251965217
0.7245059234582371
0.7565499995112599
0.72733477891099
0.7057394194578747
0.7589215535217211
0.7294740287083333
0.7120907170683931
0.7271929927627621
0.7112642841631164
0.7099412997213915
0.7089775518217217
0.7339206556507932
0.7609702224656996
0.7384018810227266
0.7107443243000956
0.7728141807914278
0.721945594456771
0.725889507830613
0.7381516764464496
0.7332779598485215
0.7251797008481875
0.7461893142532862
0.729130449955629
0.7171096158527988
0.7597645685627583
0.7053984793974052
0.7385454641670302
0.6944517458624955
0.7700446831040454
0.7321856717959111
0.7148659522428897
0.7281145830236397
0.7631232151732195
0.7498017231390091
0.7392793350611888
0.7621375496005218
0.7232097664579786
0.68962512479054
0.7169282273233181
0.7314505437067463
0.7128081358445935
0.7226178978134747
0.7270986882969321
0.711493228445654
0.7109793869760653
0.7121292841604173
0.7244513864764596
0.7632418953420124
0.72487869586014
0.7183612897459252
0.6732115850821363
0.6993876166688704
0.7419640838689309
0.7494856487892642
0.7152856791785764
0.7234401856338147
0.7082250321160315
0.7426755072468825
0.7505889978343893
0.674602802663684
0.7082507553741761
0.7056515059160963
0.7361863736743024
0.7378659543851758
0.729791462597483
0.7103101095364697
0.7170661831392232
0.7672326799808006
0.7464120961980791
0.6952354058935174
0.7337023346318249
0.7592667998409978
0.7116825279336395
0.7369054417754001
0.7346498741407788
0.7101165859075748
0.7294122006656455
0.7237731729603121
0.734450610107832
0.6974492161199891
0.7142909017772605
0.7112042691330943
0.731039578342375
0.7187875411373785
0.7107493895841545
0.7214667585541519
0.7396018682523919
0.7387283414098357
0.7293759200937634
0.7276182467900827
0.7471062899289982
0.7415625394960381
0.7097886181857701
0.7380330560879134
0.6952982270224146
0.7052233529350523
0.7027489743163126
0.726911726149822
0.7238949522617478
0.7419410544852619
0.7287923297033246
0.7220079402039314
0.7349292249025744
0.7307919414065581
0.7392742281374738
0.7394074261539781
0.7192579568134915
0.715846525552274
0.7133263661847379
0.7367148391979679
0.7184597325912505
0.7692048671513777
0.7052521668881735
0.7497260446023365
0.7118680587621292
0.7409174529313912
0.7798615597740013
0.7055710200831579
0.7238787281283225
0.722920608313658
0.72621841570663
0.7431971556624172
0.7030089228174268
0.755746292937846
0.7173547580692595
0.7028800461910748
0.7099816291413684
0.6996257517567476
0.7469504255668973
0.7556997050695348
0.7541123121389847
0.7057478821180192
0.6968497701584363
0.7158575423886862
0.6743794452843738
0.7522381611527683
0.7141193864594549
0.7641076885218704
0.7084883427954554
0.7541016013129773
0.6995910064653521
0.7749519294991914
0.7235494481555503
0.7253858004737861
0.7170316683861314
0.737416676357364
0.7314986722281311
0.726190761861873
0.6899801221393128
0.760501719102794
0.7404479135821547
0.6950253413730465
0.6839491921295147
0.7160314633655374
0.7376331231007344
0.7436150967168234
0.7348967644742538
0.7073126609799243
0.7393123772541074
0.7363524352552769
0.6998276031941697
0.6976385860997996
0.7468516676891641
0.7281244217524285
0.73639573976003
0.7332826027925853
0.7033453185549697
0.7462079325873565
0.7153389184971666
0.7569369603847963
0.6941611521640386
0.7567806338491666
0.7459345076031918
0.7250735397843711
0.7588037534793161
0.6433766943384721
0.7392740845537294
0.7186974367830945
0.707848208005933
0.737788451528274
0.6898632501576992
0.7258866424066343
0.7697772185827827
0.713196523259786
0.7021565468441421
0.7465899724772977
0.7106786026588563
0.7516977422247567
0.7342246155249764
0.7418451348938506
0.7111180996751149
0.7320990458272161
0.7285596339911513
0.6853017890796046
0.7193360030685906
0.7412505505296006
0.7568291659368375
0.6955559436836197
0.7157573272517849
0.7162312652869799
0.6948475606768701
0.7243941167006783
0.6785869965463208
0.7559833478782104
0.761303334003027
0.7240204635504366
0.7230353633502653
0.7236796551879238
0.6866686542697601
0.7353955015732201
0.6985685474073764
0.720362778217647
0.7418189045784374
0.7300371196865689
0.7268302539384313
0.7404985197061996
0.7738474624705066
0.7352458087030231
0.7157128790233608
0.743798854840272
0.7028108527583862
0.702910577903855
0.7423023907309931
0.7318962613802006
0.7301468582377065
0.7241019352003617
0.707160049912818
0.7150170635056563
0.7716028277600967
0.7577241416717504
0.7176526015668226
0.7187943401861052
0.7127142264733105
0.7370998873710239
0.7142317423648835
0.7461390191746627
0.7204068297072675
0.7264895815512197
0.7178176077143318
0.7366833935135471
0.7645938359303615
0.6912931490158308
0.7222892468837159
0.7120048045424205
0.7256559437445066
0.7357247925195465
0.7077453915400681
0.7570752543416633
0.7027009294112192
0.7706829673012376
0.729499798177085
0.7347500456007704
0.7473147828601212
0.6968619135860582
0.7242032736552126
0.7383766111021133
0.7407934084074692
0.731472239590168
0.7097758105252991
0.7215713826698105
0.7479622338187492
0.6913752407847525
0.7625514638856428
0.7154617896236726
0.7310212205219164
0.7166611205539796
0.7112037398678185
0.7358999959712648
0.7228702545086788
0.7304426282280283
0.7256164805992507
0.7559161813693086
0.6776545963937919
0.7145495437712209
0.734191982588125
0.748433942163663
0.7364312944613532
0.725866184557873
0.7554694409853512
0.7064418232065902
0.7017457202129825
0.7320820600836986
0.6945144600503954
0.7091310300132742
0.7337446335625583
0.7657928272313845
0.6837802303414805
0.6998672344258117
0.729595395825227
0.7018769123687927
0.754882581575052
0.739195503645416
0.7453007915184491
0.7352423646300595
0.733781730403611
0.7493259887821982
0.7385295784122847
0.7089259762983128
0.7073649443492581
0.744565335083743
0.7141912014348683
0.7117414907166953
0.7565395243881593
0.7040522781790373
0.7138175157415184
0.7859184645621253
0.7184045622758009
0.7208305820623225
0.7376984073369035
0.7494004497696384
0.7280954403363638
0.7472909557285072
0.7469452802005733
0.7254385066646509
0.7368829974318988
0.7568128581818515
0.7341267517601608
0.7588644299220622
0.7285184197659598
0.720619994889093
0.7229275196046756
0.7235064945542594
0.7364622884108551
0.7504820794431573
0.7778902748587815
0.7138234295548096
0.7457390412054978
0.7476365805169429
0.7279911910935755
0.7243777579307122
0.715068610608387
0.6886183442642674
0.7402442474237653
0.7370039346828378
0.7080560433093058
0.7782024734461606
0.7178857308036299
0.7197023706506078
0.7138174085578246
0.7249992333851873
0.7156121877233872
0.6829109505258937
0.7076804324761101
0.7250271837264683
0.7163817354682773
0.7738417705221379
0.7119516968634634
0.7617535412083686
0.6990052267088055
0.7350847861776999
0.6948243628291592
0.739055249120738
0.7216464007578475
0.744072937601528
0.7120695480905621
0.7169576487344816
0.7238726537541212
0.7337446002653373
0.7485002958582272
0.7478019888579561
0.7319635321948537
0.7464650328712021
0.748441218025997
0.7241459782505079
0.7328893725554667
0.7502038727423394
0.7193535423612869
0.697084973303574
0.6782453420472199
0.7085670332392501
0.7619658751185507
0.7354657166457554
0.7506265874383742
0.7184133874650342
0.7605314484271619
0.7419633136456871
0.7214291633801563
0.6970223181694631
0.7295064839383719
0.7543851740664156
0.731947226748006
0.740485437612434
0.7672391953688905
0.7334919846300731
0.708424272416472
0.737505336239205
0.7174598333009692
0.7250508190430174
0.7558541526885164
0.7246582999743143
0.7109802312662472
0.6908183002377211
0.7320121468903498
0.7438834352162333
0.7582928815899906
0.7212279306798269
0.7377344395833962
0.7360704589195641
0.7008962638215888
0.7528559439200052
0.7381804875857557
0.7481397306317458
0.7510046842803275
0.652706454609131
0.7094038068361819
0.7492888645859505
0.7498129624499722
0.7174594046555828
0.7389554990024209
0.7689526286994861
0.6946005771305936
0.7113419404111507
0.7188037918964149
0.7197824382296267
0.6918936580272137
0.7151145053010183
0.7355270421350077
0.7130775731931758
0.7108049954692641
0.72211993027727
0.7187564292873834
0.7036122218527314
0.7123588378277707
0.7253128500837732
0.7219077716316178
0.7370500987883668
0.7406829901999378
0.7102914327893447
0.7240181718987211
0.7096138552007963
0.7566730353150393
0.7158383592674772
0.748684606520648
0.7039704560648242
0.7471853071196097
0.7235294151414363
0.7030421722161625
0.8588499919011389
0.739483842599475
0.7312359722359381
0.7197062413408961
0.6833012164399929
0.736284500458898
0.6812475365301051
0.683268106073589
0.7301425487033223
0.7366368257692615
0.7512788203058476
0.7490289480801585
0.702484680999633
0.6870631246418584
0.7686008752483723
0.7443213282265717
0.7249041123566529
0.7256749004955336
0.7575095956856999
0.6850744887325197
0.7352090302677046
0.743950451653637
0.7015025336728531
0.6643168177485388
0.6913720056277823
0.7274300186681437
0.7269884143478001
0.7688333798154814
0.7362904453622728
0.7129203666794478
0.7052450499170464
0.7181229801685556
0.6834949224928074
0.7335343180866288
0.7346077726755874
0.6856581354304496
0.745474996917782
0.727164051553847
0.7322217836184348
0.6982363222055304
0.7134510649237953
0.7597854784962988
0.6995292057363278
0.7196587806278816
0.6987974539831879
0.7768880893141622
0.7400900507560695
0.7092863201884598
0.7357541790413764
0.7314206293101564
0.7343752358565054
0.7490314930929147
0.6969426935563409
0.7168584028842836
0.7199738456637661
0.722361316485285
0.7289428376809826
0.6943130053253133
0.7200740269776823
0.7330514696676915
0.7515626819528546
0.7267652687628301
0.7161788951766482
0.7078523878381076
0.7201543716092945
0.7064899491262203
0.757200712854252
0.778656781900087
0.7267951813442508
0.7477730608785904
0.6999920188588037
0.7219561703547152
0.6971404094428442
0.7335014941075984
0.7413948956093848
0.7385009927691535
0.7255012830203907
0.7504834891641377
0.7366549421940669
0.7660568650599242
0.7500285610925607
0.7300888265720573
0.7028770063806542
0.7184964662351598
0.710096770966158
0.7122273071913299
0.7212491735031655
0.7207418637837429
0.7665084362115664
0.7164072844037612
0.7476130169390898
0.7441128558716723
0.7118268094649315
0.7173243251472954
0.7542530808593045
0.7425563386018702
0.7314071678373774
0.6982103710125528
0.6994795190680615
0.7345032089724541
0.7079007047380536
0.7215904858823384
0.7216236766269298
0.7456890606347122
0.7298305429921331
0.726893535464639
0.7143100016800262
0.6915939180420466
0.7066469481630598
0.7760674194013897
0.7791988170681023
0.7170220265864116
0.7101078382137205
0.7209318665166067
0.7289113187183568
0.7209034339368914
0.7505147874195882
0.7177683892186136
0.6858309828857853
0.7321629466546323
0.7429469775592872
0.7551378622760985
0.7378285744927655
0.7056669583589782
0.726123400775943
0.724494150526452
0.7337862248834627
0.7262610466303391
0.7239066898730164
0.7353074045106682
0.7514908738087889
0.739909937693169
0.7260319495869157
0.7440788688046217
0.7038300319819716
0.706843840319176
0.7073195890718078
0.7140180561159699
0.7440767500780289
0.7295663989175851
0.7422411506900187
0.7529499159258239
0.7335725404415994
0.7144227498656569
0.7409499949823173
0.7355894871363776
0.730451806365715
0.7427082543464505
0.7500893066207295
0.7226015008810792
0.7361909554041088
0.6959886453911344
0.7309813041099384
0.7041036688797085
0.7103894557509266
0.7545087805038048
0.735428806591909
0.6695273421855114
0.727475733626229
0.7295404087014011
0.728215482538538
0.7222889737712986
0.7208400847440272
0.7335738300538581
0.7606378217865732
0.7246596853556674
0.7408258836352665
0.7335298349471089
0.7286256345343283
0.6889220852612699
0.7167011861359174
0.7178992583980145
0.6916325817177152
0.7604279568492568
0.6958277793479589
0.7289614625884354
0.7514828020216027
0.6756191914236092
0.7246983316295669
0.7307669040534024
0.7149364059853666
0.6914785737103921
0.7332101446071132
0.7861467606250916
0.7175873248065349
0.7248055123004612
0.7053899423345121
0.7357940215396942
0.746825114980756
0.7183303913463869
0.685199082210057
0.6845578617041854
0.6942619026708131
0.7178694989731211
0.7406738723575691
0.689009041075843
0.7266132565057906
0.7064738433807904
0.7258745594036982
0.7580862637008715
0.6949151884726464
0.7539322448973923
0.7089065034980413
0.7219938331610726
0.7292674701130087
0.6949634794200241
0.689952618513567
0.72006949441598
0.7414410169132231
0.6796158616721785
0.7606553932333907
0.7524301075771229
0.7525106577507709
0.727968411507405
0.7064768162305666
0.7367154376821206
0.726181782878921
0.7213673097666973
0.6997991516633786
0.7408527283895154
0.6854320418157542
0.7113339383170942
0.7283828231626465
0.7137783502904861
0.7486574582677
0.7115008184064787
0.7481325523449104
0.7415845775129406
0.7534051970166136
0.6945786758609107
0.7217595962143084
0.7144591768593923
0.7143454045999069
0.7327682011111628
0.7183806915290104
0.6899505682659649
0.7296043054134326
0.7085154054476928
0.7333939174194761
0.6873056456948764
0.7082483053986253
0.735574508124401
0.7275188608719697
0.7993730082008974
0.7492422558297248
0.7313792949344077
0.7330171602210429
0.7217430536292326
0.6875058131604447
0.7169445978180263
0.7534453797353606
0.7619561535652075
0.7297632034213128
0.7179400853247083
0.7146653559401346
0.6898802012047244
0.7127551095058288
0.7235424556921448
0.6974587056683993
0.7143577126758258
0.7566789366095735
0.6920365777153165
0.7097566574471778
0.731145332728451
0.7448702314578974
0.6653112983209829
0.686381402837672
0.7380337095939608
0.7382005139997807
0.7189685580217957
0.7191404219304808
0.7287564596362711
0.762918056975003
0.7339050549304887
0.7069943573744745
0.7275474236144064
0.76217510802707
0.759573279524119
0.7683404194990711
0.7680851384910102
0.76141910404943
0.7392618644492163
0.719935404272221
0.706011593091866
0.5906952625975931
0.7657189695094125
0.729586492515376
0.7124233599236115
0.7479817958340339
0.7238448605470583
0.7113537380960673
0.7144555359268474
0.721005848115657
0.7141001638132312
0.713048624623265
0.7303725029227056
0.7412161736915366
0.7353956447007458
0.7216266996921609
0.7035636159795858
0.6935638276532173
0.7514671078050223
0.7469490042707181
0.7528685286951451
0.7432361815003867
0.7021096927962297
0.7267037185726483
0.708619840666647
0.7423822696732885
0.7241140137589456
0.675173581415952
0.6968657984070179
0.6893964864396962
0.7428361581426063
0.7175448816748841
0.7179534816188461
0.7485042948489884
0.7533954364923567
0.7367699462047913
0.7408345978490263
0.7321084496219444
0.7155631699489612
0.7034000101504528
0.676476427166807
0.7010088650289793
0.7155295129326557
0.7165921662094201
0.7183299710602574
0.7097734037789878
0.7042073651412376
0.7390711790135037
0.7640693954145334
0.7257405908858039
0.7446392225767239
0.7431594234055257
0.7286439981576249
0.7732526719228013
0.7446989066488405
0.7382600880037301
0.6883753264325705
0.714586887459927
0.7201079826599034
0.7222930315206968
0.7096610905006554
0.6984566130977016
0.6777004616849788
0.7342971146997447
0.7001970256229906
0.7138005478618131
0.7158219822224168
0.7262177649348984
0.7066552638711148
0.7633920531897612
0.6899777105101147
0.7069307999512625
0.7478891372002199
0.7488208838318912
0.7646515598513224
0.7068312321422977
0.6936994517658882
0.7338178588833952
0.7122383687847741
0.7072943860940484
0.7366684752823068
0.7022803560824515
0.715300283880302
0.7208673498614703
0.7181621392720159
0.7228482334165962
0.6983663894302117
0.7256496518928671
0.777728737948642
0.7376705178696126
0.744717238475738
0.6738881149409706
0.7186718502463807
0.7421648510768956
0.755159540640015
0.7079242408838552
0.7549909971830718
0.7096817438989028
0.7234478967001876
0.7326602204518783
0.8013776378631212
0.7275025168057526
0.7059386445707374
0.7061570380632833
0.6672888153931749
0.7477822509091221
0.7327375084690156
0.7111662986689411
0.7340669100744431
0.7732737836568014
0.7339982503042626
0.6801399820491972
0.7670364155955024
0.7579072691828839
0.7505903823769066
0.7010336912128947
0.7668649507099654
0.7367552294655
0.6945401228155179
0.7179217820063448
0.7395434269762404
0.728173366439705
0.7637891389834605
0.6958239957298945
0.7089177347476819
0.7069594040287446
0.720304052673515
0.7538553655153414
0.763198741051015
0.7298528261095418
0.715554090208977
0.7311680828002812
0.7129078237992946
0.7052954153532681
0.7094711982657236
0.762173360160425
0.73050008698201
0.7185752336945669
0.7738225477741182
0.7641415689856277
0.7703071914431088
0.7113002604707008
0.7277568417660925
0.732745964785468
0.6702900819949394
0.7468050559050643
0.744415103323522
0.7008681732747948
0.7336033901007364
0.7432232133504173
0.7319654839294133
0.7743596389117222
0.7276890617609798
0.7354480824156584
0.7112970393815304
0.7275089609946539
0.7088398889687613
0.7396084597956379
0.7308925703236284
0.7205553599096846
0.7601257018244914
0.7470251101212103
0.7433961726423839
0.7366760096095668
0.7491348944396324
0.727313055161113
0.73956918911026
0.7335156687156472
0.7369826984256471
0.6955599196433542
0.745157015533763
0.7004039198243658
0.7328224609869354
0.7315270864062133
0.704987151983192
0.7041933842340855
0.7087836253559511
0.7576270613577376
0.7302499728302314
0.7646641471291291
0.7365128520244928
0.7335159792157384
0.7466328768901188
0.7114065345698491
0.6933412534110238
0.7434820965301614
0.7080738587794592
0.7323055797286879
0.7488334633557056
0.7253064066618204
0.7437199028905408
0.7419851388626993
0.7417955729671192
0.7426781547899828
0.717104795394046
0.7289699516461239
0.732845263830092
0.7414104824184506
0.6915454773484513
0.7756801567713105
0.7149375454167687
0.7383782984342828
0.725522091719804
0.753051795180768
0.7190004186661483
0.7059719569815911
0.7631090633074373
0.702762627233572
0.7470422353760575
0.778957740854641
0.7220010984337998
0.7239273892985577
0.7551711358081552
0.7220103370060618
0.7444441375277003
0.692013366499193
0.7115696475999335
0.7043222334962634
0.7558370751657801
0.6957978258505394
0.7613226336101157
0.7073911891512247
0.7122235804468967
0.7350713143181407
0.7206789524240989
0.7145648730163165
0.7166302946272324
0.7170181206602679
0.7500657085358164
0.6885873854466164
0.7431140544464234
