4.813917016896866
4.458757171876572
5.753316520235185
0.4922040767091441
3.485541902182549
5.51691083129823
5.798019074624507
0.819205894195311
5.6067074033432664
0.43546063113635924
4.767684530424831
-0.15634473673107321
0.9812630536342922
6.137693126960185
1.6562656256675767
1.4311078834919209
0.8289832350858991
1.9072262175908246
2.391126325129209
3.0290992207580607
1.3244738438142796
0.6253418833824994
5.265705677769746
0.352988362130081
3.6156851562422827
2.2016674331691237
5.89593657505916
4.864300081863524
2.6081516405871006
3.6721372946132615
