4.844822124506623
4.76107631459186
5.945023455653054
0.391476263870013
3.844678680494336
5.476684944824352
5.757809552382005
1.0806202094810196
5.217784261396874
0.7503667045068411
4.3801328523424665
0.008587731784311802
1.2368690500712147
6.01724252415807
1.9356669645430247
1.2087668070574988
0.8727756363390374
1.856820774119791
2.6405536869887176
3.005979905146309
1.234981010799918
1.0005420560741622
5.325630884030672
0.46313034063574404
3.630628686893618
2.0424220793262378
5.887514715169033
4.863543808538751
2.566373199595862
3.3479907707358887
