-0.1222563499232161
-0.5453547836480694
0.07770014219558852
-0.8305585728723883
-0.4419996909900321
-0.6578304316722892
-0.7236657370124941
-0.06721591274135341
-0.7504231653605977
-0.7560171269096485
0.6784795174267768
-0.9992414231180218
0.030745357285100194
-0.9540455970866526
-0.4250767834691447
-0.314565603974418
0.8255664472797226
-0.2426614244454688
0.8382878831955534
-0.9285396788690126
-0.22618159479760824
0.36145529977236035
0.1778943761611249
0.1309555007605192
-0.7846374563228997
0.762223710997775
0.5008586093184777
-0.8039540716062024
0.30450631386354776
-0.9034280040915572
-0.6689864008074011
-0.19482248803937652
0.07240827431520458
0.7179064484956721
0.12453287610252883
0.3578477032548877
0.4388477244864244
-0.9325075467561519
0.45259266621455274
-0.2692554136652332
-0.3093392913786308
0.7948180803082521
0.5647749307198682
0.20221347284969826
0.8850271931105338
-0.9331618222441143
-0.7715452137998122
-0.9235019636025914
-0.34315333763625433
-0.6095701799733466
0.07667781280316222
-0.09842873302108623
-0.9972249191115785
-0.6181821254598177
-0.9149738336449642
0.7559540791778248
0.7116927458254843
0.04450104200218985
-0.22241684100337444
0.8840708451565293
-0.23752700827634277
0.32873387090133477
0.7709165976944508
-0.544853091112409
