0.5001587326191437
0.8149130735992545
-0.17869029516720936
-0.30403197277872396
-0.7933037345981493
-0.8575045760545417
0.3298442219705655
0.5031353468601321
-0.8553813022086669
-0.9463499090159402
0.37845023347186957
-0.7755855001601266
-0.5941304260323983
0.8662217907427912
0.11537071590490822
0.6696719739003316
0.23655770724938918
0.02642574560822064
0.4981768251513228
0.7433122639976797
-0.27525842103707077
-0.3035949674249543
-0.47170628112917545
-0.9905417448031621
0.11111401195275805
0.7835863965288199
-0.465770460287247
-0.36554313739668887
-0.42969072178708445
0.27964081414410313
0.9753000538627301
0.34515810250672185
-0.1683172839497935
0.811249560509351
-0.019395098211907102
-0.07382682213903724
0.6900649904469336
-0.020894403629079905
0.953779599473221
0.3037880746658248
0.24739979575753024
0.5431706570695678
-0.44706869951216266
-0.6757810699063531
0.4471433899213315
-0.9597579708467621
0.6971227792133481
-0.35423313770086207
-0.946591943742398
0.5974678678636949
0.9326856728839465
-0.5502090745403547
0.9261193310913043
0.7627771398092809
-0.4203323365109446
-0.0009812430092970281
0.8935977604638499
0.3256419883946309
-0.7344786075474348
0.2874674936930548
-0.9885386372572194
0.0869429364308687
-0.3881587746626358
-0.18426696647334162
