0.5558381007267137
0.2057826356789081
0.044854600561290425
0.5878629751870117
0.16910506095311617
-0.9811673893045727
-0.8198375129428535
-0.06309922462602646
-0.17495056176441848
0.0430892940521308
0.255178970817731
0.30685528857927546
-0.38374978509526114
0.42841017905481493
-0.3459730276707189
-0.6787009420227479
-0.6611348003392981
-0.43638163172664735
-0.6153196813860804
0.763050565309096
-0.35240347229302893
-0.007098834393480802
0.9366551287367308
0.4563709878803963
0.7659195608618903
-0.6067684959701989
-0.3843425926524122
0.33129962365697807
-0.6273873773976688
0.22405683449029778
0.6889364055226967
-0.39134537659943125
0.8804849407641295
-0.36140451554821174
-0.25814359405413656
-0.22939932598762836
0.006095616786307323
-0.6146209318476017
-0.8247617144940598
-0.512905084978529
0.41970494496236177
0.9756536346858473
0.3332504947620709
0.11948905317290492
0.4704959578686114
0.9324735926477554
0.8259022937915066
0.9733189275284568
0.010232058710250458
-0.41536625443433306
0.26744496471486445
-0.038915042369972674
-0.8753075894902274
-0.0754157535982043
0.26709157385064874
-0.8601430883647045
-0.43080479860621623
-0.9302138425840616
-0.08056628117721565
0.9574763204266064
-0.6896406256697527
0.6645827630704939
-0.5272579401338895
0.1299268760600678
