-0.7347807133693274
0.5349763638514031
0.18446347235859273
0.8109386100553093
-0.8920012242062201
-0.4269348831158073
-0.8342326393677941
-0.8910369267875411
0.5432360919621657
0.6231678957541547
0.3669193211061641
-0.5417565917813925
0.9607596515165577
-0.07897593975013639
0.23454606609651618
0.709829540311604
-0.6389828559378523
0.6741428913391208
0.27393309741502025
-0.9947513187669217
0.4508008613670511
-0.9701240787200143
-0.8319305248987092
-0.23335254610763512
0.3966825021629574
0.9912396251199009
0.37550543365099975
0.5081672436718971
-0.7901824291251398
-0.8393804712395625
0.06893849123905293
0.838523776081824
0.47291157109403215
-0.9513329667050887
-0.09596047431786014
-0.9456072751599192
-0.4946819024467448
0.785849959653208
0.9851417749615805
0.8785619424677678
-0.5909908740684888
-0.5940147574658157
0.954292661438215
0.5309726113894127
-0.026227318093533514
-0.4061381284094827
-0.9922691168323319
0.09470546427790127
-0.5290655445886701
-0.7693109387615489
-0.28066111017627793
0.6351569874574348
0.37584023928385824
0.8223020721976768
-0.6492262549920944
-0.9401216380079993
0.3735063479097753
0.49922952711215185
-0.6961428464935462
-0.936889072481389
-0.6842056967395409
0.10497497093284869
0.555229230365019
-0.15553249064428698
0.9366253774660844
0.33196134051514137
0.22956484798255583
0.025006143682958948
-0.2901229613964591
-0.49393065758766097
-0.9537940822804927
0.06211322617122317
0.6601744867533568
-0.22547053685321505
-0.571464414933565
0.4095274129071933
0.4221469461016125
-0.5117642685319224
0.5235199763327163
0.7363525353184668
0.7429410828946774
0.0023615507429763927
0.5841288322072085
0.27427189380567385
0.8696116003585412
0.37349965919886174
-0.278478800466311
0.3036474595010539
0.7185185418140834
0.6039372063484574
0.858044752639517
-0.540879559408699
0.9341500319883342
-0.2612030273749075
0.36083082611227857
0.8992895441161384
0.7513460438687127
0.4977476438868558
-0.7103035950421763
0.7943558431066267
-0.2186630077996421
0.9673159428238092
0.752616420172445
-0.9555039970068324
-0.532866350595163
0.7291422223119652
0.22362667616252008
0.8623773086876405
-0.9404993014278691
0.8169870058404018
-0.26061695314414846
0.6745288900977964
0.1678268809937249
-0.8048936213616154
0.7809626966761085
0.4770757242218928
0.01380126406284976
0.283523564203946
-0.1407046061272148
0.7897678617272599
0.19672848989593628
0.7914596021318379
-0.5052001585099188
0.7136559995090701
0.9937666024244698
-0.37922177368027765
-0.9252817506545046
0.0039598207920947814
-0.902974599699981
0.007590341314978044
0.6727481313916688
0.40829880231606297
0.4838370750827474
-0.13738797543070236
-0.3465328855034988
0.04179877286341682
-0.9293106886242681
0.7965419966664884
0.032218964730666766
-0.33999930241133836
-0.919324342573435
0.38152574133981787
0.12428076764308105
0.9815121290578095
-0.9085682667567094
0.7390643093357974
-0.8773804308928757
0.4260625473107207
-0.28985786778295686
-0.2994803750377828
0.9302328364715506
-0.39630244716019813
-0.10307600632299208
-0.9141034088112423
0.085915771909296
-0.7246077015337598
0.11467247660207525
-0.19333304457955092
0.5407936086957761
-0.44396042376850176
-0.2592901256767697
-0.25062899091924984
-0.5070446838614082
-0.7907227536131305
-0.7635710858545952
-0.18376113886960077
0.2169480252457745
-0.2011232185592966
-0.158265306141687
-0.4735544435985253
-0.7767058362995087
0.8323510368718225
-0.7538327389675761
0.7126756332275317
-0.10472257104644522
0.9570570724016036
-0.28574503104980153
0.49258431385145895
0.5730550267451495
-0.9869297004308153
-0.634900918964491
-0.5363458723945633
-0.6923094162011107
0.7953482982708056
-0.07241185555632312
0.432163836314996
-0.040234579786686764
0.9930897682044566
-0.23795372912576052
-0.5407525965372002
-0.42757331951286837
0.1251062722569467
0.17376637811778406
0.16282620319855678
0.8129072594214759
-0.6537036718595233
-0.8237281649305248
-0.7240057500829673
-0.020632967293854554
-0.4416435080405676
0.49540423516270504
-0.49784887767404107
-0.6517328908061548
-0.1197088338975898
-0.0682582102872007
0.44821253637257885
-0.33330636024606575
0.9543730558780219
-0.5728807361152441
-0.5390912090242399
0.12477658061310648
-0.8394958410374702
0.9717137632358406
-0.14671861604676995
0.8227119455706959
-0.33465822134905854
0.595469449418913
0.1439147754105361
0.7793337754510201
-0.7749302449436821
-0.9870493644856333
-0.07476760801593474
0.7784459053718811
0.23642369257538975
-0.34498197958672927
-0.689102174466766
-0.854930160458589
-0.18323180572230768
0.609134909822086
-0.3632186002843951
0.3665724106441741
-0.8709029210204653
0.9962417617907198
-0.33794427203336985
-0.15359730495403157
0.8270074896842352
0.35772078765660176
0.1739195959247375
-0.4908068412151425
-0.0473758333487857
-0.5134971673818427
-0.4261055952146282
-0.9872735155819459
-0.3151550122713078
-0.9681102441244314
0.13277009124249495
0.74456337826818
-0.7670941120608867
0.8869846874627583
0.10517651182807208
0.8980076272648472
-0.3510657279486522
-0.2895152080028336
0.21481450571566452
0.09587034422603846
0.4309452544929151
0.6961492824858473
0.9692078282931897
0.07632378191101807
-0.0999242558195772
0.9338670825286373
-0.5421219484239332
-0.38652190735345204
0.9166212181124815
0.26464822008716293
0.5702664355906795
-0.7663221603521329
0.09675265648570108
0.191461622569278
-0.2734288467770065
0.38241767376444624
0.0956777784606695
-0.07313318153269988
0.4635773923043256
-0.17927273525917875
-0.3197082901027988
-0.10770384422858403
0.49006502413617903
0.3660381494537688
0.7781880325767754
0.9316522281557165
-0.23234046628314098
-0.13143216739531716
-0.9796824896369394
0.02331725689976638
0.8217288235091327
-0.25066255575491314
0.013770189357767526
0.13251207716801194
-0.6609127304390026
-0.2901187286094373
0.09302682029863063
0.8427812457280286
0.746704661443631
0.6321229412724092
0.2839353993379441
0.8052569423219309
-0.6662177499151469
-0.5438668313351089
-0.5132968395015967
-0.3941617718399768
-0.05447357263823349
0.7920953441617558
-0.5113856292742709
-0.7393017542504987
0.4904421254368163
-0.8145010345092112
0.9737862311407521
-0.5588561725563295
-0.6256764672184445
0.9076436625290325
0.24752496316119932
0.3291962482782864
-0.14106618092533685
0.11078793156610534
0.24615630698492996
-0.7336675141158422
0.8779842453480851
0.6789336454653019
0.6914091456278866
-0.8570124987572312
-0.9871180361385983
0.7080415235775781
-0.26002133544637474
0.14669271081340085
-0.20342274876093946
0.9193634727348781
0.7066465162789242
0.24899999476486046
-0.7073836413416739
-0.256742731983582
-0.10814576439596868
-0.5050129757162101
0.7233425776093327
0.13994710470776384
-0.9931363564308517
0.6496370996631102
0.9775068048547146
-0.959451328650601
-0.5130056721071341
-0.299767102981777
0.7709977397060388
-0.0646831917841113
0.1666298887623725
-0.2069133855756371
-0.27875435011688543
-0.7358426484640661
0.5171283303259961
-0.5072150105576843
0.5142944027316065
0.42582133500941755
0.7284552666985393
-0.41248464039212873
-0.3426044669627193
-0.6971809912448321
-0.76648535141095
0.7029086736926189
-0.025187232928551406
0.6001525178285105
-0.1383212043932447
0.36891941636600256
-0.8619471961621541
0.7977735918157218
-0.7985491702647787
-0.5427209800910398
0.2911169625449208
0.1126703339877353
-0.22471705503367945
-0.5927771959611436
0.8211053004080018
-0.6407066751189441
0.9999922771187315
0.6933079425524491
-0.49948244899256533
-0.8680751742788217
-0.12295820710782124
0.6634243342269932
-0.9570658584816898
-0.045170581436010826
0.9373024647153465
-0.31698486632771594
0.7932749211272216
-0.9791687524735193
-0.7296453091037041
-0.6775273390542684
-0.4308111261787966
0.5347214282147521
-0.7020048169447559
-0.6594201462928277
-0.1875916836798246
-0.18066584780797856
-0.3773528568131581
-0.3785222976467244
0.31545430311268263
0.2344534791736208
0.8067884635995723
0.4240217930724084
0.7548574600807234
-0.10240016155046283
-0.885653680168305
-0.08069031264819504
-0.791053997840472
0.03333054832016025
0.5802744862731002
-0.7916838704847171
-0.2300699017692227
-0.9787578322979489
-0.9203260501394512
0.5961947029779779
0.35795131326272345
0.23313534827663251
0.7541847236550321
0.768014506293828
-0.5879318778706324
0.22121515286083926
0.27348552882639265
-0.9573475969070602
-0.8346627319049555
-0.6971460561312048
0.3386714815514609
-0.6477333762252369
-0.41772104517643993
0.499203246118898
0.892773473558224
-0.7047516083567429
-0.9227959754957222
-0.4518017524187652
0.012406837372030521
0.348040112091192
0.8474379522049655
-0.11222852375717562
-0.7838423289695988
0.009433859121419585
-0.4077594633935562
0.31811846210540895
0.12414296981261952
0.4627531806792542
0.6822514601976841
-0.6165041203167443
-0.403650025469388
-0.5843570824135769
-0.8247220330518354
0.41734229191200334
-0.544348975135388
-0.004819015378880742
-0.8493127197273873
0.6777234996405654
0.7300347174927537
-0.38022648047261276
-0.5793352965660594
0.14626174980374773
-0.2970456213503301
0.00028706466499106575
-0.5617340138407463
0.05077865732633979
0.1589355327286559
0.48911768808678757
-0.9380530727748595
0.24095691365383454
0.30316676838318046
0.33370154024574594
0.6494648897576161
-0.9465402815346524
-0.2279987720410126
-0.002909027658330121
-0.33570682428528253
-0.20927734604773307
0.20566576597492148
0.560556054999271
0.3912525384366068
0.45056524585951574
0.8999984693802023
0.10720810312793949
-0.5897893778919696
0.04813674475950491
0.5995316026401722
-0.7740273848917625
0.0848628180688269
-0.24550096248340014
-0.3593033323727788
-0.8935104478981568
0.9182223177705722
0.8909486539073297
-0.8432792860714682
0.08913117958969607
0.6878968814037736
0.7909049298565318
0.8901133552798013
0.7740990602076627
0.11846579907328136
0.9248130609939256
-0.33630977206117296
0.35123291520588307
0.734318989826032
0.13810722297258926
-0.10313529257561571
0.5616225271293454
-0.30231340705165866
-0.07167260539910658
-0.9516556210981104
0.6776879460298462
0.10544024985388756
0.7221455225337505
0.29611022742953264
0.7731436458005667
0.1658923786228199
0.8405842981071641
0.9864121531381096
-0.08327560719989324
0.21301856011950893
0.2879081790697877
0.6124975579754948
0.7913933177324273
-0.35134835855669144
0.8716854349785239
0.06733131668921355
0.06088238331184659
0.3401302615939461
-0.9908555852559859
-0.1846924536956216
0.8532114992252053
0.4410307910182938
0.5298235130786877
-0.2761775759215226
0.1599344060710115
0.5263420040575733
-0.06428796039620854
0.7117216061571667
0.17905996920437484
-0.2276875370390603
-0.029054484229539268
0.6925209911097749
0.39941991419697787
-0.31122895738886935
-0.8403887499008573
-0.5985868346120589
0.8719031412559
-0.35389115344098454
-0.4534233335252258
-0.9392344041030862
0.028885246640550033
0.8351712716085282
-0.5726826946184056
-0.7309777274431224
0.11713866367200043
0.8076133006966266
-0.492627340859749
-0.4412717215602526
0.5027585417903015
-0.4298049532743846
-0.7053135389349374
0.13689292171523948
0.3248425985052419
-0.6842429353196624
-0.8240076262965663
0.5296334571900678
-0.22159275672735834
-0.2780224990229947
-0.04279172476703441
0.8029789179058213
-0.7590102870612438
-0.7849721330239869
0.7530522449160411
-0.9161091749042207
-0.7832313069781809
-0.7189558675562036
-0.41694685026053424
-0.7962687670087265
-0.19191544381328285
-0.7266554909114751
-0.4526132759587762
0.8569096203253719
0.1570775278233676
0.1468199155505039
0.46494222124716655
0.541740948572569
0.427534676451957
-0.5436034125214395
-0.024026177213035904
0.7885385308503352
-0.45147755145539614
-0.67890424316067
-0.6463126651169944
-0.3961203135898683
-0.4729203400436568
-0.14906481117912196
0.7432452814686177
0.01933243402733731
0.5561156920171693
-0.16386960263022066
0.3113467668363068
0.40666340591625016
0.45566313779840995
-0.7038056577664047
0.5200867797946316
-0.380944235752412
-0.07013084162453231
-0.029485994723221776
0.9175830534238103
-0.3693697489247445
-0.3110220298549975
0.8198412899654131
-0.8073265166427794
-0.5336219464513823
0.9562910927923818
-0.3273067171434876
-0.3107924691674717
0.4161799847649028
-0.9664163722079366
0.7918305669057597
-0.0595494018313103
0.6241788814542242
-0.3285782538412809
0.9009068252822077
-0.8910624467603034
-0.0746635196847667
-0.7296097772816506
0.1452919835023483
-0.08827648482910666
0.15447454016816065
-0.6958299018496676
0.4349468120509914
-0.029889404763150162
0.2246291580889539
-0.9984865801591969
-0.03931914820831439
-0.020872496936031215
-0.4448678123251848
-0.3425311043899404
0.39869102940659795
-0.7527729976792552
0.10853851858446095
0.8306222583451881
-0.8329354447067274
-0.32726388044172317
0.2110371939380793
-0.7839771946588894
-0.725223109128522
0.6798634017550869
-0.9031122359878738
-0.9156527172989086
-0.8675244931268598
0.8550618043697282
0.15651636961853543
0.0227236922022791
-0.3638322601385102
0.7779688257250745
-0.38264249070386214
0.3985447978346026
-0.516855715654019
-0.16803901915115782
-0.0383992307053731
0.603963201025971
-0.0946153908130778
-0.2785108241970533
0.2470280667709699
-0.41929289770533296
-0.1753751272773394
-0.1735906800684961
0.1155234931298208
-0.16063042455555165
0.6831387582350086
0.3640621199312639
0.5299823966710504
0.6971837662965092
0.06414067439912507
-0.38891264925681823
0.8859202432244713
0.7513527612939279
-0.9624758670724367
-0.5421366669167413
-0.08941891076025144
0.9191529573331936
0.9169214100005139
-0.725392654465705
-0.6221065469138105
0.2095256221232651
-0.037375260211956585
-0.12495452909495941
0.1715908441572529
0.6233863456662125
0.3141334508335767
0.19175676005195408
0.5360738948341108
0.340770909169102
0.46274825717928225
-0.6464239493830197
0.9425928820158354
-0.3216792101774544
-0.2102417010546349
-0.5103306207176084
0.4640285711344885
0.04792120308603032
-0.7238572803501493
-0.2514275346234973
-0.6189098451911648
0.641952183283075
-0.028704523725585185
0.38818215762294095
-0.030122317872731008
-0.02325809895850095
-0.3277419116064684
0.3906270185349021
0.9516424704315563
-0.552048416788053
-0.09120564546496612
0.036671960640291434
0.3736291162782741
-0.08803218363186582
0.9809687348994998
-0.4332698040838805
0.3813983486126782
0.5497508238297615
-0.7430302544853373
-0.46398912725678976
-0.41737146231670863
-0.973136967389022
0.6383333441691206
0.6961999033207549
-0.7064633772835978
0.7918970186825036
-0.2788406012023361
-0.09618409222364077
-0.801736858147627
-0.16734708118413644
-0.6693854308569891
-0.8114708748248123
0.26673648787213833
0.6246377274791042
-0.9926656843749406
-0.5133179245190329
0.47485019111092
-0.03641241193044453
0.9733662018149241
-0.8999148017111132
0.35758569467931434
0.8294668995143448
-0.9430945630288876
-0.8581205160290064
-0.3522028360502947
0.9342992302238797
-0.26554010981569554
-0.8954871723234468
0.5403716708297897
0.7480107683448713
-0.6667244271791912
0.3051236418643455
-0.27320499891700667
-0.9732362391313967
-0.9060693266911659
-0.1500698515409935
-0.11370803074987657
-0.06490483344382358
-0.32187567474720113
-0.7792101147843231
-0.3204254708436307
0.6720583915743319
-0.07948972303122348
-0.6230905541606235
-0.7971405907746565
0.9792881656311894
-0.1752224436595009
-0.5596954706348423
-0.03939744796801614
0.8464395096497463
-0.6154211342705056
0.4505726675016697
0.42740895923726896
0.5873205940542725
-0.7168816775959947
-0.9583185169987494
-0.9879158997313777
-0.031019225205392242
0.759256684046649
-0.017714899557460084
0.12392415796398892
-0.5394406081085417
0.8973142405841694
0.18957385870153254
0.40061962605451473
-0.44884410590801993
0.5547762047331304
0.0808061537477871
0.9053596574258993
0.1464823094690233
-0.2205578709333511
0.6543882874655353
-0.5306089093308437
0.015993428272052634
-0.26409531162515765
0.5979976981673336
0.8893698058252852
0.31395101936625824
-0.6658136440214768
0.6659161679338781
0.2549584578684432
0.2974543096420037
-0.16929614536265047
-0.1468540594462271
-0.7367525665942178
0.3458319856670309
-0.37146881830506984
0.8973022370812627
0.40181958681820173
-0.9860174369332508
0.769959363777992
-0.3894546672358241
-0.7411526148338214
-0.9425133239205998
0.15564654377528298
0.17026354763475182
0.15946435689541683
0.027730616487334547
-0.8381941570045277
-0.09511406314088666
0.9277566148206986
0.40871285217420206
0.9752007023608766
-0.23937601707860257
-0.25203660088803925
0.0603609574055457
-0.902688086793668
-0.08459476901665353
-0.671753635223187
-0.4289016655261786
0.27254865392463645
0.46383848030979435
0.6957633280621678
-0.062256619381174216
-0.6645965109393954
0.8547854610042753
0.920146698637297
-2.7621367817198816e-05
0.3403540750866596
-0.1348846224440725
0.49414161699695436
0.7754423336479663
0.953764041140593
0.580258390864645
-0.8203744571044469
-0.4117232644202362
-0.7692894758408848
-0.014518987445466758
0.4186708279390139
0.04805612805306958
0.6554466381768713
-0.7224443687425999
-0.9596417062598546
0.05931439457113763
0.6776914197905113
0.19603756482764823
0.4639721604589231
0.6989725676408702
0.05039405257659957
0.7496381265699334
0.9128560045344158
-0.4811958101629894
-0.9085005202827989
0.09252406244391986
-0.8915389063369483
-0.24494303323119127
-0.2641936322247287
0.033550682165573775
0.07091255845540423
-0.8639097142153245
-0.5955539724988268
-0.3825281015970319
-0.46398713454048934
0.9582586639230151
-0.7504215618699066
-0.41616152584324073
-0.9060658819159191
-0.21553152473516768
-0.9586583886902347
0.24518295704947235
-0.8472629505097389
0.1348597977457331
-0.021816129889992153
0.9748011467734976
0.9286084527881018
-0.3302878248538763
-0.6410831232166303
-0.8615623025336829
0.4462926520747472
-0.9448255717537839
0.3092411195054945
0.04701487231996904
-0.8235909918342494
-0.3112429320169867
0.5559855324857352
0.5182470712141345
-0.005253252719035872
-0.5157102410781484
0.7567670804442583
-0.134804132920195
-0.7375182675781446
0.5959805264795583
-0.2851207990174047
-0.11012834754198297
-0.037754796783432854
0.7438321862982951
0.9453337345146844
-0.7001598091190129
0.29849239417464624
0.7423730966146573
-0.02143160091883467
-0.9825975001335203
0.15308645320064573
0.9545372037758493
-0.1278822296415405
-0.3705460073454643
-0.35935875602128853
-0.6266579804676224
0.6327699399403262
-0.32144799939771995
0.2863480608208717
-0.6610072707992556
-0.16098318669367995
-0.6220055853273252
0.9738360772681727
-0.31914587198842637
-0.29078555396275396
-0.8371246968444028
-0.6625045806116157
-0.881364717365877
0.2181512039576341
-0.1102106763340227
-0.7439774391646505
-0.953324223664251
0.22420054095644448
0.6640740025435923
0.6714279709848414
0.5352347355535483
0.16709256297198394
-0.31906737440862454
0.9252293013902055
-0.6736391750186022
0.99221643197384
0.6430808821407781
0.853171880683631
-0.7693315014864639
-0.3776310874111659
-0.10031116798064321
-0.04954625942732682
0.4495292373413282
0.5003526453219345
0.04556406016826231
-0.6938285400971123
-0.37621312012346775
-0.5256927706071923
-0.0067846223385661375
-0.4871483244396557
-0.26349618593552315
-0.08042423121278452
-0.871265750002244
0.4424902714859802
-0.46821353746471694
-0.47869917669119455
0.6715324254996604
0.6247068730360303
0.8823596152480508
0.6948195647879083
-0.3501252085072901
-0.02990536898388374
0.4396835554485585
0.03694606089971941
0.29234697585386216
0.9327449278995419
0.8575396980543557
0.35034652779710185
0.4014129442589771
0.540821919399129
-0.7831028077399209
0.8073920198801463
0.9951236055380317
-0.12645578133940627
0.18636784992844024
0.6816809956690095
-0.05909747290538481
0.5370635446724767
-0.9117307154635867
0.6242076992951635
-0.7049245625444598
-0.8506830815761968
0.9739783776081594
0.8770719627703265
0.720295252576129
0.6393988369977619
-0.7279100690937215
-0.6227001414178901
-0.7366014086299204
0.2691137856679948
-0.20088733964082905
-0.3374576080532987
-0.4201494287353831
-0.9731177690154726
0.4913558578091679
-0.9205047385980165
0.06234595983561686
0.1532726823988526
-0.15553909935979338
0.7880642282862529
0.43432824632905076
0.2891599658860886
0.13805871135215075
-0.2491629434892213
0.09578526268178056
0.44061486983570486
-0.630935097858011
0.1236709869885313
0.5125093336010689
-0.8384849228531903
-0.4924874803645156
-0.07162588804864245
-0.20090517062399993
0.9585307723614678
0.0736943624494002
0.8054521354384316
-0.6787248618760975
0.97032531902821
-0.8690932081621756
0.9763586178645263
0.7872119355160812
0.193324091545793
