4.6469870169204865
5.168515621057802
4.386698221483259
5.044368645008575
0.6244179621108021
4.5934939660170055
5.899013803592261
3.9066053481120564
6.210386501177749
1.5243015043709158
1.400876972075432
6.074134864653063
0.12721213609840396
0.360077605444979
6.121817482782293
1.3741863167938715
3.1445750945533537
5.411727981413858
5.183683995875113
0.1267324207359939
1.9188471811530792
4.748065384959111
2.121201717173864
5.9204165659933246
3.8654350356970206
5.884841966979187
0.7577150724983224
5.649455914951927
0.3709930148907933
2.5832588713575975
