0.9993783515344004
1.0224415604666033
1.014633683949294
1.0036997271085493
1.0044411865300693
0.992761522594533
1.0036478386276366
1.0220829574560513
1.0091150452874398
0.9748323710323414
1.0051989655922682
1.0075507363877112
1.0003298342488318
1.014115074844956
1.003214247739932
0.9915747462978669
1.0044932103537634
0.9945624869551207
0.982021270155591
1.0166288769351424
1.0075943459993486
0.9863763064256645
1.0086393934592766
1.059536537920066
1.036401054783245
1.024752228294813
0.991007379188305
0.990994243258853
1.0319663084188446
1.0048121160167496
1.0041560836104595
0.9903748690572369
1.0167045234473469
0.9914084359125472
1.0226814600897247
0.9856066956879581
0.9963619378465899
0.9924066462485688
1.0150611273323045
0.9849652185630529
1.0322644864537378
1.0178435490523334
1.0159727175731303
1.0107145792225865
0.9866937789050176
0.9891401870992578
1.0259302737343472
1.0110391239519314
1.020395812680443
1.0252475417140585
