1.0005258314744445
0.9941558831160183
0.9998229469437613
1.015124892837679
0.9994756570958554
0.9999962733317219
1.0009763830975542
0.9978564828101301
0.9999621296970649
0.9987502421097041
0.9869095052805577
1.0022848898435548
0.9975657103408162
0.9966886608001686
1.002941148456396
1.0120223936537935
1.0103248963732088
1.0023490112586722
1.000505633303662
1.0060355159334
1.0411790829293888
1.0038577813584333
1.0022874154656733
1.0063673652009537
1.0074964773001824
0.9949906346797894
1.001554969750076
0.9958897966943376
1.012146149399398
1.0051111647822122
1.0062926809831536
1.0057915560660078
0.9896036731741289
1.0126706203893419
1.0195953181678323
0.9984843061485956
0.9987625578768041
1.0005119522453934
1.0049389975554608
1.000117941444033
1.0066116931693614
1.0002493345770291
1.0106025321546444
1.0027377908516224
0.9864119036525875
1.0006981018420598
0.9991479793731403
1.003672405295261
1.0020928251399526
0.9969947781887513
