0.4563078229488089
0.523247675223961
0.45162948582249673
0.07383226119254593
0.9757691172837066
0.11417557793876565
-0.2060697298834746
0.45887847462016285
-0.2455852842003441
-0.006054950569597928
0.05597107569734949
0.3737905009307687
0.7495193042706394
-0.9856862121560155
0.4601733754278201
-0.5840927345958933
-0.7071181397321002
0.9067783765093043
0.33876400270828233
0.8099229978148306
-0.8993592655245395
-0.978433805357547
0.23761561388126617
0.360633875824266
0.3125484082422967
0.4275366731432735
-0.29468510615931853
-0.32656042103494776
-0.49094223796191727
-0.012684364439214946
-0.7042461141145671
-0.8675872761738495
-0.24903297587861872
0.4183121948973816
0.33918238457272154
-0.9649034292711196
-0.5188739530447382
0.8194965131991445
-0.16242997537966986
0.5643107846921673
-0.13875801753188566
0.3251290361097656
0.7024280691941649
0.14077053915985815
-0.11146854198806722
-0.1338320363245813
0.9926468106852198
0.07556849246175923
-0.5591936785203582
0.4843382352853498
-0.10824185775366302
0.2781962317727955
0.8557038226047511
0.37003946300714907
-0.6600556104340454
0.5042752617545532
-0.9071476575733946
-0.6654175972267347
0.05031399055077612
0.011504810426698375
0.4721594267164775
0.4382983051835163
0.5762528221241603
0.5173192282426153
